Symbol: Ne
Atomic Number: 10
Atomic Mass: 20.179700
Start Spectral Index: 9
1 1595
2 1914
3 910
4 86
7 428
8 444
9 23
End Spectral Index:
Order of Magnitude: 0.000001
Start Spectral Lines:
9 0.001155
8 0.001159
8 0.001190
8 0.001190
8 0.001191
8 0.001191
8 0.001193
8 0.001193
8 0.001246
9 0.001345
8 0.001347
8 0.001347
8 0.001349
8 0.001349
8 0.001353
8 0.001353
8 0.001356
8 0.001366
8 0.001368
8 0.001368
8 0.001371
8 0.001371
8 0.001383
8 0.001383
8 0.001383
8 0.001384
8 0.001384
7 0.001384
7 0.001384
7 0.001384
7 0.001388
7 0.001388
7 0.001388
7 0.001388
7 0.001394
7 0.001394
8 0.001417
8 0.001418
8 0.005382
8 0.005431
8 0.005501
8 0.005501
8 0.005605
8 0.005605
8 0.005775
8 0.005775
8 0.005838
8 0.005841
8 0.005917
8 0.005920
8 0.005921
8 0.006035
8 0.006041
8 0.006041
8 0.006052
8 0.006055
8 0.006080
8 0.006080
8 0.006146
8 0.006146
8 0.006149
8 0.006173
8 0.006173
8 0.006175
8 0.006230
8 0.006236
8 0.006236
8 0.006255
8 0.006258
8 0.006440
8 0.006441
8 0.006443
7 0.006509
7 0.006509
7 0.006514
7 0.006517
8 0.006542
8 0.006543
8 0.006545
8 0.006582
7 0.006585
8 0.006590
8 0.006590
8 0.006626
8 0.006633
8 0.006663
8 0.006665
8 0.006667
8 0.006671
8 0.006672
8 0.006674
7 0.006708
7 0.006711
8 0.006738
8 0.006739
8 0.006777
8 0.006779
7 0.006781
8 0.006781
7 0.006802
7 0.006817
7 0.006831
7 0.006831
7 0.006894
7 0.006904
7 0.006977
7 0.007098
7 0.007099
7 0.007100
7 0.007104
7 0.007104
7 0.007322
8 0.007347
8 0.007356
8 0.007357
7 0.007399
7 0.007400
7 0.007401
7 0.007402
7 0.007403
7 0.007423
9 0.007435
9 0.007437
9 0.007438
8 0.007454
7 0.007455
7 0.007455
7 0.007455
7 0.007461
7 0.007464
8 0.007464
7 0.007467
7 0.007469
7 0.007496
7 0.007496
7 0.007549
7 0.007555
7 0.007576
7 0.007652
7 0.007725
7 0.007730
9 0.007820
9 0.007821
9 0.007822
9 0.007826
9 0.007830
9 0.007830
9 0.007831
7 0.007866
8 0.007871
7 0.007888
8 0.007901
8 0.007902
8 0.007906
8 0.007931
8 0.007932
8 0.007935
8 0.008009
8 0.008010
8 0.008014
7 0.008053
7 0.008062
7 0.008137
9 0.008158
7 0.008208
7 0.008216
7 0.008219
7 0.008220
7 0.008227
7 0.008330
7 0.008375
8 0.008375
8 0.008376
8 0.008380
7 0.008419
7 0.008421
7 0.008429
7 0.008453
7 0.008456
7 0.008458
7 0.008516
7 0.008517
7 0.008522
7 0.008528
7 0.008529
7 0.008538
7 0.008538
7 0.008542
7 0.008543
7 0.008580
7 0.008582
7 0.008585
8 0.008614
8 0.008624
7 0.008626
7 0.008628
7 0.008631
8 0.008636
7 0.008678
7 0.008682
8 0.008681
8 0.008684
8 0.008687
7 0.008754
7 0.008759
7 0.008763
7 0.008766
7 0.008771
7 0.008780
7 0.008786
7 0.008792
8 0.008809
8 0.008812
7 0.008828
7 0.008885
8 0.008889
8 0.008894
8 0.008903
7 0.008923
7 0.008937
7 0.008964
7 0.009137
7 0.009156
8 0.009212
8 0.009219
8 0.009226
8 0.009265
7 0.009285
7 0.009316
7 0.009320
7 0.009322
7 0.009325
8 0.009380
7 0.009377
7 0.009380
7 0.009383
7 0.009428
7 0.009428
7 0.009431
7 0.009436
7 0.009437
7 0.009440
7 0.009457
7 0.009486
7 0.009489
7 0.009498
7 0.009583
7 0.009583
7 0.009586
7 0.009589
7 0.009594
7 0.009599
7 0.009612
7 0.009639
7 0.009643
7 0.009653
8 0.009697
8 0.009700
8 0.009705
7 0.009724
7 0.009735
7 0.009750
7 0.009810
8 0.009812
8 0.009826
8 0.009827
7 0.010090
7 0.010255
7 0.010259
7 0.010263
8 0.010291
8 0.010308
7 0.010308
7 0.010414
7 0.010425
7 0.010445
7 0.010449
7 0.010454
7 0.010520
7 0.010604
7 0.010608
7 0.010609
7 0.010619
7 0.010620
7 0.010620
7 0.010636
7 0.010643
7 0.010685
7 0.010710
7 0.010763
7 0.010769
7 0.010779
7 0.010790
7 0.010854
7 0.010975
7 0.010978
7 0.010982
7 0.010988
7 0.010993
7 0.010999
7 0.011053
7 0.011056
7 0.011059
7 0.011064
7 0.011067
7 0.011070
7 0.011101
7 0.011181
7 0.011233
7 0.011244
7 0.011281
7 0.011328
7 0.011335
7 0.011405
7 0.011407
7 0.011411
7 0.011533
7 0.011539
7 0.011552
7 0.011596
7 0.011626
7 0.011669
7 0.011771
7 0.011778
7 0.011791
7 0.011913
7 0.011914
7 0.012020
7 0.012027
7 0.012033
7 0.012035
7 0.012042
7 0.012048
7 0.012118
7 0.012178
7 0.012386
7 0.012437
7 0.012453
7 0.012485
7 0.012767
7 0.013100
8 0.013193
7 0.013411
8 0.013488
7 0.013529
7 0.013533
7 0.013538
7 0.013540
7 0.013550
7 0.013554
7 0.013582
7 0.013591
7 0.013607
7 0.013744
8 0.013925
8 0.013925
7 0.014063
7 0.014069
7 0.014127
8 0.014147
8 0.014157
8 0.014401
8 0.014404
8 0.014615
8 0.014616
8 0.014624
8 0.014634
8 0.014634
8 0.014895
8 0.014899
8 0.014910
8 0.014913
4 0.015182
4 0.015223
8 0.015392
8 0.015389
8 0.015395
8 0.015464
8 0.015476
8 0.015673
8 0.015674
7 0.015739
7 0.015810
8 0.015826
8 0.015827
4 0.015865
4 0.015882
8 0.016340
8 0.016725
8 0.016726
8 0.016732
8 0.016871
8 0.016885
8 0.017065
8 0.017067
8 0.017111
8 0.017113
8 0.017115
4 0.017262
4 0.017716
8 0.018356
8 0.018358
4 0.018658
8 0.019010
4 0.019428
8 0.019518
8 0.019527
8 0.019897
8 0.019916
8 0.019996
8 0.020001
8 0.020104
8 0.020105
7 0.020156
7 0.020332
7 0.020334
7 0.020335
3 0.020415
3 0.020425
3 0.020435
3 0.020450
3 0.020450
3 0.020480
3 0.020480
3 0.020485
3 0.020485
3 0.020520
3 0.020530
3 0.020530
3 0.020641
3 0.020679
3 0.020840
3 0.020840
4 0.020848
3 0.020869
3 0.020869
3 0.020869
4 0.020873
3 0.020885
4 0.020890
3 0.020890
3 0.021150
3 0.021222
3 0.021251
4 0.021255
4 0.021256
4 0.021257
4 0.021258
7 0.021335
7 0.021367
7 0.021368
7 0.021370
3 0.021550
3 0.021580
3 0.021580
3 0.021733
3 0.021733
3 0.021734
3 0.021764
3 0.021764
3 0.021777
3 0.021813
3 0.021818
3 0.021834
3 0.021835
3 0.021844
3 0.021844
3 0.021849
3 0.021849
3 0.021850
7 0.021850
3 0.021863
3 0.021864
3 0.021865
3 0.021876
3 0.021877
3 0.021888
3 0.021958
3 0.021960
3 0.022309
3 0.022310
3 0.022310
4 0.022324
3 0.022341
3 0.022341
4 0.022360
3 0.022358
7 0.022626
3 0.022737
3 0.022747
3 0.022750
3 0.022754
3 0.022776
3 0.022777
3 0.022778
3 0.022781
3 0.022785
3 0.022884
3 0.022888
3 0.022889
3 0.022891
3 0.022920
3 0.022921
3 0.022927
3 0.022998
3 0.023028
3 0.023132
4 0.023432
4 0.023470
7 0.023486
7 0.023487
7 0.023488
3 0.023500
7 0.023552
7 0.023556
7 0.023556
3 0.023820
3 0.023858
3 0.023866
3 0.024092
3 0.024160
7 0.024168
3 0.024201
7 0.024513
7 0.024521
7 0.024563
3 0.024560
7 0.024635
7 0.024734
7 0.024755
7 0.024758
7 0.025032
7 0.025040
7 0.025089
3 0.025114
3 0.025114
7 0.025149
3 0.025155
3 0.025155
3 0.025173
8 0.025179
8 0.025309
8 0.025316
7 0.025523
8 0.025604
7 0.025598
8 0.025608
8 0.025625
8 0.025627
1 0.025637
1 0.025648
1 0.025662
7 0.025666
7 0.025668
1 0.025688
1 0.025720
1 0.025769
1 0.025849
7 0.025867
8 0.025875
8 0.025889
7 0.025952
1 0.025998
8 0.026030
8 0.026037
7 0.026115
8 0.026229
8 0.026231
8 0.026241
8 0.026242
1 0.026310
7 0.026533
3 0.026703
3 0.026703
8 0.026718
8 0.026733
3 0.026749
3 0.026749
3 0.026749
3 0.026769
8 0.026906
8 0.027092
8 0.027097
8 0.027111
8 0.027117
8 0.027119
1 0.027220
8 0.027231
8 0.027606
8 0.027949
8 0.027965
8 0.028227
3 0.028250
8 0.028261
8 0.028266
3 0.028314
3 0.028316
3 0.028318
8 0.028358
8 0.028363
3 0.028366
3 0.028367
8 0.028374
8 0.028385
3 0.028388
8 0.028387
8 0.028516
2 0.028631
8 0.028661
2 0.028695
8 0.028701
8 0.028703
2 0.028807
2 0.028872
8 0.028910
2 0.029083
2 0.029149
8 0.029235
8 0.029245
7 0.029429
2 0.029517
2 0.029585
2 0.029633
2 0.029702
8 0.029709
8 0.029712
8 0.029870
8 0.029874
8 0.029892
8 0.029914
3 0.030112
7 0.030170
7 0.030227
7 0.030265
7 0.030265
8 0.030348
8 0.030351
7 0.030361
8 0.030368
8 0.030369
2 0.030381
2 0.030381
2 0.030454
2 0.030458
2 0.030473
2 0.030480
2 0.030488
2 0.030498
2 0.030551
2 0.030561
2 0.030571
2 0.030717
2 0.030766
7 0.030768
2 0.030777
2 0.030778
2 0.030851
2 0.030855
3 0.030857
2 0.030905
2 0.030917
2 0.030930
2 0.030991
2 0.031038
2 0.031064
7 0.031084
2 0.031099
2 0.031111
2 0.031120
7 0.031117
2 0.031123
2 0.031136
2 0.031141
2 0.031196
3 0.031306
2 0.031322
2 0.031354
2 0.031357
2 0.031361
3 0.031369
2 0.031382
2 0.031388
3 0.031396
2 0.031399
2 0.031408
2 0.031426
2 0.031434
2 0.031443
2 0.031447
2 0.031456
2 0.031459
7 0.031463
2 0.031467
2 0.031471
2 0.031485
2 0.031520
2 0.031528
8 0.031797
8 0.031800
2 0.031845
2 0.031883
2 0.031906
2 0.031914
2 0.031925
2 0.031930
2 0.031936
2 0.031942
2 0.031947
2 0.031948
2 0.031957
2 0.031958
2 0.031962
2 0.031985
2 0.031992
2 0.032000
2 0.032010
2 0.032016
2 0.032027
2 0.032028
2 0.032072
2 0.032072
2 0.032089
3 0.032270
7 0.032440
2 0.032457
2 0.032457
2 0.032539
7 0.032542
2 0.032607
2 0.032652
2 0.032654
2 0.032679
7 0.032681
2 0.032724
2 0.032726
2 0.032735
2 0.032762
7 0.032773
7 0.032775
2 0.032809
2 0.032809
2 0.032847
2 0.032898
2 0.032903
7 0.032918
2 0.032932
2 0.032947
7 0.032972
2 0.032973
2 0.032977
2 0.032982
2 0.032987
2 0.032995
2 0.033008
2 0.033015
2 0.033021
2 0.033022
2 0.033023
2 0.033032
7 0.033051
2 0.033063
2 0.033066
2 0.033079
2 0.033093
2 0.033106
2 0.033106
2 0.033107
2 0.033118
2 0.033128
2 0.033151
2 0.033192
2 0.033204
8 0.033209
8 0.033220
7 0.033358
7 0.033381
7 0.033491
7 0.033496
7 0.033572
7 0.033573
8 0.033793
8 0.033797
8 0.033812
8 0.033814
7 0.034226
7 0.034315
7 0.034417
7 0.034524
7 0.034626
7 0.034633
7 0.034685
7 0.034688
7 0.034763
7 0.034892
7 0.035097
7 0.035159
2 0.035225
7 0.035292
2 0.035296
2 0.035321
7 0.035366
2 0.035376
2 0.035393
2 0.035414
7 0.035460
2 0.035461
2 0.035474
2 0.035496
2 0.035512
2 0.035545
2 0.035566
2 0.035584
2 0.035589
2 0.035594
2 0.035595
7 0.035598
7 0.035599
7 0.035602
2 0.035613
2 0.035617
2 0.035644
2 0.035654
2 0.035680
2 0.035688
2 0.035693
2 0.035716
2 0.035754
4 0.035783
2 0.035788
2 0.035801
2 0.035814
4 0.035869
4 0.035873
2 0.035888
2 0.035901
2 0.036143
2 0.036245
7 0.036258
7 0.036262
7 0.036360
7 0.036428
7 0.036634
7 0.036751
7 0.036756
7 0.036935
7 0.036980
7 0.037065
7 0.037168
7 0.037243
7 0.037311
7 0.037312
7 0.037357
7 0.037490
7 0.037493
7 0.037715
7 0.037889
7 0.037924
3 0.037931
8 0.038148
8 0.038152
7 0.038468
7 0.038514
4 0.038714
4 0.038715
4 0.038821
4 0.038822
7 0.039081
7 0.039193
7 0.039292
8 0.039425
7 0.039706
7 0.039879
7 0.039993
7 0.040114
8 0.040155
8 0.040170
7 0.040326
7 0.040514
2 0.040585
2 0.040585
8 0.040676
2 0.040714
8 0.040972
8 0.040978
8 0.040999
8 0.041001
4 0.042160
4 0.042161
3 0.042785
2 0.044504
2 0.044626
2 0.044659
2 0.044781
2 0.045465
2 0.045527
2 0.045627
2 0.045635
2 0.045690
2 0.046073
2 0.046239
7 0.046522
4 0.046977
4 0.046982
4 0.046987
4 0.046992
3 0.048811
3 0.048887
3 0.048950
3 0.048965
3 0.049031
8 0.049067
3 0.049105
8 0.050826
8 0.050839
3 0.051341
3 0.051366
8 0.051415
8 0.051419
3 0.051483
8 0.051482
8 0.051484
8 0.051486
3 0.051520
3 0.051580
4 0.052174
4 0.052175
4 0.052182
7 0.052421
7 0.052616
7 0.052804
3 0.052813
7 0.053470
3 0.054102
4 0.054113
4 0.054207
3 0.054294
3 0.054297
4 0.054389
8 0.055388
8 0.055393
7 0.055861
7 0.055995
7 0.056125
7 0.056138
7 0.056173
7 0.056299
7 0.056453
8 0.057093
8 0.057127
1 0.057328
1 0.057338
1 0.057340
1 0.057349
1 0.057353
1 0.057363
1 0.057367
1 0.057379
1 0.057384
1 0.057398
1 0.057405
1 0.057422
1 0.057430
1 0.057452
1 0.057461
8 0.057476
1 0.057489
1 0.057502
8 0.057508
1 0.057537
1 0.057554
1 0.057585
1 0.057595
1 0.057598
1 0.057600
1 0.057607
1 0.057610
1 0.057621
1 0.057623
1 0.057625
1 0.057637
1 0.057642
1 0.057656
1 0.057657
1 0.057663
1 0.057680
1 0.057681
1 0.057686
1 0.057688
1 0.057710
1 0.057711
1 0.057717
1 0.057720
1 0.057748
1 0.057749
1 0.057760
1 0.057796
1 0.057797
1 0.057807
1 0.057813
1 0.057851
1 0.057861
1 0.057862
1 0.057882
1 0.057947
1 0.057949
1 0.057977
1 0.057984
1 0.058051
1 0.058069
1 0.058071
1 0.058112
1 0.058247
1 0.058251
1 0.058260
1 0.058313
1 0.058369
8 0.058373
8 0.058378
8 0.058402
8 0.058404
8 0.058406
1 0.058525
1 0.058530
1 0.058631
1 0.058721
1 0.058918
1 0.058991
1 0.059001
1 0.059183
1 0.059592
1 0.059871
1 0.059889
1 0.060004
1 0.060273
8 0.061203
8 0.061235
1 0.061563
1 0.061867
1 0.061910
8 0.062662
1 0.062682
1 0.062974
8 0.063147
8 0.063156
8 0.063255
8 0.063280
8 0.063346
8 0.063346
3 0.065586
3 0.065591
3 0.065837
3 0.065837
3 0.065842
3 0.069670
8 0.071222
8 0.071245
8 0.072111
8 0.072328
8 0.072533
8 0.072541
8 0.072562
8 0.072661
8 0.072665
8 0.072672
8 0.072686
8 0.072719
8 0.072956
8 0.073143
1 0.073590
1 0.074372
7 0.075695
7 0.076181
7 0.076399
3 0.076472
7 0.076697
7 0.076832
8 0.077041
8 0.078032
3 0.080160
7 0.081283
3 0.082099
3 0.082121
3 0.082157
3 0.082829
3 0.083184
3 0.083196
3 0.083204
3 0.084119
3 0.084135
3 0.084143
3 0.084413
3 0.084419
3 0.084422
7 0.084486
3 0.084638
3 0.084666
3 0.084709
3 0.084941
3 0.085577
3 0.086590
3 0.087012
3 0.087023
3 0.087037
3 0.087302
3 0.087390
3 0.087398
8 0.087962
3 0.088140
3 0.088236
7 0.088729
7 0.089516
8 0.090964
3 0.091772
3 0.091853
8 0.092157
8 0.092173
8 0.092249
8 0.092261
8 0.092265
3 0.092504
3 0.092531
3 0.092576
3 0.093774
3 0.093804
3 0.093845
3 0.094467
7 0.096433
7 0.096858
7 0.097330
7 0.097800
3 0.098643
3 0.098644
3 0.098646
3 0.098647
3 0.098651
3 0.098980
3 0.098990
3 0.098991
2 0.099225
2 0.099388
3 0.101451
3 0.101514
3 0.101540
3 0.102061
3 0.102094
3 0.102150
3 0.102705
3 0.102752
3 0.102783
3 0.103487
3 0.103489
3 0.103491
3 0.103492
3 0.103497
3 0.103570
3 0.103611
3 0.103657
3 0.104993
2 0.106676
2 0.106865
3 0.107375
2 0.107378
2 0.107431
2 0.107569
3 0.108312
2 0.108779
2 0.109063
3 0.109303
3 0.109311
8 0.110540
8 0.110580
3 0.111959
3 0.111960
3 0.111962
3 0.111964
3 0.111971
8 0.112920
8 0.113030
2 0.113172
2 0.113185
8 0.115020
8 0.115090
8 0.116220
8 0.116270
3 0.116496
8 0.116477
8 0.116488
8 0.116494
3 0.116501
3 0.116518
8 0.117004
8 0.117029
8 0.117143
8 0.117154
8 0.117160
3 0.120049
3 0.120064
3 0.120488
3 0.120580
3 0.120581
3 0.120743
3 0.120758
2 0.122969
2 0.122983
3 0.123165
3 0.123182
3 0.123188
3 0.123210
3 0.123673
2 0.123902
2 0.123917
9 0.124828
3 0.124892
3 0.125502
3 0.125569
3 0.125720
9 0.127291
9 0.127779
3 0.128800
3 0.128957
2 0.129390
3 0.129554
3 0.129556
3 0.129559
3 0.129561
3 0.129563
2 0.129805
3 0.130509
3 0.130527
3 0.130538
3 0.130559
3 0.130605
3 0.130613
3 0.130789
3 0.130824
3 0.130847
3 0.130871
3 0.130945
3 0.130973
3 0.132924
3 0.133413
3 0.135411
3 0.135433
2 0.135445
3 0.135469
3 0.135663
3 0.135671
2 0.135679
3 0.135696
2 0.137462
3 0.137502
2 0.137608
2 0.138151
2 0.138190
3 0.138268
3 0.138334
3 0.138366
2 0.138594
2 0.138752
2 0.138766
2 0.138849
2 0.139170
2 0.139185
3 0.139580
2 0.139953
2 0.139996
2 0.140081
2 0.140087
2 0.140314
2 0.140320
2 0.140368
2 0.140537
3 0.140681
3 0.140682
3 0.140705
3 0.140705
3 0.140728
3 0.140818
3 0.140841
2 0.140975
2 0.141131
2 0.141396
2 0.141572
2 0.141838
2 0.141868
2 0.141875
2 0.142356
2 0.142791
2 0.142858
3 0.142930
3 0.142943
3 0.142951
2 0.143608
2 0.144051
2 0.144119
3 0.144119
3 0.144263
2 0.144312
2 0.144618
3 0.144820
3 0.144844
3 0.144990
3 0.145018
3 0.145041
2 0.145054
3 0.145063
3 0.145091
3 0.145114
3 0.145114
3 0.145208
3 0.145259
2 0.145439
3 0.145505
3 0.145512
3 0.145529
3 0.145536
3 0.145555
3 0.145739
3 0.145856
3 0.145944
3 0.145997
3 0.146011
2 0.146071
3 0.146124
2 0.146274
2 0.147212
2 0.147246
3 0.147305
2 0.147389
3 0.147490
3 0.147509
3 0.147516
3 0.147525
3 0.147531
2 0.147596
2 0.147921
3 0.148027
3 0.148057
3 0.148074
3 0.148184
3 0.148236
2 0.148236
3 0.148254
2 0.148350
2 0.148423
3 0.148652
3 0.148744
2 0.148871
2 0.149026
3 0.149123
2 0.149133
2 0.149900
3 0.149936
3 0.149971
3 0.150147
3 0.150206
3 0.150226
3 0.150252
3 0.150260
2 0.150402
3 0.150799
3 0.150834
3 0.150941
3 0.150988
3 0.151148
2 0.151546
3 0.152244
3 0.152254
3 0.152269
3 0.152298
3 0.153154
3 0.153457
3 0.154055
2 0.154564
2 0.154763
2 0.155199
2 0.155570
2 0.155748
2 0.156239
2 0.156356
2 0.156591
2 0.156753
2 0.156870
2 0.156902
2 0.157029
3 0.157073
3 0.157257
3 0.157381
2 0.157586
2 0.157647
2 0.157876
2 0.157914
3 0.158468
3 0.158517
3 0.158540
3 0.158543
3 0.158565
3 0.158568
3 0.158646
3 0.158656
2 0.159640
3 0.159754
2 0.159797
2 0.160008
4 0.160150
4 0.160150
4 0.160168
4 0.160168
2 0.160401
2 0.160409
3 0.160473
2 0.160829
2 0.160851
2 0.160986
3 0.163489
3 0.163521
3 0.163779
3 0.163807
3 0.163817
3 0.163925
2 0.164329
2 0.164749
2 0.166806
3 0.167030
3 0.167073
2 0.167074
3 0.167075
3 0.167122
3 0.167141
2 0.167429
2 0.167969
2 0.168104
2 0.168168
2 0.168326
3 0.168799
2 0.168836
3 0.168878
3 0.168881
3 0.168883
3 0.168938
3 0.168961
3 0.168980
3 0.168981
3 0.169127
3 0.169139
3 0.169415
3 0.169438
2 0.169448
2 0.169460
2 0.169479
2 0.169488
3 0.169508
2 0.169597
3 0.169685
3 0.169784
3 0.169808
2 0.171207
2 0.172339
2 0.173065
2 0.173734
2 0.173874
2 0.174287
2 0.174428
2 0.174442
2 0.175122
2 0.175170
2 0.175684
2 0.175811
2 0.175855
2 0.175860
2 0.176373
2 0.176501
2 0.176590
8 0.176598
8 0.176602
2 0.176790
2 0.176809
3 0.177619
2 0.177828
2 0.177875
3 0.178348
2 0.178378
2 0.178961
2 0.179652
2 0.179720
2 0.179828
3 0.179994
8 0.180105
2 0.180073
3 0.180089
2 0.180311
2 0.180373
2 0.180667
3 0.180732
3 0.180760
2 0.180822
3 0.180834
3 0.180836
3 0.180882
3 0.180902
3 0.180917
3 0.180964
3 0.180989
3 0.181012
3 0.181013
3 0.181013
3 0.181032
3 0.181045
3 0.181067
3 0.181187
3 0.181221
3 0.181456
8 0.182000
3 0.182247
3 0.182255
3 0.182265
3 0.182275
3 0.182281
2 0.182534
2 0.182535
2 0.182666
2 0.182683
2 0.183148
2 0.183391
3 0.183600
3 0.183852
8 0.183905
3 0.183927
3 0.183948
3 0.183973
3 0.184061
3 0.184065
3 0.184135
3 0.184164
3 0.184204
3 0.184210
3 0.184234
2 0.184234
3 0.184296
3 0.184304
3 0.184359
2 0.184391
3 0.184446
3 0.184497
3 0.184514
2 0.184600
2 0.184725
3 0.184806
3 0.184872
2 0.184882
2 0.184938
3 0.184940
3 0.184972
3 0.184976
3 0.185047
3 0.185123
3 0.185179
3 0.185208
3 0.185230
3 0.185295
2 0.185312
3 0.185313
3 0.185328
2 0.185345
3 0.185352
3 0.185387
3 0.185388
2 0.185403
2 0.185404
3 0.185413
3 0.185469
3 0.185482
2 0.185498
3 0.185540
3 0.185562
9 0.185600
3 0.185626
3 0.185652
3 0.185675
3 0.185696
2 0.185756
2 0.185795
2 0.185841
8 0.185795
2 0.185902
3 0.185917
2 0.185936
2 0.186114
3 0.186506
3 0.186513
3 0.186514
3 0.186663
3 0.186946
3 0.187037
2 0.187110
2 0.187229
2 0.187272
2 0.187349
2 0.187368
2 0.187387
8 0.187520
8 0.187605
2 0.187600
2 0.187739
2 0.187768
2 0.187988
3 0.188021
2 0.188169
2 0.188248
2 0.188248
2 0.188380
2 0.188811
2 0.188971
2 0.189136
2 0.189137
2 0.189173
2 0.189387
2 0.189507
2 0.189584
2 0.189781
2 0.189980
2 0.190019
2 0.190070
2 0.190451
2 0.190469
2 0.190650
2 0.190749
8 0.191080
8 0.191125
8 0.191275
2 0.191473
2 0.191608
7 0.191620
2 0.192018
2 0.192322
2 0.192417
3 0.192518
3 0.192537
3 0.192560
3 0.192578
3 0.192588
3 0.192605
3 0.192618
3 0.192640
2 0.192755
3 0.192765
3 0.192861
2 0.192879
8 0.192830
8 0.192860
2 0.192964
2 0.192964
2 0.193004
2 0.193033
2 0.193034
3 0.193076
8 0.193125
8 0.193145
8 0.193150
3 0.193102
3 0.193102
3 0.193144
3 0.193173
3 0.193221
2 0.193275
2 0.193353
2 0.193364
8 0.193381
8 0.193420
8 0.193429
8 0.193440
8 0.193440
8 0.193450
8 0.193460
2 0.193642
8 0.193575
2 0.193883
2 0.193988
8 0.194200
8 0.194200
8 0.194215
8 0.194255
8 0.194300
2 0.194488
3 0.194530
2 0.194545
3 0.194548
3 0.194600
3 0.194665
3 0.194747
3 0.194848
2 0.194945
2 0.194970
2 0.195028
3 0.195075
3 0.195137
3 0.195152
2 0.195173
3 0.195209
3 0.195231
3 0.195312
2 0.195405
3 0.195519
3 0.195540
3 0.195541
3 0.195542
3 0.195602
3 0.195632
3 0.195675
3 0.195681
3 0.195763
3 0.195806
3 0.195821
3 0.195834
3 0.195885
3 0.195901
2 0.195999
2 0.196177
2 0.196178
8 0.196410
8 0.196519
8 0.196526
8 0.196530
8 0.196532
8 0.196560
8 0.196640
3 0.196682
3 0.196893
3 0.196913
3 0.196976
2 0.197162
3 0.197226
3 0.197433
3 0.197475
7 0.197700
2 0.197766
8 0.197900
7 0.198197
3 0.198224
2 0.198258
2 0.198905
7 0.199206
2 0.199410
2 0.199528
7 0.199735
2 0.199867
3 0.199943
3 0.200136
3 0.200214
2 0.200252
3 0.200289
3 0.200349
2 0.200458
2 0.200548
2 0.200766
8 0.200925
8 0.201045
3 0.201269
3 0.201269
3 0.201270
2 0.201280
2 0.201502
4 0.201832
4 0.201909
2 0.201930
4 0.202284
4 0.202362
2 0.202621
3 0.202925
2 0.203145
3 0.203396
3 0.203618
3 0.203996
3 0.204185
2 0.204308
3 0.205324
2 0.205479
3 0.205893
3 0.206347
3 0.206559
3 0.206597
3 0.207142
2 0.207208
2 0.207716
3 0.207963
2 0.208613
3 0.208757
3 0.208805
3 0.208955
3 0.209003
2 0.209133
3 0.209246
3 0.209307
3 0.209307
3 0.209419
3 0.209475
3 0.209612
2 0.209677
2 0.209692
3 0.209992
2 0.210167
3 0.210290
2 0.211946
2 0.211969
3 0.213009
7 0.213495
7 0.213500
7 0.214095
3 0.214875
3 0.215055
3 0.215130
3 0.215188
3 0.215239
3 0.215243
3 0.215376
7 0.216010
3 0.215997
3 0.216005
3 0.216019
3 0.216151
3 0.216165
3 0.216181
7 0.216200
3 0.216413
3 0.216429
3 0.216441
2 0.216688
3 0.216947
2 0.217119
2 0.217135
4 0.217510
4 0.217680
3 0.217731
3 0.217838
3 0.217934
3 0.218155
2 0.218246
3 0.218295
3 0.218391
4 0.218410
3 0.218723
2 0.218848
3 0.219091
2 0.219111
3 0.219178
3 0.219207
4 0.219330
3 0.219340
3 0.219452
3 0.219481
3 0.219497
3 0.219555
3 0.219774
3 0.219848
3 0.219902
3 0.219952
3 0.220035
3 0.220185
4 0.220250
3 0.220285
4 0.220457
3 0.220479
3 0.220564
3 0.220569
3 0.220659
3 0.220792
3 0.221000
2 0.221129
3 0.221251
3 0.221327
3 0.221441
3 0.221542
8 0.221550
3 0.221673
2 0.221924
4 0.222150
3 0.222528
3 0.222529
3 0.222530
2 0.222702
2 0.223051
2 0.223181
2 0.223249
2 0.223541
2 0.223656
2 0.223695
2 0.224293
2 0.225340
2 0.225350
2 0.225710
2 0.225751
2 0.225760
4 0.225872
4 0.226278
3 0.226281
3 0.226387
3 0.226475
4 0.226524
3 0.226553
3 0.226660
3 0.226678
3 0.226758
3 0.226758
3 0.227122
2 0.227333
3 0.227429
3 0.227966
3 0.228453
3 0.228454
4 0.228650
7 0.228870
4 0.229320
4 0.229385
4 0.229420
7 0.229775
7 0.229775
7 0.229800
7 0.229800
2 0.229916
7 0.229990
7 0.229990
3 0.229967
2 0.230095
2 0.230141
3 0.230460
3 0.230554
2 0.230554
2 0.230606
3 0.230617
7 0.230645
2 0.230667
3 0.230730
2 0.230734
3 0.230794
2 0.231109
2 0.231143
7 0.231300
2 0.231234
2 0.231243
2 0.231426
2 0.231581
2 0.231653
2 0.231777
7 0.231895
2 0.231918
3 0.232154
2 0.232289
2 0.232488
2 0.233000
8 0.233560
2 0.234046
2 0.234078
3 0.234258
4 0.235156
7 0.235385
4 0.235324
4 0.235868
2 0.235875
2 0.236284
4 0.236340
3 0.236359
3 0.236395
4 0.236400
2 0.236570
2 0.236587
3 0.236611
3 0.236614
4 0.236621
3 0.236647
3 0.236776
2 0.237038
4 0.237288
2 0.237554
2 0.237554
2 0.237621
2 0.238109
4 0.238493
4 0.238568
2 0.238777
2 0.238783
3 0.239138
3 0.239138
3 0.239139
3 0.239139
3 0.239140
3 0.239312
3 0.239314
3 0.239315
2 0.239444
2 0.239674
3 0.239869
3 0.240128
3 0.240315
3 0.240486
2 0.240512
4 0.240589
4 0.240592
8 0.240555
2 0.240731
3 0.240747
3 0.240774
2 0.240802
7 0.241200
3 0.241355
3 0.241366
3 0.241393
3 0.241429
3 0.241451
3 0.241456
2 0.241600
2 0.241723
2 0.241807
2 0.241848
3 0.241882
2 0.242064
4 0.242251
4 0.242251
3 0.242259
2 0.242287
2 0.242371
2 0.242418
3 0.242433
4 0.242515
4 0.242515
2 0.242529
3 0.242636
3 0.242759
3 0.242902
2 0.242919
2 0.242944
2 0.243006
2 0.243051
2 0.243076
2 0.243090
2 0.243170
2 0.243283
2 0.243421
3 0.243434
2 0.243535
2 0.243538
2 0.243639
2 0.243721
2 0.243751
2 0.243986
3 0.244004
2 0.244138
2 0.244218
3 0.244258
2 0.244289
2 0.244505
2 0.244588
3 0.245567
2 0.245589
2 0.245654
2 0.245673
3 0.245826
2 0.245909
2 0.245967
3 0.246147
2 0.246199
3 0.246303
3 0.246406
3 0.246887
2 0.246994
2 0.247075
3 0.247258
3 0.247413
2 0.247829
2 0.247899
2 0.247947
7 0.248600
8 0.248965
8 0.249045
3 0.249367
3 0.249553
3 0.250779
7 0.251405
2 0.251440
7 0.251695
7 0.251700
2 0.251887
2 0.251907
2 0.251963
2 0.252048
2 0.252051
7 0.252300
7 0.252300
3 0.252278
2 0.252423
7 0.252630
2 0.252563
8 0.252780
8 0.252830
2 0.253099
8 0.253115
8 0.253155
8 0.253165
8 0.253165
8 0.253170
2 0.253291
2 0.253296
2 0.253927
8 0.254990
8 0.255015
7 0.255500
7 0.255800
2 0.256130
1 0.256258
2 0.256257
2 0.256282
2 0.256289
8 0.256300
2 0.256519
2 0.256663
2 0.256789
2 0.256790
2 0.256815
7 0.256990
8 0.256860
8 0.256945
2 0.257220
2 0.257223
2 0.257367
2 0.257490
1 0.257531
1 0.257531
2 0.257870
2 0.257873
2 0.258018
7 0.258335
7 0.258340
2 0.258866
2 0.258873
1 0.259028
3 0.259077
1 0.259147
1 0.259142
7 0.259250
1 0.259192
3 0.259433
1 0.259532
1 0.259600
3 0.259643
7 0.259800
3 0.259804
7 0.260500
2 0.260678
2 0.260882
3 0.261079
2 0.261109
3 0.261219
3 0.261325
3 0.261420
1 0.261438
1 0.261438
1 0.261470
1 0.261502
3 0.261525
3 0.261663
1 0.261740
1 0.261980
1 0.261980
1 0.262057
2 0.262132
1 0.262189
2 0.262233
1 0.262369
2 0.262389
2 0.262424
2 0.262677
2 0.262896
2 0.262898
2 0.262911
2 0.263051
2 0.263067
2 0.263241
2 0.263275
3 0.263651
2 0.263685
2 0.263686
8 0.263640
8 0.263650
8 0.263655
8 0.263655
8 0.263660
8 0.263660
2 0.263773
2 0.263862
2 0.263888
2 0.263908
2 0.263934
2 0.263935
3 0.263943
3 0.263948
3 0.263950
3 0.263990
3 0.263995
1 0.264075
3 0.264135
2 0.264145
3 0.264187
2 0.264232
3 0.264301
3 0.264319
1 0.264323
1 0.264328
2 0.264441
2 0.264447
2 0.264489
1 0.264630
2 0.264643
3 0.264644
1 0.264650
2 0.264696
1 0.264821
1 0.264856
1 0.264900
1 0.264933
3 0.265094
1 0.265180
2 0.265204
2 0.265338
2 0.265509
3 0.265774
3 0.265774
3 0.265776
1 0.265831
1 0.265831
2 0.266771
1 0.266861
2 0.266867
8 0.266900
2 0.266950
2 0.266985
1 0.266993
2 0.267140
2 0.267142
2 0.267299
2 0.267422
2 0.267501
2 0.267555
1 0.267607
2 0.267639
1 0.267644
2 0.267665
2 0.267704
1 0.267781
1 0.267819
1 0.267864
3 0.267870
3 0.267877
3 0.267947
3 0.267949
1 0.268148
2 0.268419
2 0.268496
2 0.268577
3 0.268696
2 0.268715
1 0.268754
2 0.268884
2 0.268887
2 0.268893
2 0.269022
2 0.269325
2 0.269415
2 0.269434
2 0.269562
2 0.269652
2 0.269765
3 0.270041
3 0.270043
1 0.270136
1 0.270149
3 0.270149
2 0.270205
1 0.270244
1 0.270257
1 0.270336
2 0.270346
2 0.270374
3 0.270476
1 0.270510
3 0.270550
1 0.270755
2 0.270902
2 0.271141
2 0.271226
2 0.271254
7 0.271400
3 0.271331
2 0.271390
2 0.271453
2 0.271470
2 0.271774
2 0.272297
2 0.272328
1 0.272558
3 0.272871
1 0.273217
1 0.273232
1 0.273342
1 0.273557
1 0.273598
1 0.273649
1 0.273699
8 0.273665
8 0.273760
3 0.273880
3 0.273937
2 0.274004
2 0.274035
3 0.274177
3 0.274238
2 0.274275
1 0.274434
3 0.274691
1 0.275664
1 0.275664
2 0.275743
1 0.275943
1 0.276014
2 0.276030
1 0.276314
2 0.276374
3 0.276388
3 0.276507
3 0.276543
3 0.276645
3 0.276679
1 0.276718
3 0.276776
1 0.276810
1 0.276861
2 0.277139
1 0.277587
8 0.277800
3 0.277845
3 0.278072
2 0.278085
1 0.278222
1 0.278227
1 0.278250
1 0.278290
3 0.278381
3 0.278522
3 0.278610
3 0.278695
3 0.278766
3 0.278851
3 0.278875
3 0.278967
2 0.279284
3 0.279314
1 0.279314
1 0.279348
3 0.279357
3 0.279446
2 0.279504
1 0.279542
3 0.279585
1 0.279592
1 0.279644
1 0.279679
3 0.279967
3 0.279971
1 0.280063
3 0.280096
3 0.280306
3 0.280503
3 0.280804
2 0.281031
1 0.281552
3 0.281965
3 0.282122
8 0.282152
3 0.282176
3 0.282245
3 0.282372
3 0.282394
3 0.282421
3 0.282529
3 0.282558
3 0.282583
1 0.282609
3 0.282614
3 0.282619
3 0.282643
1 0.282644
3 0.282667
3 0.282668
3 0.282681
1 0.282842
3 0.282877
3 0.282947
3 0.283161
3 0.283346
1 0.283376
3 0.283388
3 0.283439
1 0.283607
3 0.283765
3 0.283820
3 0.284157
3 0.284242
1 0.284341
2 0.284411
1 0.284452
2 0.284717
1 0.284733
3 0.284750
3 0.285054
8 0.285250
3 0.285197
2 0.285436
1 0.285544
3 0.285818
2 0.285886
3 0.286068
8 0.286092
3 0.286157
1 0.286291
3 0.286756
3 0.286870
2 0.287080
1 0.287351
2 0.287380
3 0.287530
2 0.287717
2 0.287731
2 0.287896
1 0.288114
1 0.288214
1 0.288270
3 0.288504
3 0.288817
2 0.288926
2 0.288977
2 0.289231
3 0.289395
7 0.289435
8 0.289375
8 0.289500
2 0.289586
3 0.289589
3 0.289591
3 0.289592
3 0.289593
3 0.289593
2 0.289716
2 0.289785
2 0.289805
3 0.289849
3 0.289851
3 0.289853
2 0.289853
3 0.289931
3 0.289935
3 0.289937
3 0.289997
2 0.290196
3 0.290262
3 0.290344
3 0.290376
7 0.290700
7 0.290730
3 0.290674
8 0.290705
2 0.290744
2 0.290767
2 0.290848
3 0.290848
3 0.290934
3 0.291041
2 0.291091
2 0.291126
2 0.291199
1 0.291232
2 0.291271
3 0.291273
3 0.291317
1 0.291403
1 0.291428
2 0.291597
7 0.291705
3 0.291626
3 0.291661
2 0.291706
3 0.291811
2 0.291961
3 0.292076
2 0.292247
2 0.292282
2 0.292386
3 0.292528
2 0.292647
3 0.292666
2 0.292865
1 0.293018
8 0.293200
2 0.293297
2 0.293305
1 0.293358
2 0.293457
2 0.293514
2 0.293613
2 0.294151
8 0.294205
1 0.294544
3 0.294649
2 0.294690
1 0.294760
1 0.294816
3 0.294881
2 0.294907
1 0.294991
1 0.295018
3 0.295081
3 0.295151
2 0.295191
2 0.295195
1 0.295339
2 0.295387
2 0.295659
3 0.295753
1 0.295816
1 0.295816
8 0.295870
8 0.296005
8 0.296005
8 0.296005
3 0.296015
2 0.296132
2 0.296410
3 0.296566
2 0.296805
2 0.297027
2 0.297068
8 0.297100
8 0.297090
8 0.297145
2 0.297315
2 0.297373
2 0.297386
1 0.297559
8 0.297610
1 0.297639
8 0.297660
8 0.297675
8 0.297680
2 0.297742
2 0.297749
2 0.298033
1 0.298068
2 0.298091
1 0.298152
1 0.298180
2 0.298341
1 0.298354
2 0.298693
3 0.298781
3 0.298823
3 0.298889
2 0.298894
8 0.298900
2 0.298975
2 0.299207
2 0.299215
3 0.299261
1 0.299330
2 0.299490
1 0.299513
2 0.299570
2 0.299578
3 0.299737
2 0.300033
2 0.300042
2 0.300254
2 0.300790
3 0.300839
2 0.300871
2 0.300881
2 0.301132
3 0.301268
1 0.301301
1 0.301384
8 0.301335
2 0.301485
2 0.301659
2 0.301819
1 0.301823
3 0.301898
3 0.302102
3 0.302731
1 0.302780
1 0.302780
2 0.302790
1 0.302931
1 0.302931
2 0.302958
2 0.302975
2 0.303059
1 0.303121
2 0.303167
2 0.303181
8 0.303115
8 0.303180
8 0.303200
2 0.303522
2 0.303534
2 0.303681
2 0.303751
2 0.303860
2 0.304047
2 0.304497
2 0.304644
1 0.304683
2 0.304844
2 0.305136
2 0.305165
3 0.305271
2 0.305523
2 0.305532
2 0.305556
3 0.305572
3 0.305700
1 0.305828
2 0.305876
2 0.305999
2 0.306061
2 0.306274
2 0.306338
2 0.306419
1 0.306459
2 0.306544
1 0.306656
2 0.306758
1 0.306811
1 0.306811
2 0.306834
2 0.307178
2 0.307198
2 0.307242
2 0.307319
2 0.307354
2 0.307355
2 0.307472
2 0.307597
2 0.307663
2 0.307663
2 0.307725
1 0.307787
2 0.307874
2 0.307948
1 0.307977
1 0.308008
2 0.308224
2 0.308351
2 0.308361
2 0.308492
2 0.308582
2 0.308698
2 0.308708
2 0.308906
2 0.308918
3 0.309207
2 0.309299
2 0.309380
2 0.309490
2 0.309600
2 0.309607
2 0.309608
2 0.309803
2 0.309844
2 0.309973
2 0.310090
1 0.310231
3 0.310662
8 0.310560
8 0.310745
2 0.311372
2 0.311657
2 0.311760
2 0.311767
2 0.311806
2 0.311869
2 0.311888
2 0.311906
2 0.311984
2 0.312038
2 0.312154
2 0.312427
2 0.312438
2 0.312441
2 0.312509
2 0.312585
1 0.312710
2 0.313310
2 0.313497
2 0.313504
2 0.313670
2 0.313673
2 0.313739
2 0.313897
2 0.314127
2 0.314224
2 0.314322
2 0.314463
2 0.314634
1 0.314862
1 0.314952
2 0.314959
2 0.315205
2 0.315251
3 0.315351
1 0.315432
2 0.315459
2 0.315571
2 0.315725
2 0.316085
3 0.316086
2 0.316449
2 0.316514
2 0.316535
2 0.316558
3 0.316593
2 0.316656
2 0.316709
1 0.316849
2 0.317022
3 0.317071
2 0.317339
2 0.317449
3 0.317458
2 0.317459
3 0.317607
3 0.317608
3 0.317654
2 0.317704
2 0.317747
2 0.317747
3 0.317759
2 0.317866
3 0.317926
3 0.318108
7 0.318235
2 0.318850
2 0.318966
2 0.319179
2 0.319185
2 0.319550
2 0.319951
2 0.319984
1 0.320714
1 0.320883
1 0.320884
2 0.320921
2 0.320989
2 0.321028
2 0.321292
2 0.321466
2 0.321525
2 0.321568
2 0.321586
2 0.321823
2 0.321912
2 0.322294
2 0.322575
2 0.323039
2 0.323050
2 0.323100
2 0.323135
2 0.323296
2 0.323322
2 0.323331
2 0.324433
2 0.324503
2 0.324907
2 0.324928
2 0.324932
2 0.325129
2 0.325636
2 0.326435
8 0.326705
2 0.327081
2 0.327174
2 0.327612
3 0.329093
2 0.329867
7 0.330620
7 0.330705
3 0.330839
2 0.331069
2 0.331145
2 0.331222
2 0.331563
8 0.332170
2 0.332068
2 0.332115
2 0.332469
2 0.332811
3 0.332966
2 0.333012
2 0.333169
2 0.333574
2 0.333580
2 0.333705
3 0.334217
3 0.334332
2 0.334536
2 0.334642
2 0.334679
2 0.334684
7 0.334800
1 0.335271
2 0.335453
2 0.335598
2 0.335727
2 0.335878
2 0.336124
2 0.336156
2 0.336313
2 0.336367
2 0.336390
3 0.336706
2 0.336795
2 0.336818
1 0.337078
1 0.337088
2 0.337277
2 0.337503
1 0.337662
2 0.337812
2 0.337919
2 0.338029
2 0.338717
2 0.338939
2 0.338992
2 0.339153
2 0.339358
2 0.339377
2 0.339416
2 0.339847
2 0.339884
2 0.340516
2 0.340580
2 0.340792
2 0.341234
2 0.341412
2 0.341587
2 0.341789
2 0.341867
1 0.341888
1 0.341899
1 0.342489
2 0.342967
8 0.343450
7 0.343885
2 0.343992
2 0.344173
2 0.344296
2 0.344469
1 0.344869
1 0.345175
2 0.345406
1 0.345518
2 0.345576
2 0.345760
2 0.345800
2 0.345807
2 0.346031
1 0.346151
2 0.346421
1 0.346533
1 0.346757
1 0.347356
2 0.347623
2 0.347864
2 0.348051
2 0.348171
2 0.348293
8 0.348425
8 0.348825
8 0.348855
8 0.348875
8 0.348885
8 0.348885
8 0.348890
8 0.348895
1 0.349906
2 0.350188
1 0.350222
2 0.350458
2 0.350837
2 0.351068
1 0.351172
2 0.351258
1 0.351620
1 0.352148
2 0.352373
2 0.352650
2 0.353610
2 0.353801
2 0.353899
2 0.353928
2 0.354091
2 0.354325
2 0.354386
7 0.354505
2 0.354480
8 0.354460
2 0.354516
2 0.354583
2 0.354722
2 0.355257
2 0.355537
2 0.355833
2 0.355882
2 0.355923
2 0.356086
2 0.356222
1 0.356397
2 0.356684
2 0.356862
2 0.356952
2 0.357225
2 0.357304
2 0.357340
2 0.357520
2 0.357525
2 0.357563
2 0.357900
2 0.358317
2 0.358595
2 0.358626
2 0.359052
2 0.359147
2 0.359282
1 0.359455
1 0.359466
2 0.359518
1 0.360120
2 0.360209
2 0.360380
2 0.360426
2 0.360854
2 0.360963
1 0.361021
2 0.361263
2 0.361336
2 0.361364
2 0.361738
2 0.361980
2 0.362757
2 0.362907
2 0.363197
2 0.363372
1 0.363470
2 0.363560
2 0.364058
7 0.364465
2 0.364497
2 0.364590
2 0.364890
2 0.365231
3 0.365345
2 0.365385
2 0.365769
3 0.366042
2 0.366093
2 0.366285
2 0.366512
3 0.366656
2 0.366884
3 0.367309
3 0.367680
2 0.367727
2 0.367785
2 0.367798
2 0.367814
2 0.368086
2 0.368209
2 0.368299
2 0.368307
1 0.368329
2 0.368360
2 0.368483
1 0.368678
2 0.368855
2 0.369037
2 0.369332
2 0.369444
2 0.369527
2 0.369552
2 0.369630
2 0.369658
2 0.369818
2 0.369912
3 0.370034
2 0.370060
2 0.370127
1 0.370228
2 0.370283
7 0.370720
2 0.370680
2 0.370844
2 0.370905
3 0.370911
2 0.371068
2 0.371414
2 0.371652
2 0.371868
2 0.372178
2 0.372288
7 0.372760
8 0.372755
2 0.372793
2 0.372817
2 0.373026
2 0.373204
3 0.373310
2 0.373341
2 0.373384
7 0.373610
7 0.373610
2 0.373600
3 0.373873
2 0.373975
2 0.374166
2 0.374203
3 0.374243
3 0.374382
2 0.374569
2 0.374753
2 0.374892
7 0.375165
2 0.375165
3 0.375169
2 0.375231
2 0.375485
1 0.375528
2 0.375595
7 0.375770
2 0.375746
2 0.376159
2 0.376471
2 0.376578
1 0.376690
2 0.376733
2 0.376788
1 0.376913
1 0.377053
1 0.377074
7 0.377220
7 0.377220
2 0.377161
3 0.377272
2 0.377525
2 0.377795
2 0.377821
3 0.378353
3 0.378503
2 0.378627
3 0.378754
2 0.379200
2 0.379324
2 0.379462
7 0.379750
2 0.379661
2 0.379940
2 0.379940
2 0.380104
2 0.380154
2 0.380189
2 0.380209
2 0.380391
2 0.380733
3 0.381897
2 0.381951
2 0.382424
2 0.383084
2 0.384159
3 0.384441
3 0.384605
3 0.384893
3 0.384995
7 0.385448
2 0.385891
7 0.386555
7 0.386555
7 0.386783
3 0.386986
2 0.387003
7 0.387435
3 0.387403
3 0.387582
3 0.387852
3 0.388028
3 0.388262
1 0.388380
7 0.388540
1 0.388824
1 0.389053
7 0.389511
2 0.389795
1 0.390084
2 0.390495
7 0.390629
3 0.390850
3 0.391079
7 0.391328
3 0.391835
3 0.391837
3 0.392213
3 0.392213
3 0.392218
2 0.393141
2 0.393458
2 0.394338
1 0.394466
3 0.395773
2 0.395916
3 0.396102
3 0.396171
3 0.396308
3 0.396674
3 0.396725
3 0.396859
2 0.397251
3 0.397391
2 0.397458
3 0.397600
3 0.398283
3 0.398509
1 0.398519
1 0.398538
2 0.398685
1 0.399643
1 0.399684
1 0.399973
1 0.400040
2 0.400060
8 0.400350
2 0.401182
1 0.401489
1 0.401512
1 0.402117
2 0.402356
2 0.402518
1 0.403840
1 0.403875
1 0.403884
1 0.404347
1 0.404379
1 0.404682
2 0.405558
2 0.406412
1 0.406518
1 0.406598
3 0.406849
1 0.406998
1 0.407039
1 0.407054
1 0.408051
1 0.408130
2 0.408166
3 0.408555
2 0.408792
8 0.409360
2 0.409989
2 0.410002
2 0.410151
2 0.410308
1 0.411303
1 0.411326
2 0.411355
1 0.411385
1 0.411403
2 0.411527
3 0.411807
2 0.411936
1 0.412812
1 0.412924
1 0.413168
1 0.413223
2 0.413486
2 0.413504
3 0.413951
3 0.414405
3 0.414814
3 0.415137
2 0.415186
3 0.415347
1 0.416598
1 0.416727
1 0.417514
1 0.417554
1 0.417640
1 0.417667
8 0.418305
2 0.418784
1 0.419760
1 0.419928
3 0.419979
3 0.420079
3 0.420411
1 0.420446
1 0.420446
1 0.420445
2 0.420678
2 0.420769
3 0.420852
2 0.421826
2 0.421836
2 0.422055
2 0.422093
2 0.422208
2 0.422228
8 0.422250
8 0.422450
3 0.422526
2 0.422566
2 0.422583
3 0.422722
2 0.422811
3 0.423052
2 0.423272
2 0.423283
1 0.423352
2 0.423504
2 0.424111
2 0.424130
2 0.424323
2 0.424340
2 0.424406
2 0.424414
1 0.425074
2 0.425184
1 0.425362
1 0.425397
1 0.425769
1 0.425769
2 0.425838
2 0.425860
2 0.425900
1 0.426093
3 0.426318
2 0.426365
1 0.426368
3 0.426642
1 0.426849
2 0.426859
1 0.426892
1 0.426921
3 0.426925
1 0.427092
1 0.427143
1 0.427586
1 0.427637
1 0.427676
1 0.428005
1 0.428048
2 0.428164
2 0.428179
1 0.428445
1 0.428974
1 0.429100
2 0.429158
2 0.429181
1 0.429319
1 0.429319
1 0.429319
2 0.429549
2 0.429930
1 0.430446
1 0.430492
1 0.430517
1 0.430746
1 0.431134
8 0.431500
1 0.431533
1 0.431591
1 0.431722
1 0.432003
1 0.432072
1 0.432271
2 0.432359
2 0.432396
2 0.432583
2 0.432645
1 0.432848
8 0.433250
8 0.433325
1 0.433534
1 0.433745
8 0.433894
1 0.433942
7 0.434065
8 0.434100
8 0.434100
2 0.434104
8 0.434121
2 0.434124
1 0.434147
1 0.434164
8 0.434195
8 0.434195
8 0.434200
2 0.434273
2 0.434342
1 0.434670
1 0.434670
1 0.434698
1 0.434724
2 0.434746
2 0.435036
1 0.435852
1 0.435914
1 0.436004
1 0.436392
1 0.436446
1 0.436475
2 0.436686
1 0.436693
2 0.436697
2 0.437109
1 0.437303
1 0.437338
1 0.437624
1 0.437623
8 0.437777
1 0.437898
1 0.437898
2 0.437921
2 0.438063
2 0.438078
8 0.438132
8 0.438132
8 0.438132
1 0.438245
2 0.438534
2 0.438545
2 0.438621
2 0.438630
8 0.438710
2 0.439322
2 0.439323
1 0.439560
1 0.439560
1 0.439560
1 0.439601
1 0.439625
1 0.439654
1 0.439679
1 0.439721
2 0.439755
1 0.439842
2 0.439923
1 0.439937
1 0.440362
1 0.440380
1 0.440423
1 0.440681
2 0.441054
1 0.441085
2 0.441102
2 0.441343
1 0.441353
2 0.441383
2 0.441435
2 0.441436
2 0.441445
1 0.441480
1 0.441638
2 0.441800
1 0.441806
1 0.442182
2 0.442263
1 0.442280
1 0.442376
8 0.442290
8 0.442370
1 0.442605
1 0.442664
8 0.442835
2 0.442835
1 0.442898
1 0.442922
2 0.442965
2 0.442976
2 0.442976
2 0.442976
2 0.442988
1 0.443065
2 0.443088
2 0.443215
2 0.443219
2 0.443235
2 0.443305
2 0.443305
2 0.443355
1 0.443376
1 0.443464
1 0.443497
1 0.443633
2 0.443822
2 0.444050
2 0.444071
2 0.444124
1 0.444161
1 0.444161
2 0.444205
1 0.444206
1 0.444216
2 0.444234
2 0.444393
1 0.444622
1 0.444693
8 0.444710
2 0.444769
1 0.444778
2 0.444790
2 0.445386
3 0.445399
3 0.445402
3 0.445405
3 0.445407
3 0.445408
1 0.445424
1 0.445450
1 0.445458
1 0.445478
1 0.445554
1 0.445682
1 0.445764
2 0.445769
2 0.445830
2 0.445849
2 0.445850
2 0.445860
3 0.446001
3 0.446011
3 0.446020
1 0.446143
3 0.446176
3 0.446185
3 0.446189
1 0.446410
1 0.446690
2 0.446729
1 0.446729
1 0.446776
1 0.446807
1 0.446874
2 0.446899
2 0.447017
1 0.447223
1 0.447222
3 0.447226
2 0.447284
1 0.447351
1 0.447349
1 0.447639
2 0.447665
1 0.447691
2 0.447869
2 0.447919
1 0.448208
1 0.448445
1 0.448935
1 0.449303
1 0.449310
1 0.449339
1 0.449367
1 0.449394
1 0.449437
1 0.449496
8 0.449690
2 0.449750
2 0.450019
1 0.450026
2 0.450038
1 0.450110
1 0.450109
1 0.450144
8 0.450225
2 0.450939
1 0.451143
2 0.451268
2 0.451274
1 0.451276
1 0.451276
2 0.451615
1 0.451615
1 0.451630
1 0.451668
2 0.451793
1 0.451820
2 0.451860
2 0.451866
2 0.451867
1 0.451900
2 0.451910
2 0.452358
2 0.452374
2 0.452380
2 0.452399
1 0.452703
1 0.452744
2 0.452772
1 0.452797
1 0.452794
1 0.452899
1 0.452924
2 0.452975
1 0.453073
1 0.453367
2 0.453579
2 0.453591
2 0.453664
2 0.453684
1 0.453757
2 0.453846
8 0.453883
1 0.453895
1 0.453903
1 0.453957
1 0.454044
1 0.454165
2 0.454367
2 0.454375
8 0.454417
2 0.454539
2 0.454559
1 0.454577
1 0.454701
1 0.454848
1 0.454899
1 0.455191
7 0.455400
2 0.455294
1 0.455387
2 0.455445
2 0.455467
7 0.455670
1 0.455570
1 0.455584
1 0.455610
1 0.455667
1 0.455797
2 0.456327
2 0.456349
1 0.456373
2 0.456647
2 0.456683
1 0.456717
1 0.456811
1 0.456842
1 0.456913
2 0.457034
2 0.457087
1 0.457434
1 0.457484
1 0.457517
2 0.457570
1 0.457634
2 0.457660
1 0.457714
2 0.458170
2 0.458328
1 0.458332
2 0.458333
1 0.458339
1 0.458374
1 0.458384
1 0.458427
1 0.458716
1 0.458743
2 0.458942
2 0.458964
1 0.459453
1 0.459653
2 0.460145
1 0.460539
2 0.460576
1 0.460598
1 0.460623
2 0.460799
1 0.461066
1 0.461120
2 0.461144
2 0.461409
2 0.461422
1 0.461568
2 0.461685
2 0.461738
2 0.461759
1 0.461821
1 0.461913
2 0.462555
1 0.462910
2 0.462928
1 0.462961
1 0.462977
3 0.463011
3 0.463017
3 0.463017
3 0.463023
2 0.463606
2 0.463668
1 0.463742
1 0.463793
1 0.463827
1 0.464089
1 0.464175
1 0.464448
1 0.464523
1 0.464613
1 0.464672
1 0.464719
2 0.464811
2 0.464873
2 0.465025
1 0.465121
2 0.465130
1 0.465341
1 0.465501
1 0.465770
8 0.466045
2 0.466214
1 0.466241
1 0.466440
1 0.466482
1 0.466797
1 0.466867
2 0.467068
1 0.467219
1 0.467953
2 0.467962
1 0.467992
1 0.468045
1 0.468168
1 0.468251
1 0.468324
1 0.468346
1 0.468422
1 0.468455
1 0.468508
2 0.468766
1 0.468898
1 0.468951
2 0.468998
1 0.469289
1 0.469667
1 0.469826
2 0.469919
2 0.469974
2 0.470156
1 0.470179
2 0.470178
1 0.470385
1 0.470571
1 0.471018
2 0.471138
1 0.471138
1 0.471181
1 0.471338
1 0.471346
1 0.471346
1 0.471412
2 0.471429
2 0.471477
4 0.471549
4 0.471549
1 0.471566
2 0.471573
2 0.471625
1 0.471644
1 0.471658
1 0.471666
4 0.471698
1 0.471893
2 0.472068
2 0.472093
1 0.472286
1 0.472349
1 0.472404
1 0.472513
1 0.472513
1 0.472548
4 0.472549
4 0.472549
1 0.472647
4 0.472699
4 0.472699
2 0.473166
2 0.473190
2 0.473399
2 0.473811
1 0.475090
1 0.475201
1 0.475313
1 0.475406
1 0.475445
1 0.475577
1 0.476006
2 0.477071
2 0.477426
1 0.478167
1 0.478222
1 0.478258
2 0.478346
1 0.478536
1 0.479026
1 0.479093
1 0.479156
1 0.479206
3 0.479510
2 0.479726
1 0.480145
1 0.480242
1 0.480371
1 0.480458
1 0.481084
1 0.481141
1 0.481198
1 0.481568
3 0.481727
1 0.481824
1 0.481898
1 0.482013
1 0.482128
1 0.482327
1 0.482452
1 0.482471
1 0.482687
1 0.482869
1 0.482894
1 0.483064
1 0.483867
3 0.484384
1 0.484392
1 0.484429
1 0.484650
1 0.484713
1 0.485088
1 0.485286
1 0.485401
1 0.486096
1 0.486444
1 0.486573
1 0.486686
1 0.486784
1 0.486838
1 0.486963
1 0.488477
1 0.488628
1 0.488646
1 0.488973
1 0.489346
1 0.489360
1 0.489929
2 0.490015
1 0.490038
1 0.492961
1 0.493233
2 0.493775
1 0.494042
1 0.494637
1 0.495677
1 0.495842
1 0.495851
1 0.497494
1 0.497615
1 0.497737
1 0.498102
1 0.499632
1 0.499763
1 0.499888
1 0.499990
1 0.500180
1 0.500496
1 0.500655
1 0.500674
1 0.501240
1 0.501659
1 0.502427
1 0.503275
1 0.503291
1 0.503740
1 0.503899
1 0.503916
1 0.504300
1 0.504426
1 0.504722
1 0.504801
1 0.505435
1 0.506057
1 0.507546
1 0.507561
1 0.507801
2 0.507983
1 0.508018
1 0.508180
1 0.508279
1 0.508539
1 0.509174
1 0.510047
2 0.510096
1 0.510612
2 0.511503
1 0.511510
1 0.511793
1 0.511845
1 0.512193
1 0.512331
1 0.512368
1 0.512379
1 0.512971
2 0.513858
3 0.514424
1 0.514470
1 0.514637
1 0.514645
1 0.514657
1 0.515152
1 0.515340
1 0.515586
1 0.515810
1 0.516034
1 0.516492
2 0.517995
1 0.518376
1 0.519006
2 0.519061
1 0.519277
1 0.519457
1 0.519467
2 0.519901
2 0.519993
2 0.520369
2 0.520501
1 0.520534
1 0.520802
1 0.521031
1 0.521202
2 0.521381
2 0.521479
1 0.521579
2 0.521972
1 0.522381
2 0.523298
2 0.523541
1 0.523548
2 0.523610
2 0.523732
2 0.524729
2 0.526458
1 0.527551
1 0.528156
1 0.529966
1 0.530623
1 0.531626
1 0.531828
1 0.532203
1 0.532788
1 0.533215
1 0.533226
1 0.533479
1 0.533719
1 0.534258
1 0.534415
1 0.534449
1 0.534477
1 0.535069
1 0.535500
1 0.535665
1 0.535683
1 0.535691
1 0.535950
1 0.536150
1 0.536192
1 0.536372
1 0.536771
1 0.537381
1 0.537647
2 0.537814
2 0.537876
2 0.538222
2 0.538239
1 0.538474
2 0.538840
2 0.538871
2 0.539350
2 0.539375
2 0.539797
2 0.539828
2 0.539846
2 0.539860
1 0.540206
2 0.540665
2 0.540665
1 0.541165
2 0.541258
2 0.541276
1 0.541415
1 0.542006
2 0.542160
1 0.542166
1 0.543516
1 0.544863
1 0.545002
1 0.549594
1 0.550887
1 0.551271
1 0.551302
1 0.552216
1 0.553522
1 0.554019
1 0.556064
1 0.556399
1 0.556431
1 0.556460
1 0.557759
1 0.558746
1 0.559090
1 0.559268
1 0.565413
1 0.565760
1 0.565823
2 0.566377
1 0.566412
1 0.568623
1 0.569139
1 0.571693
1 0.572047
1 0.572081
1 0.572112
2 0.574404
1 0.574989
1 0.575024
1 0.576219
1 0.576565
1 0.576602
1 0.577191
1 0.580570
1 0.580606
1 0.581302
1 0.581823
1 0.582177
1 0.583052
1 0.585411
1 0.587004
1 0.587377
1 0.587445
1 0.588353
1 0.589996
1 0.590373
1 0.590410
1 0.590442
1 0.590807
1 0.591527
1 0.592055
1 0.592067
1 0.593610
1 0.594096
1 0.594648
1 0.596327
1 0.596712
1 0.596783
1 0.597628
1 0.597719
1 0.598403
1 0.598957
1 0.599331
1 0.600259
1 0.603167
1 0.604367
1 0.604781
1 0.606622
1 0.607602
1 0.609785
2 0.611254
2 0.611438
1 0.611971
1 0.613015
2 0.613444
1 0.614421
1 0.614476
1 0.615200
1 0.615784
1 0.616530
2 0.616779
1 0.617453
1 0.617659
1 0.617700
1 0.618386
1 0.618487
1 0.619078
1 0.619478
1 0.620469
1 0.620749
3 0.620821
3 0.621080
3 0.621191
1 0.621560
1 0.621900
2 0.622617
1 0.622746
2 0.624075
1 0.624846
1 0.625132
2 0.625265
1 0.625447
2 0.625463
2 0.626040
1 0.626052
1 0.626823
2 0.627187
2 0.627416
1 0.627475
1 0.627777
3 0.627923
3 0.628532
3 0.629133
1 0.629549
2 0.629958
2 0.630600
1 0.630653
2 0.630786
2 0.630939
1 0.631543
2 0.632286
1 0.632991
1 0.633264
1 0.633618
2 0.634740
1 0.635361
1 0.636676
1 0.638476
1 0.640284
1 0.640402
3 0.640836
1 0.641152
1 0.642348
1 0.644649
1 0.650833
2 0.651268
2 0.651359
2 0.651860
2 0.651885
2 0.652739
2 0.652784
1 0.653469
2 0.654049
2 0.654095
2 0.654130
2 0.654150
2 0.655246
2 0.655247
2 0.656083
2 0.656110
2 0.657311
2 0.657351
1 0.660078
1 0.660473
1 0.664184
1 0.664263
1 0.665393
1 0.666873
1 0.668012
1 0.671890
1 0.672299
1 0.673989
1 0.676145
3 0.688884
3 0.689731
1 0.693138
1 0.702599
1 0.703435
1 0.705324
1 0.706105
1 0.706671
2 0.706967
1 0.711427
2 0.713532
1 0.714051
1 0.717592
2 0.721520
2 0.723719
1 0.724716
2 0.730522
1 0.730685
2 0.734597
2 0.735168
1 0.744095
2 0.746931
1 0.747450
1 0.749093
2 0.749348
2 0.749418
2 0.752489
1 0.753785
1 0.754612
2 0.759274
2 0.760673
1 0.762341
2 0.763537
2 0.765666
2 0.769191
1 0.772675
2 0.773094
2 0.774287
2 0.774715
1 0.783518
2 0.784071
1 0.784121
1 0.784214
2 0.786511
2 0.787409
2 0.787604
2 0.790936
9 0.792400
2 0.792838
1 0.792930
9 0.793600
1 0.793918
1 0.794537
1 0.794633
2 0.794710
2 0.798809
8 0.799500
9 0.800000
2 0.802096
1 0.802631
1 0.804398
2 0.807600
2 0.807821
1 0.807829
2 0.807830
1 0.808468
2 0.808657
2 0.809229
1 0.809533
1 0.812078
1 0.813115
1 0.813864
2 0.814573
2 0.815222
2 0.815569
2 0.816229
2 0.816589
9 0.817600
2 0.818701
2 0.819706
2 0.820829
2 0.821530
2 0.821683
8 0.821900
9 0.822300
2 0.824660
1 0.825095
1 0.826165
2 0.826708
1 0.826835
1 0.826939
2 0.827960
2 0.828286
2 0.828885
1 0.830261
1 0.830384
9 0.830500
2 0.831728
8 0.832000
2 0.832420
2 0.834136
2 0.834490
2 0.834850
2 0.836123
2 0.836268
1 0.836805
2 0.837441
1 0.837866
1 0.837991
2 0.840871
2 0.841553
1 0.841947
1 0.842074
2 0.842474
2 0.843594
2 0.846219
1 0.846568
1 0.848677
2 0.849559
1 0.849769
2 0.850038
2 0.853510
2 0.853886
2 0.854392
1 0.854704
2 0.855540
1 0.857371
2 0.857502
2 0.858180
2 0.858218
1 0.858526
1 0.859362
2 0.860188
1 0.863702
1 0.863769
1 0.864942
1 0.865676
1 0.865790
2 0.866701
2 0.867065
2 0.868128
1 0.868188
2 0.868276
1 0.868431
1 0.870650
2 0.870796
2 0.871084
2 0.874957
2 0.875210
1 0.876994
1 0.877407
1 0.878114
1 0.878303
1 0.878441
1 0.878617
1 0.879492
2 0.879728
2 0.879737
2 0.879908
2 0.879932
2 0.882427
1 0.883333
1 0.885630
2 0.886493
1 0.886774
1 0.886819
2 0.887113
2 0.888235
2 0.888617
1 0.889467
1 0.889805
2 0.890005
2 0.890129
2 0.890258
2 0.890785
2 0.891730
1 0.891785
1 0.892195
1 0.892989
1 0.893170
1 0.894397
2 0.896122
1 0.896479
2 0.896597
1 0.897105
1 0.899102
2 0.901347
2 0.901409
1 0.903948
1 0.904925
1 0.904935
1 0.905157
1 0.905491
1 0.905513
2 0.906010
2 0.906699
2 0.907356
1 0.907552
2 0.908194
2 0.908497
2 0.908709
2 0.909676
2 0.909844
1 0.910460
1 0.910601
2 0.910863
2 0.911500
1 0.911780
1 0.911780
2 0.912173
1 0.915118
2 0.916059
2 0.916607
2 0.918030
2 0.919348
1 0.919630
1 0.919630
1 0.920428
2 0.920660
2 0.921030
1 0.922259
1 0.922411
1 0.922922
2 0.923667
2 0.923835
2 0.924838
2 0.924870
2 0.926417
1 0.927806
2 0.929011
2 0.929515
2 0.929995
1 0.930341
2 0.930511
1 0.931314
1 0.931653
1 0.932907
2 0.933040
1 0.934310
2 0.935348
1 0.935590
1 0.935585
2 0.936269
1 0.937588
1 0.937980
2 0.939219
2 0.940857
2 0.941288
1 0.941332
1 0.941490
2 0.941616
1 0.942796
2 0.943121
2 0.943481
1 0.943560
2 0.944020
1 0.944640
1 0.944782
2 0.945239
1 0.945660
1 0.946181
2 0.948052
1 0.948928
2 0.949063
2 0.949112
1 0.950920
1 0.951100
2 0.951532
2 0.951849
1 0.953678
2 0.954067
1 0.955002
2 0.955193
2 0.955632
2 0.956227
2 0.956230
1 0.957663
2 0.957964
2 0.957965
2 0.960213
1 0.964486
2 0.965834
1 0.966807
1 0.972755
2 0.976634
1 0.979087
2 0.979478
2 0.980882
2 0.981156
1 0.982614
1 0.984020
1 0.984020
1 0.990001
1 0.990178
1 0.990176
1 0.990330
1 0.990330
1 0.990505
1 0.991791
1 0.992132
1 0.992132
1 0.993957
1 0.994107
1 0.994687
1 0.994779
1 0.994778
1 0.995078
1 0.996634
2 0.996944
1 0.997691
1 1.000835
1 1.001013
1 1.001143
2 1.001840
2 1.002054
2 1.003201
2 1.003261
1 1.003989
1 1.004169
2 1.005121
2 1.005222
2 1.006620
2 1.006701
2 1.007841
2 1.007949
2 1.008030
2 1.008083
2 1.010293
2 1.010293
2 1.012115
2 1.012178
2 1.014793
2 1.014887
1 1.021363
1 1.022746
1 1.024852
2 1.028097
1 1.029824
2 1.033001
2 1.033041
2 1.033041
1 1.043545
1 1.043545
2 1.045822
2 1.045860
1 1.056530
2 1.060834
1 1.062357
1 1.067679
1 1.069339
1 1.069338
1 1.076115
1 1.076322
1 1.076322
1 1.076697
2 1.076717
1 1.076904
1 1.078348
1 1.078925
1 1.078924
1 1.079382
1 1.080100
1 1.080932
1 1.081109
1 1.081772
1 1.082278
2 1.084087
1 1.084119
1 1.084745
2 1.086514
1 1.088926
1 1.089138
1 1.089413
2 1.095359
2 1.096343
2 1.096526
1 1.102390
1 1.104702
1 1.105275
1 1.106384
1 1.112332
1 1.113756
1 1.114148
1 1.114607
1 1.116327
1 1.118058
2 1.123002
1 1.129606
1 1.130154
1 1.130698
1 1.130764
1 1.133273
1 1.133679
2 1.136891
1 1.136978
2 1.138831
2 1.138878
1 1.139355
1 1.141226
2 1.148001
1 1.152590
1 1.152817
1 1.153950
2 1.155763
1 1.160471
1 1.161726
2 1.164838
2 1.168584
1 1.169120
1 1.177001
1 1.179227
1 1.179312
2 1.186452
2 1.194220
1 1.198306
1 1.198819
2 1.199134
1 1.199985
1 1.200109
1 1.206964
2 1.216358
2 1.218346
2 1.223588
2 1.231047
2 1.235693
1 1.239238
1 1.241216
1 1.243391
1 1.245677
1 1.246280
1 1.246753
1 1.247689
1 1.247687
1 1.249016
1 1.249015
2 1.250528
1 1.252366
1 1.254117
1 1.256320
1 1.257445
1 1.257726
1 1.257726
1 1.258079
1 1.258359
1 1.258804
1 1.259087
1 1.259845
1 1.260423
1 1.260471
1 1.260677
1 1.260763
1 1.262112
1 1.263448
1 1.264378
1 1.264620
2 1.265419
1 1.265444
1 1.266181
2 1.266675
1 1.266808
1 1.266807
1 1.268700
1 1.269267
1 1.272228
1 1.273026
1 1.274971
1 1.275261
1 1.275622
1 1.275621
1 1.275914
1 1.276344
1 1.277008
1 1.277006
1 1.277302
1 1.278015
1 1.285655
1 1.286761
1 1.286825
2 1.286857
2 1.287414
1 1.289069
1 1.291555
1 1.298362
1 1.305836
1 1.306239
1 1.309998
1 1.312976
1 1.313127
1 1.314904
1 1.322286
1 1.325482
1 1.330018
1 1.334336
1 1.339295
1 1.353077
2 1.354537
1 1.358881
1 1.374249
1 1.387010
1 1.391197
1 1.397479
1 1.401675
1 1.401973
1 1.404695
1 1.407796
2 1.419346
1 1.428751
1 1.430474
1 1.434608
1 1.435727
1 1.438805
1 1.450389
1 1.493389
1 1.493526
1 1.497487
1 1.498895
1 1.499042
1 1.506310
1 1.507829
1 1.507916
2 1.508228
1 1.508803
1 1.508943
1 1.511058
1 1.512986
1 1.514424
1 1.517611
1 1.517846
1 1.518048
1 1.519388
1 1.519476
1 1.519508
1 1.519679
1 1.523488
2 1.526480
1 1.535239
1 1.537428
1 1.539423
1 1.541180
1 1.541327
1 1.543534
1 1.545509
1 1.545545
1 1.547045
1 1.550372
1 1.550513
2 1.551157
2 1.555140
1 1.560848
1 1.576536
2 1.576620
1 1.580696
1 1.581650
2 1.584234
2 1.592122
2 1.593300
1 1.602715
2 1.602761
1 1.604988
1 1.610288
2 1.623410
1 1.625711
1 1.626803
1 1.626869
1 1.627280
2 1.627321
1 1.627340
1 1.635139
1 1.640974
1 1.642815
1 1.647349
2 1.647795
1 1.647925
1 1.653260
1 1.659604
1 1.661156
1 1.661398
2 1.663322
1 1.663859
2 1.665508
1 1.667166
1 1.679338
2 1.681565
2 1.684223
2 1.685310
2 1.685620
1 1.686625
2 1.687644
2 1.688548
2 1.688890
2 1.689470
1 1.691468
2 1.693123
2 1.693986
2 1.694077
2 1.695176
2 1.695277
1 1.698861
2 1.701417
2 1.703358
2 1.703734
2 1.708167
2 1.710140
1 1.711681
2 1.711822
2 1.712104
2 1.712214
2 1.713605
2 1.714190
2 1.715517
2 1.716235
1 1.716662
2 1.718877
1 1.723889
2 1.724695
2 1.729115
1 1.729896
2 1.730554
2 1.731012
1 1.731524
2 1.734625
2 1.735257
2 1.736295
2 1.736918
2 1.738716
2 1.739305
2 1.739605
2 1.740492
2 1.742025
2 1.742482
2 1.749036
2 1.749326
2 1.750591
2 1.750990
2 1.752018
2 1.752357
2 1.755547
2 1.756463
2 1.761448
2 1.761620
2 1.761876
2 1.762276
2 1.763575
2 1.764728
2 1.764848
2 1.765922
2 1.766382
2 1.767897
2 1.768374
2 1.769094
2 1.770834
2 1.771386
2 1.776456
2 1.776690
2 1.779434
2 1.783636
2 1.785398
2 1.789705
2 1.789838
2 1.791783
2 1.794193
1 1.796607
2 1.796896
2 1.797515
1 1.803457
1 1.804074
2 1.807905
1 1.808812
1 1.808820
2 1.813118
2 1.813147
2 1.818143
1 1.821528
1 1.822606
1 1.823199
1 1.825243
1 1.825831
2 1.826498
2 1.827203
1 1.828163
2 1.828485
1 1.828761
2 1.829169
1 1.830897
2 1.831955
2 1.832133
1 1.836411
1 1.837646
2 1.838357
1 1.838901
1 1.838984
1 1.839419
1 1.839496
1 1.840786
1 1.842743
1 1.842823
2 1.842860
2 1.844904
2 1.845035
2 1.845087
2 1.845189
2 1.845449
2 1.845474
2 1.845632
1 1.846370
1 1.846366
2 1.847665
2 1.847818
1 1.848085
2 1.848289
2 1.848567
2 1.848614
2 1.848957
2 1.851949
2 1.852231
2 1.852422
2 1.852648
2 1.854339
2 1.854482
2 1.856010
2 1.856241
2 1.856999
2 1.857797
2 1.857801
2 1.858694
2 1.858725
2 1.858727
2 1.858729
2 1.858793
2 1.858794
2 1.858894
2 1.858895
2 1.859109
2 1.859114
1 1.859662
2 1.859788
2 1.859798
1 1.860278
2 1.860361
2 1.860363
2 1.860921
2 1.860923
2 1.861512
2 1.861698
2 1.862046
2 1.862055
2 1.862356
2 1.862359
1 1.862399
1 1.863024
2 1.863242
2 1.864218
2 1.864221
2 1.865157
2 1.865217
2 1.865222
2 1.865594
1 1.866070
2 1.866103
2 1.866163
2 1.866425
2 1.866624
2 1.866627
2 1.866732
2 1.866735
2 1.867666
2 1.867667
2 1.867817
1 1.868118
1 1.868455
1 1.868734
2 1.869553
2 1.870760
2 1.870865
2 1.878207
2 1.879732
2 1.884977
2 1.887111
2 1.887646
1 1.890399
2 1.891558
2 1.893616
1 1.894272
1 1.894982
2 1.895479
2 1.899582
2 1.902650
2 1.903962
2 1.905804
2 1.906094
2 1.907049
1 1.911641
2 1.915772
2 1.917125
2 1.917863
2 1.919673
2 1.923092
2 1.926339
2 1.926825
2 1.927435
2 1.931445
2 1.932337
2 1.932976
2 1.933091
2 1.934646
2 1.935388
2 1.938521
2 1.939016
2 1.943999
2 1.951483
2 1.952428
2 1.955760
1 1.957910
1 1.958246
2 1.958645
2 1.958683
2 1.958717
2 1.960961
2 1.961465
2 1.964895
2 1.967068
2 1.974307
2 1.975536
1 1.977786
2 1.978024
2 1.980685
2 1.981065
2 1.982703
2 1.983309
1 1.988274
2 1.992098
2 1.993083
2 1.993550
2 1.994030
2 1.994990
2 1.996548
2 1.998288
2 1.998788
2 1.998972
2 1.999338
2 2.000257
2 2.002829
2 2.006725
2 2.006897
1 2.014022
2 2.015585
2 2.017054
2 2.019667
2 2.024582
2 2.026171
2 2.034947
1 2.035577
1 2.035941
1 2.037220
2 2.038814
1 2.041720
2 2.041945
1 2.042159
1 2.042545
2 2.047105
2 2.047440
2 2.047651
2 2.058894
2 2.064141
2 2.067300
2 2.068733
2 2.077428
2 2.080517
2 2.083729
1 2.085445
1 2.090160
1 2.091024
1 2.096694
2 2.097933
2 2.099187
1 2.101461
1 2.101926
1 2.102334
1 2.104702
2 2.114233
1 2.119137
1 2.122590
1 2.122588
1 2.133129
2 2.133334
1 2.133628
1 2.137455
1 2.139276
1 2.139275
1 2.139699
1 2.140180
1 2.142094
1 2.142788
1 2.145727
1 2.146433
1 2.150474
1 2.150962
2 2.151417
1 2.153454
1 2.153935
1 2.156901
1 2.156896
1 2.158242
1 2.158576
1 2.160235
1 2.160235
1 2.162664
1 2.162664
1 2.162756
1 2.162756
1 2.163847
1 2.163847
1 2.164563
1 2.164562
1 2.164561
1 2.164559
2 2.165119
1 2.165926
1 2.167327
1 2.167327
1 2.167470
2 2.170103
1 2.171404
2 2.172089
2 2.176645
2 2.178264
2 2.197405
2 2.199815
2 2.204201
2 2.204281
2 2.205278
2 2.207365
1 2.217729
1 2.225343
2 2.225933
2 2.230704
1 2.243427
1 2.247292
2 2.247861
2 2.248049
2 2.251135
1 2.253653
1 2.266798
1 2.269396
2 2.271280
2 2.271989
2 2.284860
2 2.298765
2 2.307187
1 2.310678
2 2.316414
1 2.326662
2 2.326771
1 2.337934
2 2.349347
2 2.353435
1 2.357177
2 2.359828
1 2.364294
1 2.370813
1 2.371410
1 2.371560
2 2.375978
2 2.379298
2 2.390669
1 2.391854
2 2.392762
2 2.394538
1 2.395793
1 2.396119
1 2.396297
1 2.397837
1 2.398470
2 2.398715
1 2.409353
1 2.409898
1 2.410515
1 2.415649
1 2.416255
1 2.416802
2 2.422359
1 2.422554
1 2.425622
1 2.429308
1 2.431642
1 2.437167
1 2.437632
1 2.437826
1 2.439001
1 2.439523
2 2.442072
1 2.445453
1 2.445908
1 2.445978
1 2.446607
1 2.447161
1 2.448282
1 2.451037
2 2.451719
1 2.453250
1 2.460676
2 2.469932
1 2.477143
1 2.478325
1 2.479629
2 2.479800
1 2.490275
1 2.491052
1 2.492969
2 2.493167
1 2.493570
1 2.494230
2 2.494541
1 2.500663
2 2.501245
1 2.507122
1 2.508489
1 2.516857
1 2.517615
1 2.519519
1 2.523482
2 2.524737
1 2.528413
1 2.537626
1 2.540013
1 2.543875
1 2.546686
1 2.549824
2 2.550658
1 2.551043
1 2.553130
1 2.554768
1 2.558811
2 2.562367
1 2.562882
1 2.563834
1 2.575307
1 2.575336
1 2.575336
1 2.576066
1 2.576065
1 2.578667
1 2.579401
1 2.584555
1 2.586194
1 2.587347
1 2.587866
1 2.587964
1 2.588795
1 2.594896
1 2.596058
1 2.598245
1 2.598240
2 2.599692
1 2.607282
1 2.608002
1 2.608852
1 2.609581
2 2.612678
1 2.613131
1 2.613129
1 2.616232
1 2.616232
1 2.616230
1 2.617821
1 2.617821
1 2.621186
1 2.621186
1 2.621361
1 2.621361
1 2.622817
1 2.622818
1 2.624382
1 2.624387
2 2.625085
1 2.627698
1 2.627698
1 2.628267
1 2.628272
1 2.628281
2 2.637636
2 2.638581
2 2.654971
2 2.675961
1 2.686811
2 2.744092
1 2.752825
1 2.758099
2 2.762890
1 2.782638
1 2.797957
2 2.815614
1 2.839395
1 2.854097
1 2.875211
1 2.929527
1 2.939585
1 2.945586
1 2.949561
2 2.957612
1 2.967606
1 2.972212
1 2.981255
1 2.993952
1 2.994904
2 3.004437
1 3.012714
1 3.013510
1 3.013800
1 3.017347
1 3.020873
1 3.026783
1 3.027586
1 3.030850
1 3.037179
1 3.042565
1 3.047276
1 3.047523
1 3.060313
1 3.060335
1 3.063971
1 3.067532
1 3.072003
1 3.092831
1 3.097556
1 3.101165
2 3.109457
1 3.111047
2 3.116124
1 3.122393
2 3.168457
2 3.182956
1 3.186862
1 3.217940
2 3.235330
1 3.243334
1 3.270055
1 3.318214
1 3.332525
1 3.334179
1 3.336148
1 3.352042
2 3.356431
1 3.362867
2 3.363850
1 3.368645
1 3.371755
1 3.372237
1 3.381368
1 3.384987
2 3.388514
1 3.390906
1 3.391227
1 3.392235
1 3.395241
1 3.399646
2 3.407680
1 3.414065
1 3.427617
2 3.433491
1 3.438305
1 3.448084
1 3.449928
1 3.456444
1 3.467312
2 3.476468
1 3.478949
2 3.488034
2 3.519938
1 3.521781
2 3.530081
2 3.543414
1 3.551702
2 3.574679
1 3.584458
2 3.594462
2 3.620438
1 3.620940
2 3.625086
1 3.648163
2 3.649387
2 3.654209
2 3.681767
2 3.683957
2 3.694820
2 3.697975
2 3.706145
2 3.713978
2 3.714190
1 3.717674
1 3.718225
2 3.728040
1 3.739655
2 3.745814
2 3.748690
2 3.764773
1 3.774625
2 3.786664
2 3.809263
2 3.855186
2 3.857419
2 3.878528
1 3.900708
1 3.901995
1 3.913674
1 3.913703
1 3.920747
1 3.932447
1 3.934156
1 3.938660
1 3.940347
1 3.945777
1 3.947499
1 3.951877
1 3.956632
1 3.963988
1 3.965435
1 3.966997
1 3.969952
1 3.980912
1 3.981716
1 3.984073
1 3.994417
1 3.994448
1 4.007429
1 4.009128
1 4.013855
1 4.015585
1 4.025443
1 4.025478
1 4.027615
1 4.029183
1 4.029183
1 4.031439
1 4.031442
1 4.035666
1 4.035666
1 4.042596
1 4.042945
1 4.042945
1 4.042968
1 4.045720
1 4.045748
1 4.052229
1 4.052254
1 4.052256
1 4.056443
1 4.056443
1 4.058730
1 4.058731
1 4.065280
1 4.065283
1 4.081803
1 4.082758
1 4.082820
1 4.085108
1 4.092938
1 4.093514
1 4.093912
1 4.094159
1 4.094555
1 4.095028
1 4.096138
1 4.099203
1 4.105500
1 4.117232
1 4.218298
1 4.433580
2 4.540361
1 4.549393
2 4.552628
1 4.579693
1 4.640254
1 4.640259
2 4.641436
1 4.645315
1 4.645320
1 4.645345
1 4.645346
1 4.647734
1 4.647731
2 4.680239
2 4.714852
1 4.715980
1 4.717930
1 4.724818
1 4.758862
2 4.810493
2 4.821079
2 4.851645
1 4.856514
1 4.904498
2 4.917229
1 4.917605
2 4.940144
2 4.944281
1 5.006399
1 5.081658
1 5.116614
2 5.133550
1 5.147737
1 5.167830
1 5.170944
1 5.171976
1 5.179414
1 5.180448
1 5.180450
1 5.232735
1 5.232857
1 5.300233
1 5.324034
1 5.324064
1 5.327258
1 5.376566
1 5.404787
1 5.493106
7 10.056000
2 12.813548
3 15.555100
7 21.969999
3 36.013500
4 222.699997
4 222.699997
4 1492.000000
4 1492.000000
End Spectral Lines:
