Symbol: Na
Atomic Number: 11
Atomic Mass: 22.989800
Start Spectral Index: 10
1 503
2 284
3 509
4 729
5 569
6 706
7 1392
8 473
9 138
10 585
End Spectral Index:
Order of Magnitude: 0.000001
Start Spectral Lines:
10 0.000854
10 0.000856
10 0.000859
10 0.000863
10 0.000869
10 0.000879
10 0.000898
10 0.000943
10 0.001100
10 0.003608
10 0.003608
10 0.003608
10 0.003642
10 0.003642
10 0.003642
10 0.003691
10 0.003691
10 0.003691
10 0.003726
10 0.003727
10 0.003730
10 0.003732
10 0.003762
10 0.003763
10 0.003764
10 0.003764
10 0.003764
10 0.003767
10 0.003768
10 0.003815
10 0.003816
10 0.003819
10 0.003820
10 0.003820
10 0.003858
10 0.003883
10 0.003883
10 0.003883
10 0.003894
10 0.003895
10 0.003898
10 0.003899
10 0.003912
10 0.003995
10 0.004017
10 0.004018
10 0.004018
10 0.004021
10 0.004021
10 0.004021
10 0.004024
10 0.004025
10 0.004025
10 0.004029
10 0.004099
10 0.004099
10 0.004099
10 0.004126
10 0.004130
10 0.004246
10 0.004246
10 0.004246
10 0.004251
10 0.004251
10 0.004251
10 0.004254
10 0.004260
10 0.004261
10 0.004265
10 0.004368
10 0.004374
9 0.004473
9 0.004473
10 0.004566
10 0.004567
10 0.004567
9 0.004609
9 0.004609
10 0.004743
10 0.004744
10 0.004744
10 0.004750
10 0.004750
10 0.004750
10 0.004752
9 0.004778
10 0.004779
10 0.004780
9 0.004784
9 0.004784
10 0.004785
9 0.004855
9 0.004855
10 0.004896
10 0.004911
9 0.004933
9 0.004939
9 0.004939
9 0.005212
9 0.005219
9 0.005219
9 0.005243
9 0.005250
8 0.005370
8 0.005375
9 0.005386
9 0.005387
8 0.005438
8 0.005532
8 0.005535
8 0.005535
8 0.005540
8 0.005540
8 0.005540
8 0.005705
8 0.005707
8 0.005707
8 0.005712
8 0.005712
8 0.005712
8 0.005723
8 0.005805
8 0.005807
8 0.005807
8 0.005812
8 0.005812
8 0.005812
9 0.005820
9 0.005828
9 0.005829
9 0.005895
8 0.005895
8 0.005901
9 0.005904
8 0.005910
8 0.005919
8 0.005920
8 0.005925
8 0.005976
8 0.005996
8 0.005999
8 0.006000
8 0.006004
8 0.006005
8 0.006007
10 0.006067
10 0.006069
10 0.006070
8 0.006109
8 0.006135
8 0.006228
8 0.006311
7 0.006314
7 0.006323
7 0.006323
7 0.006336
7 0.006336
7 0.006344
7 0.006344
10 0.006352
10 0.006354
10 0.006354
10 0.006357
10 0.006363
10 0.006364
10 0.006364
8 0.006369
7 0.006402
7 0.006411
7 0.006411
8 0.006421
8 0.006424
8 0.006424
8 0.006430
8 0.006430
8 0.006430
7 0.006483
7 0.006483
7 0.006486
7 0.006486
7 0.006486
7 0.006490
7 0.006490
7 0.006490
10 0.006508
10 0.006510
10 0.006520
7 0.006531
7 0.006534
7 0.006534
7 0.006538
7 0.006539
7 0.006539
7 0.006539
7 0.006547
7 0.006547
8 0.006606
10 0.006628
8 0.006632
8 0.006636
8 0.006637
8 0.006642
8 0.006643
8 0.006650
10 0.006690
8 0.006767
7 0.006779
7 0.006779
7 0.006783
7 0.006783
7 0.006783
7 0.006783
7 0.006783
7 0.006786
7 0.006786
7 0.006786
7 0.006788
7 0.006788
7 0.006791
7 0.006791
7 0.006791
8 0.006819
7 0.006842
7 0.006852
7 0.006852
7 0.006887
7 0.006891
7 0.006897
8 0.006912
7 0.006929
7 0.006931
7 0.006940
7 0.006942
7 0.006980
7 0.006983
7 0.006991
7 0.006993
8 0.007012
9 0.007062
7 0.007064
9 0.007065
7 0.007075
7 0.007075
8 0.007158
8 0.007180
7 0.007192
7 0.007202
7 0.007203
7 0.007203
7 0.007208
7 0.007208
7 0.007287
7 0.007287
7 0.007287
7 0.007412
7 0.007418
7 0.007422
7 0.007426
7 0.007426
7 0.007427
7 0.007431
7 0.007432
7 0.007486
8 0.007495
8 0.007496
7 0.007498
7 0.007498
7 0.007499
7 0.007499
7 0.007499
8 0.007500
8 0.007504
8 0.007510
7 0.007512
7 0.007520
7 0.007524
8 0.007538
8 0.007543
8 0.007552
8 0.007612
8 0.007612
8 0.007613
8 0.007617
8 0.007622
8 0.007627
7 0.007650
7 0.007656
7 0.007683
7 0.007686
7 0.007722
8 0.007727
7 0.007735
9 0.007776
9 0.007791
9 0.007792
7 0.007880
7 0.007884
7 0.007884
7 0.007891
7 0.007898
7 0.007898
7 0.007944
7 0.007945
7 0.007945
7 0.007957
7 0.007968
7 0.007968
7 0.007976
7 0.007976
7 0.007976
7 0.007979
7 0.007989
7 0.007989
7 0.007992
7 0.008001
7 0.008003
7 0.008013
7 0.008018
7 0.008025
6 0.008065
8 0.008076
9 0.008118
8 0.008121
9 0.008135
7 0.008136
7 0.008143
7 0.008149
7 0.008149
6 0.008154
7 0.008186
7 0.008264
7 0.008268
8 0.008324
8 0.008329
8 0.008329
8 0.008339
8 0.008340
8 0.008340
6 0.008364
7 0.008399
7 0.008404
8 0.008405
7 0.008408
7 0.008413
7 0.008422
7 0.008422
7 0.008422
7 0.008422
7 0.008483
7 0.008526
7 0.008530
7 0.008530
7 0.008530
7 0.008546
7 0.008560
8 0.008583
8 0.008586
8 0.008589
8 0.008593
8 0.008599
8 0.008604
8 0.008638
8 0.008643
8 0.008644
8 0.008648
8 0.008653
8 0.008655
7 0.008660
7 0.008665
7 0.008676
8 0.008676
7 0.008705
10 0.008711
10 0.008711
10 0.008711
6 0.008714
7 0.008715
8 0.008721
6 0.008721
7 0.008747
7 0.008747
7 0.008747
7 0.008747
6 0.008822
6 0.008825
6 0.008827
6 0.008828
6 0.008834
6 0.008837
6 0.008846
6 0.008846
6 0.008846
6 0.008847
6 0.008847
6 0.008847
7 0.008870
7 0.008875
7 0.008887
7 0.008891
10 0.008898
10 0.008901
10 0.008902
10 0.008908
10 0.008912
10 0.008912
10 0.008912
8 0.008976
8 0.008982
8 0.008995
10 0.009007
10 0.009007
10 0.009007
10 0.009007
10 0.009007
10 0.009009
10 0.009010
7 0.009018
8 0.009025
7 0.009028
7 0.009028
10 0.009043
6 0.009047
8 0.009054
7 0.009082
7 0.009082
7 0.009082
7 0.009106
10 0.009106
7 0.009106
7 0.009107
7 0.009108
10 0.009113
10 0.009114
10 0.009120
7 0.009200
7 0.009200
7 0.009201
10 0.009209
10 0.009209
10 0.009209
10 0.009222
10 0.009222
10 0.009222
10 0.009222
10 0.009222
10 0.009224
10 0.009224
10 0.009260
7 0.009275
7 0.009278
7 0.009281
7 0.009284
7 0.009288
7 0.009293
7 0.009298
8 0.009312
8 0.009320
8 0.009324
8 0.009327
8 0.009334
8 0.009339
7 0.009339
7 0.009343
7 0.009346
7 0.009349
7 0.009353
7 0.009355
8 0.009367
8 0.009390
7 0.009391
7 0.009403
7 0.009403
10 0.009414
10 0.009427
10 0.009429
7 0.009429
10 0.009435
7 0.009447
7 0.009448
6 0.009518
6 0.009526
6 0.009526
6 0.009531
6 0.009532
6 0.009532
10 0.009540
10 0.009541
10 0.009541
10 0.009541
10 0.009541
10 0.009541
10 0.009543
10 0.009582
6 0.009593
7 0.009596
7 0.009596
7 0.009606
7 0.009607
7 0.009617
7 0.009618
6 0.009647
10 0.009681
10 0.009681
10 0.009681
7 0.009685
7 0.009687
7 0.009692
7 0.009701
7 0.009701
7 0.009706
7 0.009779
7 0.009779
7 0.009792
7 0.009792
7 0.009801
7 0.009802
7 0.009806
7 0.009808
8 0.009808
7 0.009819
7 0.009821
6 0.009830
6 0.009830
6 0.009830
6 0.009830
6 0.009830
6 0.009830
7 0.009838
7 0.009839
7 0.009839
7 0.009876
7 0.009884
7 0.009884
10 0.009903
10 0.009927
10 0.009929
10 0.009936
7 0.009942
6 0.009950
6 0.009950
7 0.009955
7 0.009956
6 0.009956
6 0.009962
7 0.009967
7 0.009967
7 0.009968
7 0.009968
6 0.009968
10 0.010042
6 0.010047
10 0.010048
10 0.010048
10 0.010048
10 0.010048
10 0.010048
10 0.010050
6 0.010052
6 0.010059
7 0.010072
7 0.010072
7 0.010072
5 0.010088
5 0.010088
5 0.010088
5 0.010088
10 0.010093
7 0.010119
7 0.010131
7 0.010132
7 0.010178
7 0.010179
7 0.010191
7 0.010192
8 0.010204
7 0.010223
7 0.010224
7 0.010224
7 0.010224
7 0.010224
7 0.010224
7 0.010228
7 0.010229
7 0.010239
7 0.010244
7 0.010245
6 0.010300
6 0.010308
6 0.010320
7 0.010335
7 0.010336
7 0.010340
7 0.010341
7 0.010378
7 0.010384
7 0.010389
7 0.010392
7 0.010392
7 0.010400
7 0.010404
7 0.010487
7 0.010495
10 0.010510
10 0.010510
10 0.010510
7 0.010511
7 0.010519
7 0.010521
7 0.010521
7 0.010535
6 0.010604
6 0.010608
6 0.010612
5 0.010628
5 0.010630
6 0.010701
7 0.010706
6 0.010706
7 0.010708
7 0.010708
6 0.010709
7 0.010714
6 0.010716
8 0.010717
7 0.010721
6 0.010723
6 0.010729
7 0.010730
6 0.010753
6 0.010753
6 0.010754
6 0.010754
6 0.010754
6 0.010755
6 0.010755
6 0.010755
6 0.010761
10 0.010762
10 0.010763
6 0.010763
10 0.010764
10 0.010764
6 0.010768
10 0.010772
10 0.010772
10 0.010772
6 0.010774
6 0.010777
6 0.010793
5 0.010794
5 0.010794
5 0.010794
5 0.010794
6 0.010794
6 0.010794
6 0.010795
6 0.010795
6 0.010795
5 0.010802
5 0.010802
5 0.010802
7 0.010806
7 0.010807
7 0.010807
10 0.010815
10 0.010816
7 0.010819
10 0.010825
7 0.010837
6 0.010855
6 0.010855
6 0.010855
6 0.010857
6 0.010857
6 0.010857
7 0.010874
7 0.010875
7 0.010883
7 0.010884
10 0.010929
7 0.010936
7 0.010936
10 0.010944
10 0.010944
10 0.010944
10 0.010944
10 0.010944
10 0.010947
7 0.010952
7 0.010952
10 0.010976
6 0.010977
6 0.010990
10 0.010998
6 0.011075
6 0.011075
6 0.011075
7 0.011077
7 0.011078
5 0.011081
5 0.011082
5 0.011088
5 0.011092
5 0.011092
5 0.011092
7 0.011093
7 0.011121
7 0.011121
7 0.011139
5 0.011151
5 0.011152
5 0.011155
5 0.011155
6 0.011201
6 0.011201
6 0.011201
6 0.011201
6 0.011201
6 0.011201
6 0.011245
6 0.011245
6 0.011245
6 0.011245
6 0.011245
6 0.011245
6 0.011295
6 0.011312
6 0.011466
5 0.011470
5 0.011474
5 0.011474
7 0.011536
7 0.011546
7 0.011547
5 0.011558
5 0.011558
6 0.011572
6 0.011574
6 0.011576
6 0.011578
6 0.011578
6 0.011580
6 0.011581
9 0.011629
9 0.011629
6 0.011749
6 0.011760
6 0.011761
6 0.011768
6 0.011769
6 0.011770
8 0.011791
5 0.011799
5 0.011799
5 0.011799
6 0.011850
6 0.011851
6 0.011858
6 0.011860
6 0.011860
7 0.011884
7 0.011885
7 0.011891
7 0.011902
6 0.011919
7 0.011921
6 0.011968
6 0.012093
6 0.012097
6 0.012097
6 0.012100
6 0.012100
6 0.012100
9 0.012169
6 0.012177
9 0.012180
9 0.012180
7 0.012184
6 0.012191
6 0.012202
7 0.012204
7 0.012205
5 0.012207
5 0.012207
5 0.012208
5 0.012208
7 0.012225
10 0.012254
10 0.012256
10 0.012257
6 0.012313
6 0.012313
6 0.012315
6 0.012315
6 0.012315
6 0.012315
6 0.012315
6 0.012375
6 0.012387
6 0.012393
6 0.012395
6 0.012395
6 0.012395
6 0.012397
6 0.012406
6 0.012406
9 0.012409
9 0.012409
9 0.012412
6 0.012415
7 0.012453
7 0.012454
6 0.012485
5 0.012518
5 0.012522
5 0.012529
5 0.012530
6 0.012539
10 0.012575
10 0.012579
10 0.012582
10 0.012582
5 0.012590
5 0.012590
5 0.012590
10 0.012593
10 0.012593
10 0.012593
9 0.012599
9 0.012599
5 0.012609
5 0.012621
5 0.012621
5 0.012621
5 0.012626
5 0.012634
5 0.012637
5 0.012637
5 0.012637
5 0.012646
5 0.012646
5 0.012656
5 0.012656
5 0.012661
5 0.012678
7 0.012678
7 0.012680
5 0.012682
7 0.012685
7 0.012687
5 0.012692
5 0.012695
5 0.012698
5 0.012701
5 0.012704
10 0.012705
10 0.012707
10 0.012719
5 0.012744
5 0.012745
5 0.012747
5 0.012747
6 0.012784
10 0.012801
5 0.012802
5 0.012803
5 0.012805
10 0.012847
10 0.012847
10 0.012850
10 0.012850
10 0.012850
10 0.012852
10 0.012872
6 0.012904
6 0.012904
6 0.012904
6 0.012904
6 0.012904
6 0.012904
10 0.012923
5 0.012994
5 0.012994
5 0.013067
5 0.013068
5 0.013072
5 0.013073
5 0.013163
5 0.013164
5 0.013165
9 0.013227
9 0.013238
9 0.013241
5 0.013316
5 0.013325
5 0.013328
5 0.013329
5 0.013336
5 0.013337
5 0.013338
5 0.013339
5 0.013353
5 0.013356
5 0.013356
5 0.013357
5 0.013357
6 0.013382
6 0.013384
6 0.013385
6 0.013402
6 0.013403
6 0.013414
5 0.013418
5 0.013427
5 0.013427
7 0.013441
7 0.013443
7 0.013445
6 0.013453
7 0.013469
7 0.013470
9 0.013520
9 0.013520
9 0.013523
4 0.013643
4 0.013655
4 0.013655
4 0.013664
4 0.013672
4 0.013675
4 0.013676
4 0.013684
4 0.013685
4 0.013685
4 0.013685
4 0.013706
4 0.013706
4 0.013714
6 0.013745
6 0.013759
4 0.013771
5 0.013811
5 0.013812
5 0.013815
5 0.013816
5 0.013816
6 0.013869
5 0.013881
5 0.013882
5 0.013891
5 0.013892
7 0.013984
7 0.013985
4 0.013996
7 0.013997
5 0.014016
5 0.014017
5 0.014026
6 0.014084
6 0.014084
6 0.014104
6 0.014104
6 0.014104
6 0.014116
7 0.014138
7 0.014140
5 0.014221
5 0.014221
4 0.014223
4 0.014236
5 0.014241
5 0.014241
5 0.014241
5 0.014252
5 0.014252
4 0.014268
5 0.014433
5 0.014433
5 0.014433
5 0.014455
5 0.014455
5 0.014455
5 0.014466
5 0.014466
7 0.014470
7 0.014498
7 0.014500
4 0.014606
4 0.014606
5 0.014611
9 0.014627
9 0.014627
4 0.014630
4 0.014630
5 0.014636
4 0.014640
6 0.014640
5 0.014789
5 0.014790
5 0.014790
5 0.014864
5 0.014864
5 0.014886
5 0.014886
5 0.014900
5 0.014900
6 0.014944
6 0.014946
6 0.014947
6 0.014962
6 0.014963
8 0.014967
4 0.015029
4 0.015029
4 0.015030
4 0.015046
4 0.015054
4 0.015054
4 0.015064
4 0.015064
4 0.015069
4 0.015071
4 0.015071
4 0.015094
5 0.015095
5 0.015095
5 0.015095
4 0.015097
4 0.015105
4 0.015107
5 0.015112
5 0.015112
5 0.015112
5 0.015112
5 0.015113
5 0.015113
5 0.015113
5 0.015113
5 0.015119
5 0.015119
5 0.015119
4 0.015130
5 0.015131
5 0.015131
8 0.015375
9 0.015444
9 0.015461
9 0.015462
4 0.015508
4 0.015524
4 0.015535
4 0.015545
4 0.015545
4 0.015546
4 0.015551
4 0.015551
4 0.015551
4 0.015562
4 0.015569
4 0.015569
4 0.015571
4 0.015578
4 0.015583
8 0.015599
8 0.015599
8 0.015601
8 0.015620
8 0.015620
8 0.015620
4 0.015649
4 0.015651
4 0.015654
8 0.015660
8 0.015660
4 0.015676
4 0.015678
4 0.015688
5 0.015703
5 0.015703
5 0.015703
5 0.015704
5 0.015704
5 0.015704
5 0.015704
4 0.015708
9 0.015720
5 0.015721
5 0.015721
5 0.015722
5 0.015722
9 0.015738
5 0.015750
5 0.015751
5 0.015751
4 0.015759
4 0.015760
4 0.015760
4 0.015778
6 0.015824
6 0.015824
6 0.015842
6 0.015842
6 0.015842
6 0.015853
6 0.015879
9 0.015883
9 0.015883
9 0.015888
6 0.015893
5 0.016015
5 0.016016
5 0.016040
5 0.016040
5 0.016056
5 0.016057
8 0.016113
8 0.016113
8 0.016137
8 0.016137
8 0.016137
4 0.016245
4 0.016319
5 0.016361
5 0.016361
5 0.016362
5 0.016362
4 0.016384
5 0.016393
5 0.016394
5 0.016394
4 0.016484
5 0.016679
5 0.016680
5 0.016706
5 0.016708
5 0.016726
5 0.016751
5 0.016751
5 0.016752
5 0.016752
8 0.016798
8 0.016806
4 0.016809
4 0.016810
4 0.016810
4 0.016841
4 0.016841
4 0.016855
10 0.016897
10 0.016897
10 0.016897
8 0.017001
7 0.017007
7 0.017007
8 0.017051
5 0.017062
5 0.017092
5 0.017108
10 0.017172
10 0.017200
10 0.017203
10 0.017212
8 0.017232
6 0.017287
6 0.017322
10 0.017352
10 0.017354
10 0.017354
10 0.017354
10 0.017354
10 0.017354
10 0.017354
8 0.017357
7 0.017382
7 0.017382
4 0.017400
10 0.017408
4 0.017519
7 0.017546
7 0.017546
4 0.017553
10 0.017659
10 0.017668
10 0.017670
10 0.017670
10 0.017670
10 0.017670
8 0.017717
7 0.017804
7 0.017804
8 0.017913
4 0.017960
10 0.017965
4 0.017996
10 0.018010
10 0.018012
10 0.018022
8 0.018027
8 0.018047
8 0.018100
10 0.018162
10 0.018170
10 0.018170
10 0.018170
10 0.018170
10 0.018170
10 0.018170
4 0.018176
4 0.018176
4 0.018177
4 0.018177
4 0.018177
4 0.018212
4 0.018212
4 0.018213
4 0.018213
4 0.018213
10 0.018216
4 0.018228
4 0.018229
10 0.018229
10 0.018253
10 0.018258
10 0.018258
10 0.018282
10 0.018282
10 0.018282
6 0.018393
3 0.018395
8 0.018423
8 0.018432
4 0.018519
8 0.018679
8 0.018689
10 0.018694
8 0.018711
8 0.018721
8 0.018741
8 0.018747
10 0.018787
10 0.018793
4 0.018818
4 0.018818
10 0.018818
4 0.018857
4 0.018857
10 0.018870
4 0.018874
10 0.018878
10 0.018878
10 0.018878
3 0.018886
3 0.018887
10 0.018918
10 0.018919
10 0.018928
10 0.018929
10 0.018930
10 0.018931
3 0.018935
3 0.018935
4 0.019013
4 0.019013
4 0.019043
4 0.019043
4 0.019043
4 0.019043
4 0.019044
4 0.019083
4 0.019083
4 0.019084
4 0.019084
4 0.019085
10 0.019087
4 0.019100
8 0.019100
4 0.019101
7 0.019192
7 0.019192
10 0.019206
4 0.019255
4 0.019255
4 0.019256
4 0.019256
4 0.019256
10 0.019280
10 0.019282
10 0.019293
7 0.019334
7 0.019338
7 0.019338
8 0.019356
3 0.019380
3 0.019404
3 0.019417
3 0.019429
10 0.019431
10 0.019450
10 0.019450
10 0.019450
10 0.019450
10 0.019450
10 0.019450
3 0.019468
10 0.019518
3 0.019553
8 0.019683
8 0.019684
8 0.019693
8 0.019695
8 0.019700
6 0.019758
6 0.019786
6 0.019786
8 0.019859
8 0.019867
8 0.019896
4 0.019977
3 0.020215
3 0.020218
3 0.020219
4 0.020231
4 0.020231
4 0.020232
4 0.020232
4 0.020233
4 0.020233
3 0.020249
3 0.020271
3 0.020272
3 0.020276
3 0.020305
3 0.020306
3 0.020328
3 0.020332
3 0.020333
8 0.020359
8 0.020362
4 0.020396
4 0.020549
4 0.020549
4 0.020549
4 0.020596
4 0.020596
4 0.020615
4 0.020674
8 0.020715
3 0.020730
7 0.020779
9 0.020798
7 0.020811
9 0.020812
7 0.020872
7 0.020872
6 0.020900
6 0.020951
6 0.020952
10 0.020971
10 0.020971
10 0.020971
8 0.020973
6 0.020976
6 0.020976
6 0.020983
6 0.020983
7 0.021047
7 0.021047
4 0.021099
7 0.021109
7 0.021109
4 0.021149
4 0.021170
10 0.021356
3 0.021423
3 0.021459
3 0.021486
10 0.021495
10 0.021499
3 0.021505
3 0.021508
4 0.021509
10 0.021512
3 0.021522
3 0.021522
3 0.021533
3 0.021534
3 0.021534
3 0.021548
3 0.021566
3 0.021568
3 0.021586
3 0.021596
3 0.021612
10 0.021634
10 0.021679
10 0.021679
10 0.021679
10 0.021679
10 0.021679
10 0.021679
3 0.021704
3 0.021711
3 0.021720
10 0.021764
3 0.021768
3 0.021776
4 0.021805
5 0.021887
5 0.021887
5 0.021933
5 0.021933
5 0.021937
5 0.021937
4 0.021939
5 0.021963
5 0.021965
5 0.021983
5 0.021983
5 0.022009
5 0.022009
5 0.022015
5 0.022015
5 0.022041
7 0.022067
7 0.022070
5 0.022147
5 0.022149
5 0.022149
9 0.022377
9 0.022399
9 0.022415
7 0.022475
7 0.022539
6 0.022540
4 0.022568
6 0.022568
6 0.022568
7 0.022829
7 0.022845
7 0.022902
3 0.022987
3 0.023059
3 0.023059
9 0.023432
9 0.023443
9 0.023450
7 0.023461
9 0.023531
7 0.023538
7 0.023538
9 0.023573
7 0.023574
7 0.023601
7 0.023639
8 0.023650
8 0.023674
7 0.023718
7 0.023718
8 0.023771
8 0.024065
8 0.024091
8 0.024166
7 0.024254
5 0.024263
5 0.024263
5 0.024263
5 0.024263
5 0.024265
5 0.024265
5 0.024265
5 0.024265
7 0.024270
7 0.024332
7 0.024339
8 0.024354
7 0.024380
8 0.024382
4 0.024543
8 0.024635
6 0.024741
7 0.024785
7 0.024792
6 0.024822
8 0.024906
3 0.025051
3 0.025051
3 0.025052
3 0.025052
3 0.025052
3 0.025137
3 0.025138
7 0.025182
7 0.025182
8 0.025260
7 0.025262
7 0.025262
8 0.025269
8 0.025278
9 0.025282
9 0.025282
10 0.025296
10 0.025296
10 0.025296
8 0.025315
8 0.025332
8 0.025343
8 0.025428
8 0.025437
7 0.025528
7 0.025528
8 0.025533
7 0.025611
10 0.025805
10 0.025831
8 0.025835
10 0.025836
10 0.025836
10 0.025856
10 0.025856
10 0.025856
7 0.025944
7 0.025944
7 0.025944
8 0.026117
8 0.026136
10 0.026137
10 0.026142
10 0.026163
10 0.026213
9 0.026266
9 0.026288
9 0.026289
7 0.026312
7 0.026312
7 0.026312
7 0.026312
10 0.026333
10 0.026333
10 0.026333
10 0.026333
10 0.026333
10 0.026333
10 0.026333
10 0.026460
8 0.026635
6 0.026650
8 0.026655
6 0.026673
3 0.026689
3 0.026689
3 0.026690
8 0.026701
8 0.026721
5 0.026743
5 0.026743
6 0.026744
7 0.026750
7 0.026750
9 0.026764
9 0.026764
3 0.026764
3 0.026764
3 0.026765
9 0.026787
3 0.026787
8 0.026827
5 0.026829
5 0.026829
7 0.026846
3 0.026863
3 0.026863
3 0.026863
8 0.027135
3 0.027207
3 0.027207
3 0.027208
7 0.027212
7 0.027212
7 0.027212
3 0.027245
7 0.027281
7 0.027281
3 0.027309
3 0.027311
3 0.027311
7 0.027325
7 0.027325
7 0.027325
7 0.027338
3 0.027347
3 0.027347
3 0.027413
8 0.027451
7 0.027503
7 0.027503
7 0.027503
8 0.027508
8 0.027508
8 0.027523
8 0.027523
8 0.027523
8 0.027579
8 0.027579
8 0.027579
8 0.027655
7 0.027689
7 0.027689
7 0.027747
7 0.027747
7 0.027910
8 0.027980
7 0.028014
7 0.028019
4 0.028020
4 0.028023
4 0.028025
8 0.028035
8 0.028035
8 0.028035
7 0.028084
7 0.028084
8 0.028087
8 0.028087
4 0.028099
4 0.028102
8 0.028114
4 0.028143
7 0.028159
7 0.028159
6 0.028175
7 0.028205
7 0.028205
7 0.028205
5 0.028322
8 0.028329
5 0.028366
5 0.028370
7 0.028411
7 0.028411
5 0.028453
5 0.028498
5 0.028511
5 0.028511
7 0.028518
6 0.028545
7 0.028561
7 0.028568
6 0.028602
6 0.028602
7 0.028621
7 0.028628
7 0.028663
7 0.028676
6 0.028698
6 0.028698
7 0.028708
7 0.028759
7 0.028779
7 0.028810
7 0.028818
7 0.028870
7 0.029011
7 0.029011
8 0.029066
7 0.029075
4 0.029096
4 0.029096
4 0.029190
4 0.029190
4 0.029230
7 0.029248
7 0.029313
7 0.029342
7 0.029416
7 0.029456
6 0.029536
6 0.029536
7 0.029538
7 0.029578
6 0.029599
6 0.029599
6 0.029599
6 0.029600
5 0.029603
8 0.029609
8 0.029626
5 0.029660
10 0.029675
10 0.029675
10 0.029675
8 0.029691
7 0.029707
5 0.029746
2 0.030015
2 0.030020
10 0.030079
7 0.030101
7 0.030101
7 0.030111
7 0.030111
8 0.030125
2 0.030132
2 0.030144
10 0.030174
10 0.030178
10 0.030191
8 0.030192
8 0.030221
8 0.030223
8 0.030242
2 0.030245
8 0.030280
8 0.030310
7 0.030315
7 0.030359
10 0.030364
9 0.030366
9 0.030366
10 0.030385
10 0.030385
10 0.030385
10 0.030385
10 0.030385
10 0.030385
7 0.030403
4 0.030408
4 0.030422
4 0.030423
8 0.030459
10 0.030468
7 0.030489
4 0.030515
4 0.030516
7 0.030532
7 0.030543
7 0.030545
4 0.030568
4 0.030568
7 0.030662
4 0.030662
7 0.030694
7 0.030694
8 0.030708
5 0.030712
5 0.030716
5 0.030716
8 0.030740
5 0.030826
5 0.030826
5 0.030830
5 0.030830
7 0.030856
8 0.030861
7 0.030907
7 0.030913
8 0.030923
7 0.030987
7 0.030996
7 0.031024
7 0.031066
7 0.031095
7 0.031146
6 0.031193
7 0.031224
6 0.031261
6 0.031261
8 0.031265
7 0.031274
7 0.031275
7 0.031345
6 0.031374
6 0.031374
7 0.031483
7 0.031486
7 0.031522
8 0.031531
7 0.031534
7 0.031568
7 0.031591
7 0.031708
9 0.031751
6 0.031764
6 0.031764
9 0.031768
9 0.031784
8 0.031856
4 0.031937
4 0.031937
4 0.031964
4 0.031964
6 0.032019
4 0.032040
4 0.032040
5 0.032082
5 0.032082
6 0.032091
6 0.032091
4 0.032097
10 0.032144
10 0.032144
10 0.032144
5 0.032205
5 0.032205
5 0.032206
5 0.032206
6 0.032211
6 0.032211
5 0.032330
7 0.032334
8 0.032451
7 0.032481
9 0.032529
9 0.032529
9 0.032563
10 0.032600
4 0.032626
4 0.032626
4 0.032629
4 0.032629
4 0.032629
7 0.032683
7 0.032702
4 0.032733
4 0.032733
4 0.032736
4 0.032736
4 0.032736
7 0.032747
10 0.032756
10 0.032759
7 0.032769
10 0.032776
4 0.032793
4 0.032796
10 0.032935
10 0.032979
10 0.032979
10 0.032979
10 0.032979
10 0.032979
10 0.032979
5 0.033067
5 0.033071
10 0.033078
7 0.033092
6 0.033115
6 0.033124
6 0.033129
7 0.033171
5 0.033254
5 0.033258
5 0.033258
2 0.033322
5 0.033388
5 0.033388
5 0.033392
5 0.033392
8 0.033393
2 0.033424
5 0.033567
5 0.033571
2 0.033598
7 0.033623
7 0.033706
7 0.033715
7 0.033828
7 0.033837
6 0.033864
6 0.033864
6 0.033864
6 0.033864
6 0.033864
6 0.033864
6 0.033928
6 0.033928
6 0.033928
6 0.033971
6 0.033971
6 0.033971
6 0.033971
6 0.033971
6 0.033971
4 0.034188
4 0.034191
4 0.034306
4 0.034306
4 0.034309
7 0.034316
7 0.034316
7 0.034316
4 0.034374
7 0.034491
7 0.034491
7 0.034491
4 0.034755
4 0.034755
7 0.034809
7 0.034809
7 0.034815
7 0.034851
4 0.034877
4 0.034877
7 0.034905
4 0.034944
7 0.034986
7 0.034986
7 0.035014
7 0.035014
7 0.035064
7 0.035067
7 0.035067
6 0.035076
6 0.035076
7 0.035227
7 0.035329
7 0.035495
4 0.035529
4 0.035529
4 0.035532
4 0.035532
4 0.035536
4 0.035536
4 0.035657
4 0.035657
4 0.035660
4 0.035660
4 0.035664
7 0.035677
7 0.035677
7 0.035698
7 0.035698
7 0.035705
7 0.035705
4 0.035727
4 0.035730
7 0.035994
5 0.036032
5 0.036037
5 0.036037
4 0.036076
6 0.036125
6 0.036125
7 0.036177
6 0.036244
7 0.036369
7 0.036377
7 0.036377
6 0.036377
10 0.036378
10 0.036378
10 0.036378
7 0.036378
7 0.036398
6 0.036447
6 0.036452
8 0.036484
7 0.036536
7 0.036546
6 0.036611
6 0.036623
6 0.036628
5 0.036757
7 0.036781
7 0.036781
7 0.036781
7 0.036781
10 0.036928
5 0.036973
5 0.036978
6 0.037096
6 0.037096
7 0.037097
7 0.037097
7 0.037097
4 0.037185
6 0.037197
2 0.037208
10 0.037214
10 0.037219
10 0.037240
10 0.037358
10 0.037451
10 0.037451
10 0.037451
10 0.037451
10 0.037451
10 0.037451
7 0.037492
7 0.037509
10 0.037580
7 0.037617
2 0.037638
7 0.037669
7 0.037671
2 0.037747
6 0.037768
6 0.037768
3 0.037814
3 0.037814
8 0.037814
8 0.037814
8 0.037814
7 0.037821
7 0.037849
8 0.037901
6 0.037907
7 0.037935
7 0.037935
7 0.037935
7 0.037979
7 0.037990
7 0.037990
8 0.037998
8 0.037998
4 0.038002
6 0.038010
3 0.038010
6 0.038081
6 0.038081
6 0.038081
7 0.038130
6 0.038187
6 0.038187
8 0.038191
6 0.038247
6 0.038272
6 0.038327
6 0.038376
6 0.038386
6 0.038386
6 0.038386
7 0.038423
6 0.038432
10 0.038466
6 0.038481
6 0.038481
10 0.038489
10 0.038495
7 0.038506
7 0.038511
7 0.038525
6 0.038672
7 0.038689
7 0.038689
7 0.038689
7 0.038694
7 0.038694
7 0.038718
7 0.038718
7 0.038746
6 0.038758
6 0.038769
7 0.038769
7 0.038769
7 0.038769
7 0.038812
7 0.038812
8 0.038823
8 0.038823
8 0.038823
6 0.038856
6 0.038879
7 0.038909
7 0.038912
6 0.038967
7 0.038980
7 0.039050
7 0.039151
7 0.039151
7 0.039151
7 0.039173
7 0.039207
7 0.039400
7 0.039400
10 0.039423
6 0.039441
6 0.039441
8 0.039525
6 0.039541
6 0.039541
6 0.039541
10 0.039542
4 0.039543
10 0.039553
10 0.039553
8 0.039579
10 0.039600
10 0.039600
10 0.039600
7 0.039634
8 0.039682
7 0.039749
7 0.039918
7 0.039926
5 0.040066
5 0.040066
5 0.040072
5 0.040072
5 0.040072
5 0.040072
5 0.040078
5 0.040078
5 0.040333
5 0.040333
10 0.040383
5 0.040440
5 0.040440
5 0.040440
7 0.040476
7 0.040476
7 0.040476
7 0.040496
7 0.040496
7 0.040540
7 0.040563
7 0.040563
5 0.040599
5 0.040599
7 0.040611
6 0.040622
7 0.040642
7 0.040654
7 0.040669
7 0.040669
7 0.040677
7 0.040677
7 0.040688
10 0.040718
7 0.040732
7 0.040741
7 0.040756
4 0.040777
10 0.040814
10 0.040826
7 0.040828
7 0.040863
4 0.040868
4 0.040868
10 0.040876
7 0.040916
10 0.040918
10 0.040918
10 0.040918
7 0.040928
10 0.040943
10 0.040943
10 0.040950
4 0.040961
7 0.040977
7 0.040977
4 0.041037
4 0.041037
7 0.041053
4 0.041054
4 0.041054
7 0.041056
7 0.041078
6 0.041093
7 0.041110
8 0.041117
4 0.041133
7 0.041147
4 0.041158
4 0.041158
7 0.041168
7 0.041174
7 0.041195
4 0.041224
4 0.041224
10 0.041241
7 0.041290
7 0.041304
4 0.041304
7 0.041307
7 0.041322
7 0.041326
7 0.041326
4 0.041329
4 0.041329
4 0.041423
6 0.041435
6 0.041435
8 0.041504
7 0.041509
7 0.041523
6 0.041555
6 0.041555
6 0.041555
6 0.041555
6 0.041555
6 0.041757
6 0.041757
6 0.041757
6 0.041757
6 0.041757
7 0.042013
7 0.042013
6 0.042034
6 0.042049
6 0.042149
6 0.042149
6 0.042149
7 0.042262
7 0.042262
7 0.042344
6 0.042384
6 0.042384
7 0.042569
8 0.042638
7 0.042708
8 0.042932
7 0.042994
7 0.043150
7 0.043172
7 0.043172
7 0.043251
7 0.043254
8 0.043347
6 0.043397
4 0.043428
4 0.043428
7 0.043548
7 0.043548
7 0.043548
4 0.043618
4 0.043618
7 0.043668
7 0.043668
6 0.043696
4 0.043723
4 0.043724
4 0.043727
7 0.043875
7 0.043910
7 0.043910
7 0.043985
4 0.044027
6 0.044051
7 0.044146
7 0.044252
7 0.044342
7 0.044401
7 0.044492
5 0.044504
5 0.044504
5 0.044511
5 0.044512
5 0.044512
5 0.044519
5 0.044519
7 0.044835
7 0.044845
7 0.044845
7 0.044845
7 0.044871
7 0.045017
7 0.045021
10 0.045038
10 0.045038
10 0.045038
7 0.045063
7 0.045086
7 0.045118
7 0.045190
7 0.045190
7 0.045212
7 0.045300
7 0.045306
7 0.045360
7 0.045448
7 0.045477
7 0.045548
9 0.045610
9 0.045610
5 0.045614
7 0.045685
7 0.045702
6 0.045790
6 0.045790
6 0.045790
6 0.045790
6 0.045790
6 0.045790
6 0.045790
10 0.045792
6 0.045834
6 0.045834
5 0.045956
7 0.045964
7 0.045981
6 0.045983
6 0.045988
5 0.045990
5 0.045990
7 0.046011
7 0.046011
7 0.046011
6 0.046035
5 0.046105
5 0.046105
5 0.046326
5 0.046326
7 0.046371
6 0.046378
7 0.046421
10 0.046455
10 0.046458
10 0.046466
10 0.046499
7 0.046522
7 0.046527
7 0.046585
6 0.046613
3 0.046636
4 0.046642
3 0.046644
7 0.046687
10 0.046696
10 0.046696
10 0.046696
10 0.046696
10 0.046696
10 0.046696
7 0.046696
7 0.046760
4 0.046762
4 0.046762
6 0.046788
6 0.046788
7 0.046817
7 0.046821
7 0.046876
5 0.046889
10 0.046898
6 0.046915
6 0.046915
6 0.046915
7 0.046933
4 0.046983
4 0.046983
5 0.046994
7 0.046997
7 0.047039
7 0.047085
7 0.047114
7 0.047159
7 0.047161
5 0.047162
5 0.047254
5 0.047269
5 0.047360
5 0.047360
5 0.047360
5 0.047360
5 0.047360
5 0.047360
5 0.047407
5 0.047407
5 0.047446
7 0.047456
5 0.047523
5 0.047523
6 0.047538
5 0.047547
7 0.047558
5 0.047601
5 0.047611
5 0.047611
5 0.047611
6 0.047660
5 0.047712
5 0.047712
5 0.047712
6 0.047724
5 0.047767
5 0.047767
6 0.047819
6 0.047858
6 0.047858
6 0.047858
6 0.047966
6 0.048200
6 0.048200
6 0.048200
7 0.048251
5 0.048266
5 0.048266
7 0.048304
7 0.048313
7 0.048322
7 0.048333
7 0.048341
7 0.048372
7 0.048375
7 0.048384
7 0.048417
5 0.048419
5 0.048419
5 0.048419
7 0.048426
4 0.048427
4 0.048427
4 0.048433
4 0.048433
4 0.048433
5 0.048439
9 0.048445
7 0.048452
5 0.048490
7 0.048497
5 0.048504
9 0.048511
9 0.048522
5 0.048544
7 0.048558
5 0.048561
7 0.048563
7 0.048563
7 0.048567
6 0.048568
6 0.048568
6 0.048581
6 0.048581
6 0.048581
6 0.048581
6 0.048581
6 0.048581
6 0.048581
5 0.048596
5 0.048601
7 0.048610
7 0.048610
5 0.048647
5 0.048647
5 0.048647
7 0.048674
7 0.048676
7 0.048764
6 0.048840
7 0.048926
6 0.048944
6 0.048944
6 0.048957
6 0.048966
6 0.048998
6 0.048998
6 0.048998
7 0.049003
7 0.049063
7 0.049063
6 0.049121
6 0.049121
6 0.049125
6 0.049125
6 0.049134
6 0.049134
7 0.049147
7 0.049147
6 0.049156
7 0.049186
7 0.049195
7 0.049227
7 0.049227
7 0.049232
8 0.049233
8 0.049279
7 0.049368
7 0.049368
8 0.049400
6 0.049407
6 0.049407
7 0.049414
7 0.049414
6 0.049416
6 0.049416
6 0.049438
6 0.049438
6 0.049498
6 0.049498
6 0.049498
7 0.049537
8 0.049579
6 0.049591
6 0.049591
8 0.049625
6 0.049670
6 0.049728
7 0.049732
8 0.049785
6 0.049808
6 0.049822
6 0.049822
7 0.049823
7 0.049846
7 0.049848
8 0.049977
6 0.050041
6 0.050041
6 0.050041
10 0.050149
10 0.050149
10 0.050149
6 0.050216
6 0.050216
8 0.050299
9 0.050671
9 0.050671
5 0.050698
9 0.050754
10 0.050760
6 0.050836
6 0.050836
6 0.050976
6 0.050976
6 0.050976
5 0.051009
6 0.051049
10 0.051056
10 0.051056
10 0.051056
5 0.051120
6 0.051139
6 0.051198
6 0.051198
10 0.051232
9 0.051261
10 0.051316
10 0.051316
10 0.051316
10 0.051316
10 0.051316
10 0.051316
6 0.051332
6 0.051332
6 0.051332
9 0.051348
5 0.051436
10 0.051453
7 0.051562
7 0.051562
6 0.051600
7 0.051937
7 0.051937
7 0.052040
7 0.052040
7 0.052040
8 0.052116
8 0.052249
8 0.052249
8 0.052249
7 0.052356
7 0.052356
7 0.052373
7 0.052373
7 0.052373
7 0.052373
8 0.052427
8 0.052427
7 0.052502
7 0.052502
7 0.052502
8 0.052524
7 0.052571
7 0.052571
7 0.052571
7 0.052582
7 0.052582
7 0.052718
7 0.052718
7 0.052718
7 0.052798
7 0.052798
7 0.053373
7 0.053373
7 0.053373
8 0.053396
8 0.053680
6 0.053761
8 0.053818
7 0.053894
7 0.053894
7 0.053894
8 0.053900
6 0.053901
6 0.054057
5 0.054106
5 0.054106
5 0.054106
5 0.054106
9 0.054239
9 0.054239
6 0.054434
3 0.054451
6 0.054496
6 0.054538
6 0.054609
3 0.054617
6 0.054800
8 0.054891
6 0.054915
8 0.054918
4 0.055111
4 0.055111
4 0.055118
4 0.055118
4 0.055128
7 0.055175
7 0.055204
5 0.055232
7 0.055270
7 0.055374
7 0.055389
7 0.055389
8 0.055448
7 0.055580
7 0.055609
7 0.055673
5 0.055734
7 0.055788
7 0.055801
8 0.055807
7 0.055847
8 0.055891
7 0.055897
7 0.055922
7 0.055994
8 0.056066
7 0.056088
4 0.056119
8 0.056170
4 0.056179
7 0.056265
8 0.056294
9 0.056316
9 0.056319
9 0.056319
7 0.056414
7 0.056437
7 0.056437
4 0.056438
8 0.056472
7 0.056612
8 0.056741
7 0.056760
7 0.056812
8 0.056957
6 0.057481
6 0.057481
6 0.057481
7 0.057564
10 0.057630
10 0.057630
10 0.057630
7 0.057717
7 0.057717
9 0.057793
9 0.057793
9 0.057810
7 0.057971
7 0.058008
7 0.058021
8 0.058032
8 0.058123
7 0.058245
8 0.058312
10 0.058380
7 0.058527
7 0.058541
8 0.058654
10 0.058911
10 0.058911
10 0.058911
10 0.059006
7 0.059081
7 0.059081
7 0.059105
5 0.059133
5 0.059146
5 0.059146
10 0.059176
10 0.059176
10 0.059176
10 0.059176
10 0.059176
10 0.059176
6 0.059255
6 0.059255
6 0.059268
6 0.059268
6 0.059300
6 0.059300
5 0.059324
5 0.059324
5 0.059337
5 0.059337
10 0.059361
6 0.059577
6 0.059577
6 0.059577
6 0.059652
6 0.059652
5 0.059691
5 0.059691
5 0.059704
5 0.059704
7 0.059848
6 0.059905
6 0.059905
6 0.059905
6 0.059906
6 0.059906
6 0.060139
8 0.060245
8 0.060330
8 0.060458
8 0.060472
6 0.060620
8 0.060697
8 0.060711
8 0.060756
7 0.061005
8 0.061132
8 0.061220
8 0.061361
8 0.061642
7 0.061660
7 0.061660
7 0.061660
7 0.061775
7 0.061789
7 0.062104
7 0.062104
8 0.062307
4 0.062338
8 0.062480
4 0.062513
4 0.062519
4 0.062521
4 0.062527
4 0.062586
7 0.062590
8 0.062619
4 0.062812
8 0.062966
8 0.063015
6 0.063064
4 0.063146
4 0.063152
4 0.063152
4 0.063158
4 0.063168
4 0.063218
4 0.063229
7 0.063235
8 0.063246
8 0.063261
7 0.063263
6 0.063288
7 0.063299
8 0.063310
8 0.063326
7 0.063327
8 0.063341
8 0.063492
5 0.063593
5 0.063593
5 0.063661
5 0.063661
5 0.063661
5 0.063680
5 0.063747
5 0.063751
5 0.063751
8 0.063755
6 0.063821
8 0.063898
5 0.063901
4 0.064047
5 0.064170
6 0.064187
7 0.064243
5 0.064395
8 0.064454
7 0.064466
7 0.064495
7 0.064495
4 0.064527
4 0.064533
4 0.064544
4 0.064555
4 0.064566
4 0.064593
7 0.064826
8 0.064830
3 0.064892
3 0.064951
8 0.065075
4 0.065083
4 0.065091
4 0.065092
4 0.065094
4 0.065100
4 0.065115
8 0.065193
7 0.065244
8 0.065824
8 0.065824
7 0.065846
7 0.065924
7 0.065924
8 0.065928
8 0.065946
8 0.065946
8 0.065946
8 0.065950
7 0.066164
7 0.066164
7 0.066419
7 0.066538
8 0.066596
8 0.066596
7 0.066609
7 0.066711
7 0.066782
8 0.067038
7 0.067042
7 0.067074
7 0.067074
7 0.067110
7 0.067110
4 0.067135
8 0.067141
8 0.067164
7 0.067191
7 0.067236
7 0.067263
7 0.067272
7 0.067345
4 0.067349
4 0.067355
4 0.067358
4 0.067360
4 0.067362
7 0.067363
4 0.067364
7 0.067677
3 0.067689
7 0.067741
3 0.067798
7 0.067829
8 0.067829
7 0.067847
7 0.067902
7 0.068004
8 0.068013
8 0.068013
8 0.068013
8 0.068013
8 0.068013
8 0.068013
8 0.068013
7 0.068083
9 0.068172
8 0.068245
8 0.068245
7 0.068325
8 0.068371
8 0.068371
8 0.068371
6 0.068406
6 0.068448
6 0.068448
6 0.068466
6 0.068466
7 0.068611
7 0.068611
8 0.068634
8 0.068634
7 0.068667
7 0.068667
7 0.068804
5 0.069085
5 0.069085
5 0.069085
5 0.069085
7 0.069199
4 0.069260
5 0.069338
5 0.069355
5 0.069355
7 0.069406
6 0.069411
9 0.069415
5 0.069541
5 0.069541
5 0.069600
5 0.069600
5 0.069618
5 0.069618
7 0.069740
5 0.069774
7 0.069808
4 0.069845
6 0.069906
4 0.069949
4 0.069949
7 0.070092
5 0.070106
5 0.070124
5 0.070124
6 0.070131
6 0.070195
8 0.070294
4 0.070371
3 0.070375
4 0.070378
4 0.070379
4 0.070379
4 0.070386
4 0.070454
7 0.070502
3 0.070554
5 0.070576
5 0.070576
6 0.070636
7 0.070857
7 0.070857
7 0.071028
7 0.071028
7 0.071043
7 0.071063
7 0.071139
10 0.071174
10 0.071174
10 0.071174
7 0.071215
5 0.071397
8 0.071531
7 0.071572
7 0.071638
7 0.071654
7 0.071700
7 0.071710
7 0.071808
7 0.071932
7 0.071932
5 0.071953
5 0.072062
8 0.072072
6 0.072422
6 0.072422
6 0.072422
6 0.072475
6 0.072475
6 0.072475
6 0.072475
7 0.072627
10 0.072655
8 0.072674
7 0.072701
7 0.072706
7 0.072717
7 0.072717
6 0.072807
6 0.072807
4 0.072812
10 0.072827
10 0.072827
10 0.072827
10 0.072907
10 0.072927
10 0.072927
10 0.073008
10 0.073008
10 0.073008
7 0.073046
4 0.073148
7 0.073153
7 0.073153
7 0.073276
7 0.073276
7 0.073319
7 0.073319
7 0.073400
7 0.073400
7 0.073448
7 0.073448
7 0.073665
7 0.073676
10 0.073884
4 0.074016
6 0.074283
6 0.074283
10 0.074338
7 0.074555
7 0.074555
6 0.074688
5 0.074710
7 0.074806
10 0.074890
10 0.074911
5 0.075015
10 0.075091
10 0.075091
10 0.075091
6 0.075115
7 0.075239
7 0.075273
7 0.075273
7 0.075279
10 0.075314
10 0.075314
10 0.075314
10 0.075314
10 0.075314
10 0.075314
10 0.075399
10 0.075403
10 0.075403
10 0.075403
10 0.075403
10 0.075403
10 0.075403
10 0.075420
6 0.075477
10 0.075508
6 0.075517
7 0.075569
10 0.075619
7 0.075712
6 0.075884
10 0.075945
7 0.076156
7 0.076161
7 0.076202
5 0.076444
4 0.076768
4 0.076768
4 0.076794
4 0.076800
4 0.076809
4 0.076809
4 0.076820
4 0.076824
4 0.076828
5 0.076829
6 0.077014
6 0.077036
7 0.077346
7 0.077346
5 0.077404
7 0.077423
7 0.077519
6 0.077617
7 0.077706
7 0.077805
6 0.077956
8 0.077992
4 0.078454
4 0.078466
4 0.078524
4 0.078536
4 0.078540
7 0.078548
7 0.078613
7 0.078623
7 0.078665
4 0.078754
6 0.078766
8 0.078981
7 0.079183
7 0.079271
7 0.079277
7 0.079277
7 0.079334
7 0.079409
7 0.079416
7 0.079428
7 0.079485
7 0.079548
7 0.079573
7 0.079573
7 0.079828
7 0.079879
7 0.079930
4 0.080094
7 0.080263
7 0.080347
7 0.080347
6 0.081004
6 0.081018
7 0.081090
7 0.081090
7 0.081090
7 0.081103
7 0.081103
7 0.081103
6 0.081486
7 0.081573
7 0.081573
7 0.081927
5 0.081960
5 0.081960
5 0.081960
5 0.081960
5 0.081960
7 0.082055
5 0.082102
5 0.082102
8 0.082366
4 0.082435
7 0.082488
5 0.082716
5 0.082716
7 0.082829
4 0.082866
5 0.083022
5 0.083022
5 0.083022
5 0.083189
5 0.083189
4 0.083382
7 0.083549
7 0.083549
4 0.083982
7 0.084027
7 0.084467
9 0.084638
9 0.084638
8 0.084791
8 0.084871
4 0.085158
4 0.085169
4 0.085172
4 0.085182
4 0.085208
8 0.085231
4 0.085293
4 0.085319
10 0.085628
10 0.085628
10 0.085628
7 0.085633
8 0.085766
8 0.085766
6 0.085869
6 0.085936
6 0.085936
6 0.085964
6 0.085964
7 0.085992
7 0.086044
7 0.086044
5 0.086143
5 0.086229
5 0.086229
7 0.086422
7 0.086422
10 0.086615
8 0.086964
8 0.086964
7 0.086973
5 0.087040
7 0.087123
7 0.087230
7 0.087230
5 0.087369
5 0.087420
5 0.087420
5 0.087420
10 0.087465
10 0.087465
10 0.087465
7 0.087489
4 0.087689
4 0.087703
4 0.087721
4 0.087731
4 0.087740
4 0.087744
7 0.087758
4 0.087759
4 0.087770
4 0.087772
4 0.087785
4 0.087796
4 0.087796
4 0.087822
10 0.088022
7 0.088050
7 0.088050
5 0.088292
7 0.088347
7 0.088622
7 0.088622
6 0.088952
6 0.088952
6 0.088952
4 0.089079
4 0.089090
4 0.089090
4 0.089098
4 0.089101
7 0.089142
7 0.089142
7 0.089142
7 0.089142
4 0.089219
4 0.089222
7 0.089270
7 0.089270
9 0.089326
9 0.089453
9 0.089453
3 0.090025
3 0.090054
7 0.090082
3 0.090138
7 0.090967
7 0.090967
4 0.091176
7 0.091567
7 0.091609
7 0.091609
7 0.091609
6 0.091762
6 0.091762
6 0.091762
6 0.091762
6 0.091762
4 0.092030
4 0.092047
4 0.092052
6 0.092436
6 0.092436
6 0.092514
6 0.092514
6 0.092546
6 0.092546
4 0.092587
4 0.092604
4 0.092609
6 0.093023
4 0.093231
4 0.093325
4 0.093343
4 0.093348
4 0.093552
4 0.093569
7 0.093624
7 0.093624
9 0.093624
9 0.093624
9 0.093668
7 0.094038
7 0.094038
7 0.094482
7 0.094715
3 0.095010
3 0.095047
7 0.095147
7 0.095575
7 0.095575
7 0.095657
7 0.095657
7 0.095868
3 0.095965
3 0.096003
7 0.096108
4 0.096248
7 0.096321
7 0.096321
7 0.096731
7 0.096731
6 0.096747
8 0.096834
7 0.097191
4 0.097231
4 0.097250
4 0.097255
4 0.097292
4 0.097310
6 0.097405
6 0.097405
4 0.097422
6 0.098519
6 0.098519
7 0.098561
6 0.099109
6 0.099109
6 0.099146
6 0.099146
6 0.099236
6 0.099236
7 0.099374
4 0.099994
4 0.099994
7 0.100776
4 0.101010
4 0.101010
7 0.101307
7 0.101502
7 0.101502
4 0.101575
8 0.101605
8 0.101605
8 0.101605
6 0.101771
8 0.101895
8 0.101895
7 0.102208
7 0.102208
6 0.102239
7 0.102354
6 0.102480
6 0.102512
7 0.102722
7 0.102902
7 0.103040
7 0.103040
7 0.103242
7 0.103242
7 0.103263
5 0.103305
5 0.103305
7 0.103316
7 0.103338
7 0.103402
7 0.103402
7 0.103477
7 0.103477
7 0.103498
7 0.103498
8 0.103821
7 0.103907
7 0.103907
7 0.103983
7 0.103983
7 0.104406
7 0.104406
5 0.104641
7 0.104855
4 0.105040
7 0.105330
7 0.105330
7 0.105876
7 0.105876
7 0.106394
6 0.106530
6 0.106530
6 0.106530
6 0.106530
6 0.106530
6 0.106530
6 0.106530
4 0.107503
4 0.107520
4 0.107538
4 0.107554
4 0.107584
4 0.107731
4 0.107761
8 0.108554
5 0.108849
8 0.108956
8 0.108956
8 0.108956
4 0.109597
4 0.109614
7 0.109721
4 0.109734
4 0.109751
4 0.109797
10 0.110011
10 0.110011
10 0.110011
4 0.110092
4 0.110110
4 0.110153
4 0.110184
4 0.110294
4 0.110338
4 0.110370
7 0.110473
6 0.110571
7 0.110578
6 0.110607
6 0.110607
6 0.110607
6 0.110607
6 0.110607
6 0.110607
7 0.110644
7 0.110705
7 0.110705
5 0.110754
10 0.111201
6 0.111297
6 0.111297
7 0.111408
10 0.111436
4 0.111533
4 0.111567
4 0.111605
4 0.111637
4 0.111671
4 0.111703
4 0.111785
7 0.112158
6 0.112575
6 0.112575
6 0.112575
3 0.112921
3 0.112967
3 0.113114
10 0.113361
10 0.113361
10 0.113361
7 0.113533
7 0.113533
6 0.113753
10 0.114002
4 0.114172
4 0.114206
10 0.114247
4 0.114358
4 0.114406
4 0.114428
7 0.114469
4 0.114475
4 0.114509
4 0.114561
4 0.114595
10 0.114932
7 0.114943
7 0.114943
4 0.115135
7 0.115141
7 0.115141
7 0.115154
7 0.115154
8 0.115579
7 0.116822
7 0.117151
8 0.117506
6 0.117509
6 0.117509
6 0.117509
6 0.117509
6 0.117509
6 0.117509
7 0.117578
4 0.117716
7 0.117800
10 0.118412
10 0.118412
10 0.118412
8 0.118669
7 0.118723
4 0.118877
4 0.118883
4 0.118898
4 0.118912
4 0.118918
7 0.118934
4 0.118945
4 0.118965
7 0.119076
7 0.119076
7 0.119076
7 0.119204
7 0.119204
7 0.119374
7 0.119389
7 0.119474
3 0.119474
3 0.119526
3 0.119582
3 0.119634
7 0.119874
7 0.119875
7 0.119962
7 0.119962
7 0.120062
6 0.120120
7 0.120395
10 0.120587
7 0.121080
5 0.121212
5 0.121212
7 0.121536
7 0.121801
5 0.121868
5 0.121921
5 0.121921
3 0.122026
8 0.122026
3 0.122080
3 0.122865
4 0.123151
3 0.123223
3 0.123232
10 0.123288
7 0.123289
7 0.123289
5 0.123426
5 0.123481
8 0.123840
6 0.123916
5 0.124261
3 0.124372
3 0.124501
6 0.124502
3 0.124599
7 0.124875
7 0.125000
7 0.125000
5 0.125094
5 0.125094
5 0.125094
5 0.125094
10 0.125130
10 0.125130
10 0.125130
10 0.125130
10 0.125130
10 0.125130
3 0.125456
10 0.125464
10 0.125464
10 0.125464
3 0.125468
3 0.125532
3 0.125765
6 0.125881
3 0.125896
10 0.125994
5 0.126183
5 0.126183
5 0.126183
6 0.126186
6 0.126186
6 0.126186
6 0.126186
6 0.126186
4 0.126310
3 0.126726
7 0.127458
8 0.127575
3 0.128005
3 0.128173
6 0.128518
7 0.128667
2 0.129397
6 0.129433
7 0.129938
6 0.130599
4 0.130615
3 0.130916
3 0.131091
3 0.131116
4 0.131172
4 0.131222
3 0.131259
3 0.131355
5 0.131551
6 0.131891
7 0.132363
7 0.132398
4 0.132537
4 0.132540
3 0.132570
4 0.132576
4 0.132583
4 0.132589
4 0.132596
4 0.132635
4 0.132639
2 0.132774
3 0.132815
7 0.133191
7 0.133245
8 0.133380
8 0.133449
3 0.133553
5 0.133599
5 0.133663
8 0.133668
3 0.133676
3 0.133736
3 0.133802
3 0.133985
3 0.134067
3 0.134239
6 0.134246
6 0.134246
6 0.134246
3 0.134273
7 0.134626
3 0.134719
2 0.134754
3 0.135289
3 0.135292
3 0.135528
6 0.135656
7 0.135870
7 0.135870
3 0.136189
3 0.136194
6 0.136258
5 0.136509
5 0.136509
8 0.136530
5 0.136578
5 0.136578
8 0.136603
7 0.137137
3 0.137234
2 0.137469
4 0.137730
4 0.137794
6 0.137826
8 0.138038
6 0.138408
3 0.138426
3 0.138571
6 0.138966
6 0.139373
6 0.139821
7 0.139899
7 0.139899
7 0.140076
4 0.140359
4 0.140387
6 0.140390
2 0.140468
3 0.140612
4 0.140687
4 0.140765
6 0.140897
6 0.140897
6 0.140897
6 0.140897
6 0.140897
4 0.140981
4 0.141010
4 0.141117
7 0.141123
7 0.141123
4 0.141498
4 0.141526
4 0.141540
4 0.141646
4 0.141778
4 0.141832
3 0.141856
3 0.141857
3 0.142089
4 0.142560
6 0.142918
3 0.144078
3 0.144419
5 0.144550
3 0.144573
4 0.144597
4 0.144667
7 0.144676
4 0.144719
3 0.144785
3 0.144872
3 0.144931
3 0.145291
4 0.145304
4 0.145320
4 0.145351
4 0.145368
4 0.145423
5 0.145560
4 0.145694
3 0.145794
3 0.146116
3 0.146593
3 0.146799
4 0.146933
3 0.147008
6 0.147354
7 0.147667
9 0.148148
9 0.148170
9 0.148170
5 0.148170
5 0.148170
5 0.148170
5 0.148633
5 0.148633
5 0.148633
3 0.148743
7 0.148920
4 0.149404
7 0.149454
7 0.149454
7 0.149454
7 0.149454
4 0.149459
2 0.149521
2 0.149773
7 0.149880
4 0.150075
4 0.150088
4 0.150120
4 0.150156
4 0.150232
4 0.150265
5 0.150286
4 0.150385
4 0.150532
4 0.150609
2 0.150641
2 0.150691
4 0.150809
4 0.150877
5 0.150989
2 0.151310
6 0.151580
7 0.151768
4 0.151877
2 0.151963
7 0.151976
5 0.152091
4 0.152340
3 0.152354
3 0.152355
5 0.152460
3 0.152529
3 0.152531
5 0.152912
5 0.152912
4 0.152929
7 0.152952
7 0.153210
6 0.153230
4 0.153447
7 0.153752
3 0.153915
4 0.154164
4 0.154177
4 0.154236
4 0.154239
4 0.154244
3 0.154245
4 0.154297
4 0.154316
9 0.155039
9 0.155039
6 0.155060
7 0.155135
9 0.155424
7 0.155763
4 0.155940
7 0.155958
4 0.155999
4 0.156081
3 0.156287
3 0.156361
5 0.156495
3 0.156529
5 0.156593
3 0.156628
7 0.156789
6 0.156790
5 0.157011
5 0.157035
4 0.157392
4 0.157461
4 0.157463
5 0.157555
3 0.157790
7 0.157803
7 0.157828
7 0.157828
7 0.157903
3 0.157912
10 0.157935
10 0.157935
10 0.157935
4 0.158023
4 0.158050
4 0.158131
4 0.158212
4 0.158218
4 0.158233
4 0.158262
4 0.158291
4 0.158297
7 0.158303
4 0.158382
4 0.158397
4 0.158404
4 0.158414
4 0.158423
4 0.158445
4 0.158506
4 0.158587
4 0.158591
4 0.158678
4 0.158680
4 0.158696
4 0.158699
4 0.158705
4 0.158720
4 0.158793
4 0.158878
4 0.158886
6 0.158983
8 0.158983
7 0.159134
7 0.159236
4 0.159482
6 0.159515
4 0.159545
4 0.159574
4 0.159630
4 0.159637
4 0.159640
10 0.159795
3 0.159818
4 0.159823
6 0.159872
7 0.159974
4 0.160118
4 0.160192
7 0.160231
6 0.160617
4 0.160697
4 0.160748
6 0.160880
6 0.161160
5 0.161254
5 0.161254
4 0.161395
4 0.161533
4 0.161592
6 0.161600
5 0.161624
5 0.161624
4 0.161704
4 0.161764
4 0.161857
8 0.161891
8 0.161891
7 0.162180
7 0.162180
5 0.162496
5 0.162496
8 0.162602
8 0.162602
8 0.162602
10 0.162681
10 0.162681
10 0.162681
6 0.163030
10 0.163428
5 0.163476
5 0.163476
5 0.163476
5 0.163476
5 0.163476
5 0.163476
5 0.163476
5 0.163476
6 0.163480
5 0.163639
7 0.163908
7 0.164393
7 0.164393
5 0.164636
5 0.164636
5 0.164636
5 0.164636
5 0.164636
5 0.164636
10 0.164693
6 0.164930
5 0.164935
3 0.165022
7 0.165044
7 0.165044
5 0.165098
7 0.165153
7 0.165153
4 0.165210
7 0.165399
4 0.165547
2 0.165792
8 0.165837
3 0.166010
8 0.166168
5 0.166417
4 0.166677
4 0.166860
3 0.166881
4 0.166924
4 0.167072
7 0.167168
4 0.167230
4 0.167255
4 0.167378
8 0.167701
3 0.168177
8 0.168407
7 0.168634
7 0.168634
3 0.168894
7 0.168919
3 0.169071
7 0.169526
7 0.169779
3 0.169929
3 0.169988
3 0.170198
4 0.170197
4 0.170241
4 0.170274
4 0.170299
4 0.170331
4 0.170348
8 0.170736
4 0.170739
4 0.170826
6 0.170882
6 0.170969
3 0.171036
3 0.171112
3 0.171248
3 0.171821
7 0.171880
7 0.171880
3 0.171961
3 0.172174
4 0.172311
7 0.172712
7 0.172712
4 0.172733
6 0.172801
3 0.172827
3 0.172892
4 0.172992
4 0.173060
3 0.173068
3 0.173111
6 0.173130
8 0.173461
3 0.173772
4 0.174034
7 0.174064
7 0.174064
7 0.174064
6 0.174150
6 0.174760
6 0.174840
6 0.175009
7 0.175131
7 0.175220
7 0.175469
7 0.175469
7 0.175531
7 0.175531
3 0.175548
4 0.176081
7 0.176274
6 0.176330
4 0.176435
4 0.176448
4 0.176451
4 0.176538
6 0.177040
4 0.177601
2 0.177657
2 0.178304
2 0.178719
7 0.178790
7 0.178790
2 0.178885
5 0.178890
5 0.178890
4 0.179160
7 0.179690
7 0.179690
2 0.179841
6 0.180020
2 0.180126
7 0.180210
7 0.180210
8 0.180600
5 0.180640
6 0.180700
3 0.180707
2 0.180709
2 0.180838
6 0.180860
3 0.180990
3 0.181077
3 0.181167
7 0.181390
7 0.181620
7 0.181620
7 0.181620
3 0.181681
7 0.182050
2 0.182170
6 0.182350
3 0.182361
4 0.182380
7 0.182480
7 0.182480
7 0.182480
7 0.182650
6 0.182820
10 0.182850
10 0.182850
10 0.182850
3 0.183155
2 0.183387
3 0.183503
3 0.183522
2 0.183522
7 0.183620
2 0.183789
3 0.183812
3 0.183893
3 0.183911
6 0.184090
2 0.184182
8 0.184310
7 0.184430
3 0.184436
2 0.184502
3 0.184514
3 0.184753
3 0.184759
3 0.184956
3 0.184979
2 0.185015
3 0.185038
2 0.185119
3 0.185293
2 0.185317
3 0.185592
3 0.185670
3 0.185796
10 0.185900
3 0.186062
7 0.186120
3 0.186121
7 0.186150
6 0.186290
3 0.186350
2 0.186645
8 0.186670
3 0.186752
6 0.186850
8 0.186900
3 0.186981
3 0.187220
3 0.187234
2 0.187337
7 0.187340
7 0.187340
2 0.187508
7 0.187720
8 0.187900
3 0.188066
2 0.188191
7 0.188250
7 0.188250
3 0.188342
3 0.188444
2 0.188509
2 0.188574
3 0.188701
3 0.188702
3 0.188739
3 0.188747
3 0.189075
3 0.189201
3 0.189292
4 0.189430
4 0.189540
4 0.189630
8 0.189650
3 0.189700
7 0.189730
4 0.189760
7 0.189790
7 0.189790
3 0.189827
4 0.189880
3 0.190016
8 0.190220
3 0.190328
3 0.190454
3 0.190621
3 0.190688
3 0.190700
3 0.190714
8 0.190950
7 0.191270
3 0.191319
3 0.191488
7 0.191710
3 0.191734
3 0.191845
4 0.192210
3 0.192396
7 0.192530
8 0.192570
3 0.192626
3 0.192724
7 0.193120
3 0.193274
8 0.193350
3 0.193389
10 0.193660
10 0.193660
10 0.193660
3 0.193739
7 0.193800
3 0.193864
7 0.193950
7 0.193950
10 0.194180
3 0.194352
7 0.194400
3 0.194643
3 0.194692
3 0.195081
3 0.195091
3 0.195124
4 0.195350
4 0.195440
4 0.195560
4 0.196076
7 0.196160
7 0.196460
4 0.196508
3 0.196697
4 0.196760
4 0.196840
3 0.197099
4 0.197100
4 0.197220
4 0.197300
3 0.197381
3 0.197415
4 0.197430
4 0.197510
3 0.197575
4 0.197620
3 0.197716
4 0.197760
7 0.198020
7 0.198330
4 0.198370
4 0.198370
4 0.198480
4 0.198500
7 0.198530
7 0.198530
3 0.198557
3 0.198612
4 0.198620
4 0.198710
8 0.199200
7 0.199360
3 0.199568
7 0.199600
8 0.199600
4 0.199860
7 0.200360
3 0.200486
3 0.200587
3 0.200620
4 0.200639
7 0.200680
3 0.200822
3 0.200912
3 0.201252
7 0.201330
3 0.201482
3 0.201768
3 0.201790
4 0.201879
4 0.201903
4 0.201984
3 0.202188
3 0.202295
3 0.202388
3 0.202495
3 0.202921
3 0.203088
3 0.203178
3 0.203655
3 0.203844
3 0.204232
3 0.204395
3 0.204479
3 0.204548
3 0.204610
3 0.204865
3 0.204896
3 0.204938
3 0.205214
3 0.205251
3 0.205584
3 0.205728
3 0.205941
3 0.206102
3 0.206365
8 0.206400
7 0.206530
7 0.206530
3 0.206594
3 0.206726
3 0.206732
3 0.206758
5 0.206760
5 0.206760
7 0.206830
7 0.206830
7 0.206830
5 0.206910
5 0.206910
3 0.207333
3 0.208357
3 0.209547
3 0.210023
3 0.210109
7 0.210130
7 0.210130
3 0.210343
3 0.210515
3 0.210542
4 0.210700
4 0.210700
3 0.210724
4 0.210840
3 0.210995
3 0.211332
4 0.211380
5 0.211460
4 0.211520
4 0.211520
4 0.211590
4 0.211620
4 0.211690
3 0.211742
3 0.212144
3 0.212518
4 0.212555
3 0.212730
3 0.212829
7 0.213270
4 0.213990
3 0.214139
3 0.214175
7 0.214230
3 0.214487
3 0.214522
3 0.214591
3 0.214691
3 0.214925
4 0.215180
3 0.215233
4 0.215420
4 0.215550
4 0.215650
4 0.215644
7 0.215850
3 0.215928
3 0.215977
3 0.216386
3 0.216789
3 0.217039
3 0.217226
3 0.217417
3 0.217508
3 0.217521
8 0.217720
4 0.217817
4 0.217934
3 0.218077
7 0.218100
8 0.218250
3 0.218353
3 0.218353
3 0.218598
3 0.218618
8 0.218680
3 0.219012
3 0.219086
6 0.219110
7 0.219250
5 0.219350
5 0.219350
5 0.219350
3 0.219420
3 0.219681
3 0.220161
3 0.220352
3 0.220352
6 0.220510
3 0.220875
3 0.221056
3 0.221304
3 0.221490
3 0.221490
3 0.221804
8 0.221830
3 0.222597
3 0.222662
3 0.222662
8 0.222820
2 0.222922
7 0.222970
3 0.223102
3 0.223102
7 0.223260
7 0.223260
7 0.223260
3 0.223288
4 0.223420
3 0.224018
6 0.224120
4 0.224140
6 0.224570
3 0.224740
3 0.224741
4 0.225170
3 0.225217
3 0.225217
4 0.225440
8 0.226240
7 0.227070
7 0.227220
3 0.227344
3 0.227602
7 0.227630
7 0.227690
3 0.227912
3 0.228019
3 0.228114
3 0.228232
4 0.228460
4 0.228630
3 0.228637
3 0.228915
5 0.229520
5 0.229520
7 0.229830
7 0.229830
7 0.229880
7 0.229880
7 0.229990
8 0.230100
2 0.230429
6 0.230790
6 0.230790
6 0.230790
3 0.231070
2 0.231636
4 0.231932
4 0.232064
4 0.232245
6 0.232390
4 0.233360
7 0.233430
4 0.233770
7 0.233860
4 0.233950
7 0.234520
4 0.235060
4 0.235190
4 0.235380
7 0.235460
4 0.235690
6 0.235900
7 0.235900
4 0.236050
6 0.236180
3 0.236242
4 0.236710
3 0.236802
3 0.237020
3 0.237101
7 0.237250
7 0.237250
7 0.237470
7 0.237530
3 0.237885
7 0.238040
3 0.238139
7 0.238150
7 0.238550
3 0.238772
2 0.239401
3 0.239432
7 0.239460
3 0.239476
7 0.239630
7 0.239630
7 0.239630
7 0.239630
6 0.239810
7 0.239860
7 0.239980
2 0.240174
3 0.240732
2 0.242173
2 0.242547
7 0.242710
4 0.243090
1 0.243450
1 0.243451
1 0.243733
1 0.243734
2 0.243988
4 0.243990
1 0.244075
1 0.244075
4 0.244080
2 0.244224
7 0.244320
1 0.244493
1 0.244493
2 0.244946
1 0.245012
1 0.245012
7 0.245270
2 0.245292
3 0.245636
1 0.245667
1 0.245668
7 0.245940
3 0.246005
8 0.246420
1 0.246512
1 0.246513
3 0.246960
3 0.247548
3 0.247548
1 0.247628
1 0.247629
7 0.248010
7 0.248010
7 0.248440
8 0.248580
9 0.248850
1 0.249146
1 0.249148
2 0.249390
3 0.249777
3 0.249777
2 0.250359
2 0.250706
6 0.250820
6 0.250820
3 0.251102
3 0.251102
7 0.251200
7 0.251200
1 0.251289
1 0.251291
8 0.251320
4 0.251370
7 0.251390
7 0.251390
2 0.251622
8 0.251640
8 0.252020
7 0.252270
7 0.252270
2 0.252641
8 0.252660
3 0.253101
3 0.253101
2 0.253230
9 0.253660
4 0.253730
7 0.253810
7 0.253810
7 0.253810
7 0.253810
7 0.254200
3 0.254356
1 0.254460
1 0.254463
3 0.255431
3 0.255431
8 0.255500
3 0.256407
3 0.256407
8 0.256810
6 0.256970
7 0.257670
6 0.258530
2 0.258708
3 0.258799
3 0.259355
3 0.259355
1 0.259465
1 0.259470
2 0.259574
4 0.259820
4 0.259930
4 0.259970
2 0.260110
4 0.260150
4 0.260190
4 0.260360
4 0.260590
3 0.260964
3 0.260964
4 0.260990
4 0.261160
2 0.261259
4 0.261859
4 0.262308
8 0.262740
2 0.262819
2 0.263259
3 0.263824
3 0.263824
7 0.264480
7 0.264480
2 0.266179
3 0.266599
2 0.266725
10 0.267140
10 0.267140
10 0.267140
2 0.267262
3 0.267776
7 0.267880
2 0.267889
1 0.268114
1 0.268123
3 0.268299
3 0.268299
5 0.268670
5 0.268670
8 0.268750
6 0.268750
6 0.268750
6 0.268750
6 0.269410
6 0.269410
6 0.269410
6 0.269410
6 0.269690
6 0.269690
6 0.269690
6 0.269690
6 0.269690
7 0.270860
10 0.271260
3 0.271323
4 0.271780
5 0.272180
5 0.272180
7 0.273000
7 0.273300
5 0.273750
5 0.273750
3 0.274110
3 0.276440
8 0.276500
7 0.276550
3 0.276750
7 0.277010
5 0.277390
7 0.277780
7 0.278390
7 0.278390
3 0.279013
7 0.279090
2 0.280004
4 0.280450
2 0.280954
2 0.281035
2 0.281267
6 0.281700
2 0.281911
2 0.281980
7 0.282480
10 0.282860
10 0.282860
10 0.282860
7 0.283040
2 0.283070
4 0.283225
10 0.283290
3 0.283437
7 0.283680
2 0.284039
2 0.284256
2 0.284361
4 0.284366
4 0.284564
4 0.285255
1 0.285365
1 0.285385
4 0.285454
4 0.285728
2 0.285735
2 0.286033
2 0.286186
2 0.286186
3 0.286909
7 0.287190
2 0.287212
6 0.287350
6 0.287350
2 0.287380
2 0.288200
2 0.288711
1 0.289447
2 0.289480
7 0.290020
2 0.290199
2 0.290556
2 0.290577
4 0.291020
3 0.291589
2 0.291837
2 0.291990
2 0.292070
2 0.292180
2 0.292435
2 0.293174
2 0.293494
2 0.293859
2 0.294351
5 0.294380
5 0.294380
5 0.294380
5 0.294380
2 0.294656
2 0.294831
2 0.294836
2 0.295210
2 0.295326
2 0.295663
4 0.295790
2 0.296098
7 0.296560
2 0.297160
6 0.297280
6 0.297280
2 0.297511
2 0.297586
2 0.297800
2 0.298053
2 0.298150
2 0.298505
2 0.300020
2 0.300503
2 0.300832
3 0.300908
3 0.300908
2 0.301002
8 0.301100
2 0.301628
8 0.301840
7 0.302030
2 0.302323
8 0.302710
3 0.302774
3 0.302844
2 0.302995
2 0.303020
8 0.303070
3 0.303782
3 0.303782
2 0.303796
2 0.303874
2 0.304334
8 0.304550
2 0.304648
8 0.305070
2 0.305456
2 0.305624
2 0.305705
2 0.305827
2 0.305884
2 0.305961
2 0.306114
2 0.306224
2 0.306527
2 0.306711
2 0.306743
3 0.307146
3 0.307146
2 0.307171
2 0.307522
2 0.307921
2 0.307964
2 0.308114
2 0.308796
2 0.309294
2 0.309363
2 0.309535
2 0.309645
8 0.310400
2 0.310448
2 0.310530
3 0.310702
3 0.311123
3 0.311196
8 0.311240
2 0.311459
7 0.312210
2 0.312532
2 0.312612
2 0.313029
2 0.313639
3 0.313768
3 0.313768
8 0.313870
2 0.313877
7 0.313970
7 0.314270
2 0.314662
2 0.315019
7 0.315360
4 0.315670
4 0.315880
2 0.316044
3 0.316134
2 0.316207
2 0.316344
2 0.316416
2 0.316465
2 0.316840
2 0.316865
3 0.317357
2 0.317601
2 0.317998
8 0.318000
7 0.318060
8 0.318310
2 0.318547
7 0.318880
2 0.318906
2 0.318939
2 0.319071
2 0.320123
8 0.320410
7 0.321230
7 0.321230
7 0.321230
2 0.321312
7 0.321540
2 0.321721
4 0.322430
2 0.322691
7 0.323310
7 0.323310
2 0.323586
4 0.324257
4 0.324257
5 0.324870
5 0.324870
5 0.324870
5 0.324870
5 0.324870
5 0.324870
5 0.324870
5 0.324870
2 0.325189
2 0.325890
2 0.326115
7 0.326370
2 0.327516
7 0.328400
2 0.328655
6 0.328940
6 0.328940
2 0.330230
1 0.330332
1 0.330332
1 0.330393
2 0.330591
2 0.331899
2 0.332865
8 0.334230
4 0.336321
4 0.336321
6 0.336360
6 0.336360
2 0.340107
2 0.340107
7 0.340600
7 0.340830
7 0.340830
4 0.341719
1 0.342784
7 0.344950
6 0.345450
7 0.345780
2 0.346349
2 0.346349
5 0.347710
4 0.349870
7 0.350630
2 0.351051
7 0.352610
2 0.353406
5 0.353610
5 0.353610
5 0.355620
5 0.355620
7 0.361140
5 0.361790
5 0.361790
4 0.362360
2 0.363231
7 0.363240
2 0.371213
5 0.372720
5 0.372720
10 0.373960
10 0.373960
10 0.373960
6 0.376790
10 0.379350
7 0.385360
7 0.385360
6 0.388500
1 0.388501
8 0.388800
3 0.391390
3 0.391506
7 0.392160
8 0.392310
8 0.395100
8 0.395410
10 0.395880
10 0.395880
10 0.395880
5 0.396040
5 0.396040
10 0.396130
6 0.397450
4 0.398390
4 0.398900
4 0.399250
4 0.399360
4 0.399690
4 0.399710
5 0.401200
5 0.401200
5 0.401780
5 0.401780
5 0.401800
5 0.402380
5 0.402380
10 0.404660
7 0.405350
7 0.405350
8 0.407000
3 0.408123
2 0.408875
2 0.408875
8 0.410340
2 0.411486
2 0.412424
7 0.413060
10 0.416650
6 0.417540
6 0.417540
6 0.417540
6 0.417540
6 0.417540
6 0.417540
6 0.417540
1 0.419419
7 0.419460
10 0.419550
1 0.419722
1 0.419722
7 0.419820
1 0.420032
1 0.420336
1 0.421419
1 0.421724
1 0.421724
1 0.422209
1 0.422516
2 0.423445
7 0.423910
1 0.424018
2 0.424209
1 0.424327
1 0.424327
1 0.425061
1 0.425372
1 0.427484
1 0.427799
1 0.427799
1 0.428905
1 0.429222
2 0.429369
2 0.429407
2 0.431002
2 0.431025
5 0.431310
2 0.432213
1 0.432262
1 0.432584
1 0.432584
2 0.433851
1 0.434271
2 0.434534
1 0.434596
6 0.434780
7 0.435920
7 0.435920
7 0.435920
2 0.436982
2 0.437645
7 0.438020
7 0.438020
7 0.438020
7 0.438020
7 0.438400
7 0.438400
7 0.438400
6 0.438790
2 0.438872
1 0.439126
2 0.439404
1 0.439457
1 0.439457
7 0.439750
7 0.439750
2 0.440636
1 0.442112
1 0.442449
4 0.443650
4 0.444056
4 0.444275
4 0.444338
6 0.444440
4 0.444557
2 0.444795
2 0.444866
2 0.445599
2 0.445648
7 0.445840
2 0.445846
4 0.446670
4 0.447230
4 0.447364
2 0.447589
2 0.448006
2 0.448293
2 0.449141
2 0.449213
1 0.449544
4 0.449710
1 0.449892
1 0.449892
4 0.450000
4 0.450020
2 0.450088
7 0.450250
7 0.450250
7 0.450250
4 0.450300
4 0.450590
7 0.450660
2 0.450823
2 0.452048
2 0.452625
2 0.453459
1 0.454290
1 0.454646
5 0.454880
2 0.455281
5 0.457460
5 0.457460
5 0.457460
2 0.459221
7 0.460620
5 0.461890
5 0.461890
6 0.462620
1 0.466612
1 0.466987
1 0.466987
6 0.467510
8 0.467510
2 0.472355
2 0.473242
2 0.474300
6 0.474830
1 0.474927
1 0.475315
3 0.476406
2 0.477012
3 0.478130
6 0.478920
7 0.478920
2 0.479013
5 0.481000
5 0.481000
7 0.481920
4 0.484570
6 0.485540
6 0.488520
7 0.488760
6 0.490920
6 0.493590
6 0.493590
6 0.493590
3 0.494697
6 0.497270
1 0.497993
1 0.498420
1 0.498420
6 0.499850
5 0.500250
5 0.500250
5 0.500250
5 0.500250
5 0.500250
6 0.512030
6 0.512030
7 0.512820
7 0.513870
6 0.514140
1 0.515027
1 0.515484
7 0.515990
3 0.516150
8 0.518670
2 0.519310
3 0.519675
3 0.519749
3 0.519880
3 0.520283
2 0.521000
4 0.521760
3 0.522340
4 0.522709
4 0.523013
4 0.523210
4 0.524159
4 0.525010
8 0.526320
4 0.532600
4 0.533420
3 0.535311
3 0.537847
7 0.537920
7 0.537920
7 0.537920
3 0.540045
2 0.540196
3 0.541596
2 0.541606
7 0.549150
3 0.552556
3 0.558516
8 0.564400
10 0.566600
1 0.568421
1 0.568421
1 0.568422
7 0.568900
7 0.568900
1 0.568977
1 0.568977
1 0.568978
1 0.568978
8 0.570800
6 0.572500
3 0.572414
3 0.574798
3 0.585366
1 0.589158
1 0.589158
7 0.589300
7 0.589300
1 0.589756
6 0.590700
3 0.591348
3 0.592980
3 0.593746
7 0.597000
7 0.597000
3 0.602029
8 0.603200
8 0.603500
3 0.604989
3 0.605182
3 0.607111
6 0.607900
9 0.609000
3 0.613323
1 0.615593
8 0.615800
1 0.616245
2 0.617696
3 0.619427
2 0.620098
9 0.621500
2 0.623640
2 0.626174
2 0.627648
7 0.628200
7 0.628200
7 0.628200
6 0.628600
3 0.631199
3 0.632840
3 0.636187
2 0.636291
2 0.636817
6 0.639800
4 0.641100
4 0.641700
5 0.645200
5 0.645200
5 0.645200
8 0.646400
2 0.651601
2 0.652648
6 0.652800
2 0.653250
2 0.654585
2 0.654756
2 0.655424
1 0.663378
1 0.663382
6 0.664900
3 0.666389
1 0.668206
1 0.668210
3 0.668218
1 0.674495
1 0.674501
1 0.682916
1 0.682923
9 0.683200
3 0.689945
3 0.691994
3 0.693966
1 0.694587
1 0.694598
8 0.695400
3 0.696909
3 0.698910
6 0.700300
6 0.700300
9 0.710200
1 0.711500
1 0.711516
4 0.712900
6 0.713300
4 0.713900
4 0.714300
4 0.714400
4 0.715400
4 0.715700
5 0.718400
5 0.718400
9 0.720200
3 0.721176
10 0.721200
3 0.723319
10 0.728900
10 0.729900
8 0.732100
8 0.732100
8 0.732100
6 0.732100
6 0.732100
6 0.732100
1 0.737526
1 0.737552
8 0.747400
8 0.747400
1 0.750954
1 0.750954
1 0.751269
1 0.751924
1 0.751924
1 0.752240
1 0.752240
10 0.753700
3 0.764566
3 0.768359
7 0.768600
10 0.768700
3 0.768808
10 0.769900
7 0.774600
7 0.774600
7 0.775800
7 0.775800
3 0.776871
3 0.779357
1 0.781193
1 0.781239
3 0.782652
3 0.783117
4 0.787390
7 0.791700
7 0.791700
3 0.798725
8 0.805800
3 0.808952
3 0.809450
7 0.813600
7 0.818300
1 0.818551
1 0.818551
1 0.818554
1 0.819704
1 0.819704
1 0.819708
1 0.819708
7 0.823000
8 0.824400
3 0.826717
3 0.829534
7 0.836800
3 0.847298
3 0.847844
7 0.865000
7 0.865000
1 0.865231
1 0.865327
7 0.877200
7 0.877200
7 0.877200
1 0.879551
1 0.879551
1 0.879555
8 0.887300
8 0.891200
1 0.894541
1 0.894541
1 0.894544
7 0.896800
7 0.897600
4 0.901400
4 0.904000
4 0.905300
4 0.905600
4 0.905800
4 0.907400
1 0.915638
1 0.915638
1 0.915642
7 0.926000
7 0.926000
7 0.926000
7 0.934600
7 0.936400
7 0.937300
8 0.939000
1 0.941445
1 0.941449
1 0.941478
7 0.946100
1 0.946853
1 0.946853
1 0.946856
1 0.949517
1 0.950022
1 0.950022
1 0.952663
1 0.953171
1 0.959827
1 0.960342
1 0.960342
1 0.963934
1 0.964454
1 0.973418
1 0.973948
1 0.973948
1 0.978930
1 0.979467
7 0.980400
7 0.982300
10 0.982400
1 0.987557
1 0.987562
1 0.987610
7 0.989100
8 0.990100
1 0.991883
1 0.992433
1 0.992433
8 0.995100
7 0.996000
1 0.996400
1 0.996400
1 0.996404
1 0.999561
1 1.000120
7 1.003000
10 1.012300
1 1.017986
1 1.018565
1 1.018565
10 1.019600
1 1.029200
1 1.029793
7 1.053800
7 1.053800
7 1.053800
1 1.056890
1 1.057518
1 1.057518
6 1.060500
6 1.060500
6 1.060500
1 1.067453
1 1.067459
1 1.067544
1 1.074361
1 1.074938
1 1.075006
1 1.075223
1 1.083783
1 1.083783
1 1.083788
7 1.101300
7 1.101300
1 1.119326
1 1.120028
1 1.120028
1 1.138457
1 1.140690
1 1.140690
1 1.149225
1 1.149964
6 1.169600
6 1.169600
6 1.208600
6 1.208600
6 1.224000
1 1.230804
1 1.230812
1 1.231007
1 1.231485
1 1.232333
1 1.232335
9 1.237600
9 1.237600
6 1.265800
1 1.268263
1 1.268263
1 1.268269
1 1.269768
1 1.269773
1 1.277502
1 1.277509
1 1.286944
1 1.286953
1 1.291147
1 1.292079
7 1.293700
7 1.293700
7 1.293700
1 1.298651
1 1.298661
3 1.300323
3 1.301609
3 1.309029
1 1.313427
1 1.313441
8 1.317600
1 1.332487
1 1.332505
3 1.337272
10 1.350100
3 1.355763
3 1.357161
1 1.357731
1 1.357754
2 1.372348
1 1.392289
1 1.392322
2 1.395188
3 1.402575
3 1.425428
3 1.426973
6 1.428600
1 1.441677
1 1.441726
2 1.452730
8 1.458800
1 1.477152
1 1.478373
1 1.478377
4 1.506200
4 1.506500
4 1.512800
1 1.516499
1 1.516575
3 1.517068
8 1.533700
4 1.581000
4 1.589000
4 1.594600
8 1.600000
1 1.637832
1 1.639333
1 1.639838
1 1.639969
3 1.644155
2 1.675145
7 1.686400
7 1.686400
7 1.686400
1 1.703574
1 1.703589
1 1.704306
8 1.709400
9 1.721200
9 1.724200
10 1.734300
6 1.739200
6 1.739200
10 1.755900
10 1.755900
8 1.757500
4 1.760690
4 1.764130
4 1.771160
4 1.774650
4 1.782400
4 1.785700
4 1.793500
9 1.824800
8 1.841600
1 1.847029
1 1.847029
1 1.847050
6 1.851800
6 1.851800
6 1.851800
10 1.853600
10 1.853600
10 1.853600
1 1.860145
1 1.860145
1 1.860157
1 1.860157
1 1.860162
1 1.860162
1 1.860174
1 1.860174
1 1.872570
1 1.872830
1 1.906185
1 1.906198
1 1.906318
1 1.928480
1 1.928480
1 1.928500
10 1.943600
1 1.944850
1 1.944850
1 1.944850
10 2.003000
10 2.018000
1 2.023100
1 2.024100
4 2.097000
1 2.105200
1 2.105200
1 2.105400
4 2.106000
1 2.132900
1 2.134000
1 2.134000
1 2.145800
1 2.145800
1 2.145800
1 2.167300
1 2.167300
1 2.167300
1 2.205300
1 2.206200
1 2.206243
1 2.206500
1 2.208970
8 2.315000
7 2.326000
7 2.326000
1 2.335400
1 2.335479
1 2.335500
1 2.338500
1 2.338500
1 2.338530
1 2.338551
1 2.403500
1 2.404900
1 2.404900
6 2.427000
1 2.440800
1 2.441600
1 2.504800
1 2.504900
1 2.505300
1 2.545700
1 2.547300
5 2.570000
1 2.596600
1 2.596600
1 2.596700
2 2.605000
7 2.611000
1 2.631300
1 2.631300
1 2.631300
10 2.647000
5 2.648000
10 2.774000
7 2.793000
7 2.793000
1 2.922100
1 2.922300
6 2.967000
6 2.967000
1 2.987800
1 2.990000
1 2.990000
5 3.003000
1 3.016500
1 3.016500
1 3.016500
9 3.021000
9 3.067000
9 3.067000
6 3.086000
6 3.086000
5 3.238000
2 3.253700
1 3.270700
1 3.270700
1 3.270700
5 3.279000
5 3.279000
1 3.365100
1 3.367900
1 3.408600
1 3.415100
1 3.417300
1 3.417900
10 3.419000
10 3.427000
10 3.427000
10 3.427000
10 3.463000
10 3.463000
2 3.482500
6 3.497000
6 3.497000
6 3.497000
2 3.502500
1 3.579100
1 3.580700
1 3.580700
1 3.625700
1 3.625700
1 3.626200
1 3.637800
1 3.637900
1 3.639600
10 3.656000
10 3.656000
10 3.656000
1 3.707200
1 3.707200
1 3.707200
1 3.721600
1 3.723400
1 3.743800
1 3.743800
1 3.743800
7 3.953000
1 3.985700
1 3.985700
1 3.985800
2 4.030000
7 4.032000
2 4.051300
7 4.065000
1 4.081800
1 4.081900
1 4.081900
1 4.111200
1 4.113300
1 4.113300
7 4.255000
7 4.255000
7 4.255000
7 4.255000
2 4.270400
8 4.277000
6 4.367000
6 4.367000
6 4.367000
1 4.388700
1 4.391200
1 4.420600
1 4.420700
1 4.421600
2 4.444900
2 4.499600
10 4.577000
1 4.603500
1 4.603500
1 4.603600
1 4.611800
1 4.613400
1 4.665700
1 4.665700
1 4.665700
7 4.675000
7 4.675000
1 5.009000
1 5.015200
1 5.015300
1 5.090300
1 5.090300
1 5.090300
2 5.151600
2 5.158600
3 5.192000
1 5.250400
1 5.253900
1 5.253900
9 5.319000
6 5.379000
5 5.391000
1 5.428300
1 5.435600
10 5.467000
10 5.467000
10 5.467000
7 5.556000
1 5.609200
1 5.610300
9 5.814000
9 5.814000
2 5.814100
1 5.858400
1 5.858400
1 5.858500
1 5.980100
1 5.984800
10 6.188000
10 6.188000
10 6.188000
10 6.188000
10 6.188000
10 6.188000
8 6.227000
8 6.227000
4 6.345200
4 6.423000
2 6.433500
1 6.648100
1 6.648200
1 6.651500
1 6.929500
1 6.933100
8 7.047000
1 7.104500
1 7.104500
1 7.106200
10 7.267000
10 7.278000
3 7.319000
3 7.319000
1 7.336500
1 7.336500
1 7.336600
2 7.367500
1 7.424400
1 7.424400
1 7.424500
1 7.506100
1 7.520100
1 7.520900
1 7.521000
1 7.521000
1 7.524900
1 7.524900
1 7.524900
2 7.592100
1 7.771200
1 7.774100
9 7.812000
9 7.874000
9 7.874000
10 8.177000
10 8.177000
10 8.177000
5 8.326000
5 8.361000
1 8.413800
1 8.419100
1 8.419100
6 8.613000
6 8.613000
1 8.689300
1 8.689300
1 8.689300
4 9.039100
4 9.039100
1 9.093000
1 9.093100
1 9.093400
1 9.093500
1 9.139500
1 9.139900
1 9.139900
1 9.166300
1 9.177100
1 9.177200
7 9.372000
7 9.372000
3 9.545700
5 9.653000
1 9.664900
1 9.671900
2 9.760600
4 9.943300
4 9.943300
5 10.340000
1 10.810900
1 10.826000
10 10.870000
2 10.941400
1 10.970000
1 10.970100
1 10.976000
1 11.194900
1 11.194900
1 11.194900
3 11.283500
10 11.670000
10 11.670000
10 11.670000
8 11.990000
1 12.102100
1 12.107000
1 12.169600
1 12.169600
1 12.169700
1 12.482200
1 12.482200
1 12.482200
1 12.626900
1 12.634700
1 12.634700
2 13.066800
7 13.640000
7 13.640000
8 13.660000
1 13.971900
1 13.997200
6 14.330000
2 14.380000
1 14.600200
1 14.610700
8 14.710000
10 15.110000
1 15.134300
1 15.151500
1 15.151500
5 15.290000
10 15.480000
10 16.030001
10 16.030001
10 16.030001
1 16.049601
1 16.049601
1 16.049601
2 16.083900
1 16.838400
1 16.838400
1 16.847799
2 16.891899
1 17.787600
1 17.794901
1 18.039101
1 18.049900
1 18.049900
4 18.142000
5 18.379999
1 18.753599
1 18.753599
1 18.753599
2 18.874001
1 18.907499
1 18.934401
1 19.241100
1 19.241100
1 19.241100
3 19.626699
2 19.902500
1 20.238001
1 20.240000
1 20.341000
1 20.969000
1 20.983000
10 21.200001
4 21.290001
7 21.700001
1 23.237000
1 23.263000
1 23.263000
1 23.346001
1 23.386999
2 24.802000
2 25.854000
10 27.200001
1 27.361000
1 27.361000
1 27.361000
1 28.077999
1 28.077999
1 28.077999
1 30.273001
1 30.318001
1 33.803001
1 33.841000
1 33.841000
1 36.166000
1 36.230999
1 38.247002
1 38.247002
1 38.247002
1 38.334999
1 38.338001
1 38.528000
1 39.271000
1 39.271000
1 39.271000
1 45.463001
1 45.530998
2 45.756001
1 47.162998
1 47.216999
1 52.969002
1 53.062000
1 65.031998
1 65.074997
1 65.079002
1 65.129997
1 65.398003
1 74.310997
1 74.438004
6 77.500000
2 83.829002
6 110.000000
6 110.000000
6 260.000000
6 260.000000
5 270.000000
5 270.000000
5 277.000000
5 277.000000
4 310.000000
4 340.000000
4 450.000000
1 581.530029
1 581.530029
End Spectral Lines:
