Symbol: Mg
Atomic Number: 12
Atomic Mass: 24.305000
Start Spectral Index: 12
1 1351
2 601
3 452
4 821
5 518
6 893
7 379
8 944
9 461
10 212
11 228
12 44
End Spectral Index:
Order of Magnitude: 0.000001
Start Spectral Lines:
12 0.000638
12 0.000638
12 0.000640
12 0.000640
12 0.000642
12 0.000642
12 0.000645
12 0.000645
12 0.000650
12 0.000650
12 0.000658
12 0.000658
12 0.000674
12 0.000674
11 0.000710
12 0.000711
12 0.000711
11 0.000712
11 0.000715
11 0.000718
11 0.000723
11 0.000731
11 0.000731
11 0.000747
11 0.000748
11 0.000785
11 0.000786
10 0.000807
10 0.000809
12 0.000842
12 0.000843
11 0.000845
11 0.000849
11 0.000852
11 0.000852
11 0.000852
11 0.000853
11 0.000853
11 0.000853
11 0.000853
11 0.000853
11 0.000853
11 0.000855
11 0.000858
11 0.000860
11 0.000867
11 0.000917
10 0.000922
10 0.000922
11 0.000923
10 0.000923
10 0.000923
11 0.000923
10 0.000927
10 0.000927
10 0.000929
10 0.000930
11 0.000932
10 0.000932
10 0.000932
9 0.000937
9 0.000938
10 0.000938
10 0.000938
10 0.000938
10 0.000939
9 0.000939
10 0.000939
10 0.000939
9 0.000939
9 0.000941
9 0.000941
9 0.000941
9 0.000941
9 0.000942
9 0.000943
9 0.000944
9 0.000944
9 0.000944
9 0.000945
9 0.000945
12 0.003005
12 0.003005
12 0.003006
12 0.003012
11 0.003088
11 0.003118
11 0.003161
11 0.003225
11 0.003330
12 0.003365
12 0.003367
12 0.003367
12 0.003373
11 0.003402
11 0.003402
11 0.003403
11 0.003513
11 0.003514
11 0.003514
11 0.003518
11 0.003519
11 0.003519
11 0.003520
11 0.003524
11 0.003525
11 0.003529
10 0.003537
10 0.003537
10 0.003583
10 0.003583
11 0.003607
11 0.003612
10 0.003652
10 0.003652
10 0.003764
10 0.003764
11 0.003792
11 0.003792
11 0.003793
10 0.003877
10 0.003882
10 0.003883
11 0.003926
11 0.003927
11 0.003927
11 0.003932
11 0.003932
11 0.003932
11 0.003933
11 0.003953
11 0.003954
11 0.003960
10 0.003967
10 0.003967
10 0.004002
10 0.004008
10 0.004008
11 0.004043
11 0.004054
9 0.004064
9 0.004180
10 0.004229
10 0.004236
10 0.004237
10 0.004252
10 0.004260
9 0.004309
9 0.004314
9 0.004314
9 0.004343
9 0.004348
9 0.004384
10 0.004405
10 0.004405
9 0.004428
9 0.004437
9 0.004442
9 0.004442
9 0.004498
12 0.004539
12 0.004539
12 0.004544
12 0.004553
9 0.004564
9 0.004598
9 0.004634
9 0.004666
9 0.004671
9 0.004671
9 0.004704
10 0.004723
10 0.004731
10 0.004732
9 0.004776
10 0.004779
9 0.004782
10 0.004788
9 0.004795
9 0.004802
9 0.004834
9 0.004865
9 0.004879
9 0.004959
9 0.005032
11 0.005044
11 0.005046
11 0.005047
9 0.005078
9 0.005099
8 0.005139
8 0.005147
8 0.005147
9 0.005156
9 0.005159
9 0.005159
9 0.005165
9 0.005166
9 0.005166
8 0.005240
11 0.005260
11 0.005262
11 0.005262
8 0.005263
8 0.005263
8 0.005263
8 0.005263
11 0.005265
8 0.005269
8 0.005269
11 0.005272
11 0.005271
11 0.005272
9 0.005284
9 0.005307
9 0.005311
9 0.005313
9 0.005317
9 0.005319
9 0.005322
9 0.005331
8 0.005344
8 0.005348
8 0.005348
8 0.005351
8 0.005353
8 0.005374
11 0.005379
11 0.005381
8 0.005381
8 0.005391
8 0.005391
11 0.005391
9 0.005396
9 0.005401
9 0.005430
9 0.005446
11 0.005472
8 0.005485
8 0.005489
8 0.005495
9 0.005506
9 0.005506
8 0.005512
8 0.005514
8 0.005520
8 0.005520
11 0.005520
8 0.005522
9 0.005533
9 0.005614
8 0.005636
8 0.005640
8 0.005640
9 0.005686
8 0.005699
8 0.005702
8 0.005709
8 0.005713
9 0.005737
8 0.005759
8 0.005759
8 0.005759
8 0.005759
8 0.005774
8 0.005774
8 0.005774
8 0.005778
10 0.005788
10 0.005792
7 0.005832
9 0.005844
8 0.005850
8 0.005854
8 0.005856
8 0.005859
8 0.005861
8 0.005861
8 0.005867
8 0.005867
8 0.005882
8 0.005904
8 0.005915
8 0.005915
7 0.005964
9 0.006011
7 0.006014
8 0.006032
8 0.006038
9 0.006045
9 0.006054
8 0.006061
8 0.006068
8 0.006068
8 0.006068
8 0.006081
8 0.006102
9 0.006104
9 0.006104
9 0.006109
9 0.006113
8 0.006114
8 0.006114
9 0.006118
9 0.006136
9 0.006140
9 0.006149
8 0.006189
9 0.006192
9 0.006192
9 0.006192
8 0.006196
8 0.006196
9 0.006196
9 0.006202
9 0.006206
7 0.006217
9 0.006220
9 0.006225
8 0.006229
8 0.006229
8 0.006229
8 0.006229
9 0.006260
7 0.006262
7 0.006270
9 0.006275
10 0.006315
10 0.006330
10 0.006331
7 0.006340
9 0.006373
7 0.006412
8 0.006424
8 0.006438
8 0.006449
8 0.006452
8 0.006463
8 0.006465
8 0.006470
8 0.006476
8 0.006481
8 0.006488
9 0.006561
10 0.006567
8 0.006573
8 0.006581
8 0.006584
10 0.006585
8 0.006592
8 0.006592
8 0.006607
9 0.006610
9 0.006620
9 0.006630
9 0.006636
9 0.006673
7 0.006679
9 0.006709
9 0.006713
9 0.006714
9 0.006724
9 0.006725
9 0.006725
9 0.006735
9 0.006739
7 0.006745
7 0.006747
7 0.006750
8 0.006755
8 0.006755
8 0.006756
8 0.006756
9 0.006773
9 0.006776
9 0.006782
7 0.006799
7 0.006806
7 0.006810
7 0.006814
9 0.006824
7 0.006835
8 0.006845
8 0.006855
8 0.006858
8 0.006858
8 0.006861
9 0.006895
9 0.006899
9 0.006901
9 0.006906
9 0.006911
9 0.006916
9 0.006937
9 0.006941
8 0.006941
9 0.006944
8 0.006947
9 0.006947
9 0.006951
9 0.006954
8 0.006958
7 0.006961
9 0.006962
7 0.006990
9 0.006995
7 0.007019
9 0.007030
8 0.007035
8 0.007036
8 0.007036
9 0.007041
9 0.007060
9 0.007087
9 0.007092
8 0.007095
8 0.007101
8 0.007112
8 0.007117
9 0.007124
9 0.007129
9 0.007132
7 0.007179
8 0.007180
8 0.007181
8 0.007181
8 0.007181
9 0.007184
9 0.007190
9 0.007203
9 0.007223
9 0.007231
8 0.007255
8 0.007255
8 0.007255
9 0.007261
8 0.007268
9 0.007268
8 0.007268
8 0.007270
8 0.007269
7 0.007279
7 0.007285
7 0.007285
7 0.007289
7 0.007289
7 0.007290
8 0.007325
8 0.007325
8 0.007325
8 0.007356
9 0.007356
8 0.007356
9 0.007356
11 0.007359
8 0.007368
8 0.007368
8 0.007380
8 0.007383
8 0.007386
8 0.007389
8 0.007393
8 0.007398
8 0.007402
8 0.007416
8 0.007416
9 0.007426
8 0.007427
8 0.007432
6 0.007432
9 0.007432
8 0.007434
8 0.007437
9 0.007437
9 0.007441
8 0.007441
8 0.007443
9 0.007446
11 0.007447
9 0.007452
9 0.007452
6 0.007457
6 0.007457
6 0.007457
9 0.007474
8 0.007486
8 0.007498
8 0.007499
8 0.007499
8 0.007503
8 0.007504
6 0.007525
6 0.007525
6 0.007525
6 0.007525
11 0.007531
6 0.007533
6 0.007533
6 0.007533
6 0.007583
6 0.007589
9 0.007595
7 0.007597
8 0.007620
8 0.007620
11 0.007623
7 0.007639
9 0.007641
9 0.007647
9 0.007656
8 0.007671
8 0.007674
8 0.007679
8 0.007690
6 0.007690
6 0.007691
6 0.007691
8 0.007702
8 0.007703
7 0.007703
7 0.007714
8 0.007740
8 0.007740
6 0.007740
6 0.007751
6 0.007751
8 0.007752
8 0.007752
8 0.007755
8 0.007756
8 0.007757
8 0.007758
8 0.007758
6 0.007763
8 0.007765
8 0.007767
8 0.007769
8 0.007774
9 0.007774
11 0.007787
8 0.007801
8 0.007808
8 0.007808
6 0.007824
6 0.007824
6 0.007824
6 0.007824
7 0.007836
7 0.007841
7 0.007841
8 0.007845
7 0.007852
7 0.007852
8 0.007857
8 0.007857
11 0.007885
8 0.007885
8 0.007886
7 0.007913
7 0.007917
7 0.007925
9 0.007932
8 0.007970
8 0.007970
8 0.007970
6 0.007982
6 0.007983
6 0.007986
6 0.008003
6 0.008003
6 0.008003
6 0.008003
6 0.008008
8 0.008023
8 0.008023
8 0.008025
8 0.008025
9 0.008043
6 0.008057
6 0.008072
6 0.008073
6 0.008073
8 0.008081
8 0.008081
8 0.008089
6 0.008093
6 0.008093
6 0.008093
6 0.008093
7 0.008095
7 0.008102
6 0.008111
6 0.008111
6 0.008111
7 0.008114
9 0.008119
9 0.008128
9 0.008128
9 0.008128
8 0.008129
8 0.008130
8 0.008137
8 0.008138
9 0.008142
9 0.008142
8 0.008143
8 0.008143
8 0.008143
8 0.008143
9 0.008145
9 0.008154
9 0.008168
8 0.008173
8 0.008179
8 0.008184
8 0.008187
8 0.008187
11 0.008191
8 0.008194
8 0.008198
8 0.008224
8 0.008232
7 0.008245
6 0.008247
6 0.008248
7 0.008253
9 0.008253
8 0.008260
6 0.008263
6 0.008263
6 0.008264
6 0.008264
7 0.008265
8 0.008271
7 0.008272
8 0.008282
6 0.008284
6 0.008285
6 0.008285
7 0.008294
7 0.008297
11 0.008300
7 0.008302
6 0.008312
6 0.008313
6 0.008340
6 0.008352
7 0.008351
6 0.008352
6 0.008356
7 0.008356
7 0.008359
7 0.008364
8 0.008364
7 0.008372
8 0.008373
7 0.008376
8 0.008379
9 0.008386
9 0.008386
8 0.008387
7 0.008391
7 0.008396
7 0.008399
7 0.008403
7 0.008405
7 0.008406
7 0.008409
7 0.008409
7 0.008410
7 0.008411
7 0.008412
8 0.008413
8 0.008413
9 0.008414
7 0.008464
7 0.008464
7 0.008465
7 0.008465
7 0.008465
6 0.008472
6 0.008472
6 0.008472
6 0.008473
8 0.008484
8 0.008492
8 0.008506
7 0.008508
6 0.008515
8 0.008515
8 0.008525
8 0.008525
8 0.008525
8 0.008525
7 0.008534
7 0.008541
8 0.008553
8 0.008554
8 0.008554
6 0.008558
6 0.008558
8 0.008560
8 0.008560
6 0.008562
8 0.008574
8 0.008575
7 0.008603
7 0.008603
7 0.008603
8 0.008623
8 0.008636
8 0.008638
7 0.008647
7 0.008652
7 0.008680
6 0.008682
6 0.008683
6 0.008683
8 0.008685
8 0.008685
7 0.008686
7 0.008690
8 0.008702
7 0.008713
7 0.008717
7 0.008717
10 0.008734
10 0.008734
6 0.008740
6 0.008740
7 0.008772
7 0.008777
7 0.008789
7 0.008868
12 0.008875
12 0.008876
6 0.008883
6 0.008883
6 0.008883
6 0.008890
12 0.008892
12 0.008892
6 0.008895
6 0.008895
6 0.008895
12 0.008897
6 0.008902
6 0.008902
8 0.008903
11 0.008904
8 0.008904
8 0.008911
8 0.008911
8 0.008926
8 0.008927
8 0.008936
7 0.008941
7 0.008942
7 0.008944
7 0.008945
7 0.008945
7 0.008947
7 0.008948
6 0.008964
6 0.008965
8 0.008976
8 0.008977
8 0.008977
7 0.008990
10 0.009021
10 0.009021
11 0.009033
7 0.009037
7 0.009071
7 0.009081
7 0.009081
7 0.009088
7 0.009089
7 0.009090
6 0.009090
6 0.009090
6 0.009090
6 0.009098
9 0.009109
6 0.009139
9 0.009140
6 0.009143
7 0.009145
7 0.009147
7 0.009149
7 0.009157
7 0.009158
6 0.009200
6 0.009203
8 0.009212
8 0.009218
8 0.009219
8 0.009224
10 0.009224
10 0.009224
7 0.009226
10 0.009228
6 0.009228
8 0.009232
8 0.009233
8 0.009233
5 0.009243
5 0.009243
5 0.009258
5 0.009258
5 0.009265
7 0.009290
7 0.009293
7 0.009294
7 0.009296
7 0.009296
7 0.009296
6 0.009296
5 0.009310
6 0.009311
6 0.009318
6 0.009350
6 0.009350
6 0.009350
6 0.009350
8 0.009390
7 0.009404
8 0.009406
8 0.009407
6 0.009411
6 0.009416
7 0.009417
7 0.009425
8 0.009428
7 0.009435
7 0.009451
10 0.009472
10 0.009472
8 0.009485
8 0.009496
7 0.009503
7 0.009504
7 0.009509
7 0.009514
7 0.009514
7 0.009514
7 0.009523
7 0.009523
7 0.009526
7 0.009538
6 0.009538
6 0.009542
7 0.009542
10 0.009545
10 0.009545
10 0.009548
6 0.009548
7 0.009548
5 0.009555
7 0.009556
6 0.009556
6 0.009564
7 0.009564
6 0.009567
6 0.009568
5 0.009580
5 0.009580
5 0.009580
5 0.009590
5 0.009592
5 0.009596
5 0.009596
5 0.009603
5 0.009606
6 0.009606
6 0.009607
5 0.009608
6 0.009608
6 0.009609
6 0.009615
5 0.009615
6 0.009616
6 0.009624
6 0.009624
6 0.009624
6 0.009626
6 0.009626
6 0.009630
6 0.009631
6 0.009639
6 0.009639
6 0.009639
6 0.009639
6 0.009647
6 0.009647
6 0.009667
6 0.009670
8 0.009673
8 0.009673
6 0.009680
6 0.009682
8 0.009684
6 0.009686
6 0.009688
6 0.009690
8 0.009690
8 0.009692
8 0.009692
6 0.009694
6 0.009694
6 0.009697
6 0.009697
8 0.009702
6 0.009725
6 0.009725
6 0.009728
5 0.009739
5 0.009739
5 0.009739
5 0.009744
8 0.009747
8 0.009748
8 0.009753
8 0.009755
5 0.009756
5 0.009756
5 0.009763
8 0.009767
7 0.009803
5 0.009823
5 0.009827
5 0.009840
5 0.009844
5 0.009848
6 0.009850
6 0.009850
6 0.009851
6 0.009851
5 0.009863
5 0.009863
5 0.009863
10 0.009871
5 0.009880
5 0.009880
10 0.009884
10 0.009884
5 0.009887
6 0.009898
7 0.009898
6 0.009899
7 0.009902
6 0.009903
6 0.009904
5 0.009907
7 0.009926
6 0.009928
6 0.009928
6 0.009933
6 0.009933
5 0.009961
6 0.009971
6 0.009974
6 0.009975
5 0.009979
6 0.010004
7 0.010036
7 0.010038
10 0.010051
10 0.010051
10 0.010055
6 0.010070
6 0.010070
6 0.010074
6 0.010074
6 0.010081
6 0.010081
6 0.010090
6 0.010090
5 0.010095
5 0.010095
6 0.010099
6 0.010103
6 0.010103
6 0.010103
6 0.010103
5 0.010113
5 0.010113
5 0.010113
5 0.010121
6 0.010150
6 0.010155
6 0.010155
11 0.010161
11 0.010163
11 0.010163
5 0.010167
5 0.010178
7 0.010196
7 0.010197
7 0.010197
7 0.010206
5 0.010207
7 0.010214
7 0.010214
6 0.010219
7 0.010224
6 0.010224
6 0.010225
8 0.010235
8 0.010235
7 0.010247
8 0.010258
8 0.010259
10 0.010269
10 0.010269
7 0.010291
6 0.010368
7 0.010369
6 0.010370
6 0.010373
6 0.010374
7 0.010374
6 0.010381
7 0.010382
7 0.010386
5 0.010390
5 0.010391
5 0.010391
6 0.010391
5 0.010394
5 0.010394
5 0.010394
6 0.010398
6 0.010399
6 0.010403
6 0.010404
6 0.010404
11 0.010405
11 0.010406
11 0.010409
11 0.010409
5 0.010410
5 0.010410
5 0.010413
5 0.010413
5 0.010418
11 0.010420
11 0.010421
11 0.010421
5 0.010421
5 0.010445
6 0.010452
6 0.010453
6 0.010459
6 0.010460
11 0.010503
11 0.010505
7 0.010516
11 0.010517
6 0.010541
6 0.010541
6 0.010550
11 0.010576
11 0.010577
6 0.010578
11 0.010581
11 0.010581
11 0.010589
8 0.010597
8 0.010598
8 0.010610
11 0.010614
11 0.010614
11 0.010616
11 0.010616
11 0.010617
11 0.010618
3 0.010630
11 0.010631
6 0.010652
6 0.010652
7 0.010652
7 0.010652
5 0.010657
7 0.010671
7 0.010671
11 0.010671
7 0.010671
8 0.010681
7 0.010681
8 0.010683
3 0.010699
10 0.010726
10 0.010742
10 0.010742
5 0.010765
6 0.010782
6 0.010782
6 0.010782
6 0.010801
6 0.010801
6 0.010801
3 0.010808
6 0.010811
6 0.010811
6 0.010815
6 0.010815
6 0.010834
6 0.010834
6 0.010834
8 0.010841
8 0.010843
6 0.010844
6 0.010844
8 0.010893
5 0.010916
8 0.010917
8 0.010920
5 0.010935
10 0.010953
10 0.010953
5 0.010956
10 0.010958
5 0.010965
5 0.010980
6 0.010985
6 0.010985
5 0.011002
6 0.011008
6 0.011008
5 0.011010
7 0.011012
3 0.011014
5 0.011045
5 0.011077
9 0.011078
5 0.011081
5 0.011085
5 0.011093
5 0.011099
5 0.011102
5 0.011108
5 0.011115
6 0.011117
6 0.011119
5 0.011119
6 0.011119
5 0.011124
5 0.011141
5 0.011146
5 0.011149
5 0.011155
6 0.011155
6 0.011155
6 0.011175
6 0.011175
6 0.011186
6 0.011186
7 0.011198
7 0.011200
7 0.011200
7 0.011212
7 0.011212
7 0.011227
8 0.011303
8 0.011305
8 0.011316
8 0.011318
6 0.011319
6 0.011319
6 0.011319
6 0.011319
6 0.011319
6 0.011319
6 0.011319
6 0.011319
5 0.011319
5 0.011321
5 0.011321
5 0.011328
5 0.011340
5 0.011341
5 0.011351
5 0.011370
5 0.011382
5 0.011382
5 0.011393
5 0.011395
5 0.011399
5 0.011403
5 0.011403
5 0.011405
5 0.011418
5 0.011420
5 0.011422
5 0.011428
5 0.011432
3 0.011433
6 0.011441
6 0.011441
6 0.011441
5 0.011449
6 0.011462
6 0.011462
6 0.011462
5 0.011472
6 0.011473
6 0.011474
5 0.011476
5 0.011476
5 0.011478
5 0.011482
8 0.011490
8 0.011491
8 0.011493
8 0.011494
5 0.011499
5 0.011500
5 0.011502
9 0.011502
5 0.011509
5 0.011536
5 0.011540
5 0.011544
5 0.011553
5 0.011582
5 0.011587
6 0.011697
6 0.011697
6 0.011697
6 0.011697
6 0.011697
6 0.011697
6 0.011697
6 0.011699
6 0.011699
6 0.011699
6 0.011699
6 0.011723
6 0.011723
6 0.011723
9 0.011724
7 0.011743
7 0.011752
7 0.011752
6 0.011753
6 0.011754
6 0.011757
7 0.011764
7 0.011764
7 0.011765
7 0.011766
7 0.011778
7 0.011781
5 0.011808
4 0.011816
4 0.011816
4 0.011842
4 0.011848
4 0.011849
5 0.011854
4 0.011874
4 0.011879
5 0.011881
5 0.011886
6 0.011889
6 0.011889
6 0.011890
6 0.011890
5 0.011893
6 0.011911
6 0.011911
6 0.011912
6 0.011912
6 0.011925
6 0.011925
6 0.011925
10 0.011930
10 0.011930
5 0.011940
5 0.011944
5 0.011969
5 0.011970
5 0.011972
9 0.011989
6 0.012101
6 0.012103
5 0.012114
6 0.012129
6 0.012130
4 0.012154
4 0.012154
5 0.012164
5 0.012166
5 0.012166
5 0.012170
4 0.012187
9 0.012188
9 0.012191
5 0.012192
5 0.012192
5 0.012203
6 0.012307
6 0.012309
6 0.012309
4 0.012317
4 0.012327
8 0.012327
8 0.012328
8 0.012330
6 0.012331
6 0.012331
6 0.012333
6 0.012333
4 0.012337
4 0.012338
4 0.012340
4 0.012342
6 0.012345
6 0.012347
6 0.012347
4 0.012351
4 0.012357
4 0.012359
6 0.012359
6 0.012360
6 0.012360
6 0.012360
4 0.012361
4 0.012371
4 0.012372
4 0.012376
4 0.012391
4 0.012396
9 0.012404
9 0.012439
4 0.012442
4 0.012453
4 0.012454
4 0.012464
4 0.012465
5 0.012465
4 0.012476
4 0.012487
4 0.012499
4 0.012500
5 0.012500
9 0.012501
6 0.012521
8 0.012546
4 0.012546
6 0.012546
10 0.012541
10 0.012551
10 0.012554
8 0.012554
8 0.012554
8 0.012557
8 0.012557
6 0.012560
5 0.012560
4 0.012581
5 0.012593
5 0.012628
5 0.012628
5 0.012629
6 0.012646
3 0.012650
6 0.012649
5 0.012654
5 0.012654
4 0.012660
5 0.012668
4 0.012680
4 0.012696
4 0.012701
4 0.012716
5 0.012720
5 0.012722
5 0.012722
4 0.012737
10 0.012738
10 0.012759
10 0.012793
10 0.012796
10 0.012863
10 0.012863
10 0.012870
4 0.012971
12 0.012971
12 0.012973
4 0.012986
4 0.012997
4 0.012998
12 0.013005
12 0.013005
4 0.013009
4 0.013012
12 0.013014
4 0.013025
4 0.013029
6 0.013030
4 0.013034
6 0.013035
4 0.013036
4 0.013054
4 0.013062
6 0.013064
6 0.013069
4 0.013070
5 0.013078
5 0.013078
7 0.013094
5 0.013109
5 0.013109
7 0.013109
5 0.013121
7 0.013130
4 0.013212
4 0.013212
5 0.013216
5 0.013216
5 0.013218
5 0.013218
5 0.013218
5 0.013248
5 0.013248
5 0.013249
5 0.013249
5 0.013249
4 0.013251
5 0.013260
5 0.013262
4 0.013281
4 0.013281
9 0.013315
4 0.013320
9 0.013362
9 0.013362
8 0.013425
5 0.013428
9 0.013558
5 0.013563
5 0.013565
5 0.013566
5 0.013595
5 0.013595
5 0.013595
5 0.013596
5 0.013612
5 0.013628
5 0.013628
5 0.013642
9 0.013648
9 0.013698
5 0.013723
5 0.013740
5 0.013740
5 0.013741
5 0.013741
5 0.013741
5 0.013741
5 0.013774
5 0.013774
5 0.013775
5 0.013775
5 0.013775
6 0.013781
6 0.013781
5 0.013788
5 0.013788
4 0.013797
8 0.013811
6 0.013818
4 0.013826
8 0.013831
8 0.013831
9 0.013835
4 0.013839
4 0.013869
4 0.013869
5 0.013875
5 0.013875
5 0.013877
5 0.013877
5 0.013877
9 0.013890
4 0.013893
4 0.013912
9 0.013937
9 0.013947
4 0.013999
4 0.014012
4 0.014017
9 0.014032
4 0.014042
4 0.014047
4 0.014052
4 0.014056
4 0.014087
4 0.014091
4 0.014096
6 0.014187
11 0.014200
9 0.014214
9 0.014281
5 0.014294
11 0.014340
9 0.014385
9 0.014393
9 0.014437
5 0.014454
5 0.014454
5 0.014454
5 0.014454
5 0.014455
5 0.014455
8 0.014455
8 0.014455
8 0.014501
8 0.014501
5 0.014549
8 0.014577
8 0.014581
5 0.014608
5 0.014608
5 0.014647
5 0.014647
4 0.014653
11 0.014658
5 0.014662
11 0.014668
11 0.014670
6 0.014671
4 0.014684
4 0.014695
4 0.014701
4 0.014705
5 0.014720
5 0.014721
4 0.014725
6 0.014727
4 0.014732
4 0.014740
4 0.014741
4 0.014750
4 0.014753
4 0.014763
4 0.014775
4 0.014788
4 0.014798
4 0.014812
9 0.014851
11 0.014857
9 0.014889
4 0.014890
4 0.014896
4 0.014902
8 0.014912
8 0.014939
4 0.014940
8 0.014942
4 0.014946
11 0.015010
9 0.015040
5 0.015084
11 0.015084
11 0.015108
11 0.015113
11 0.015114
5 0.015124
11 0.015135
11 0.015137
11 0.015138
5 0.015181
9 0.015182
5 0.015202
7 0.015213
5 0.015215
5 0.015218
9 0.015223
5 0.015239
5 0.015253
7 0.015255
7 0.015264
9 0.015268
6 0.015279
6 0.015279
9 0.015280
9 0.015280
9 0.015280
7 0.015280
7 0.015303
9 0.015304
9 0.015304
7 0.015313
7 0.015329
7 0.015333
6 0.015341
6 0.015341
7 0.015367
5 0.015373
7 0.015388
7 0.015398
5 0.015418
9 0.015445
7 0.015447
9 0.015454
9 0.015454
11 0.015457
11 0.015466
11 0.015466
11 0.015473
9 0.015478
11 0.015489
6 0.015508
6 0.015512
11 0.015515
11 0.015522
9 0.015527
11 0.015547
6 0.015569
6 0.015575
11 0.015581
11 0.015620
11 0.015621
11 0.015631
11 0.015631
11 0.015632
6 0.015633
6 0.015633
11 0.015634
6 0.015646
9 0.015708
7 0.015710
6 0.015710
9 0.015721
9 0.015746
11 0.015749
3 0.015770
3 0.015798
8 0.015802
8 0.015802
8 0.015806
8 0.015806
3 0.015852
11 0.015883
9 0.015905
8 0.015912
8 0.015917
8 0.015917
3 0.015920
9 0.015930
5 0.015948
9 0.015967
3 0.015974
4 0.016023
4 0.016023
11 0.016058
4 0.016080
9 0.016092
3 0.016111
9 0.016157
9 0.016160
3 0.016166
9 0.016170
9 0.016174
9 0.016178
7 0.016195
9 0.016205
9 0.016209
9 0.016344
3 0.016356
3 0.016413
3 0.016439
9 0.016451
5 0.016467
6 0.016488
3 0.016495
3 0.016519
9 0.016529
7 0.016539
9 0.016564
9 0.016612
6 0.016691
6 0.016692
6 0.016692
6 0.016748
6 0.016748
6 0.016748
6 0.016748
6 0.016749
6 0.016749
6 0.016749
6 0.016749
6 0.016764
6 0.016764
6 0.016765
6 0.016765
9 0.016770
3 0.016914
3 0.016974
10 0.017023
10 0.017023
9 0.017046
3 0.017080
6 0.017128
6 0.017128
8 0.017136
8 0.017136
3 0.017139
4 0.017165
4 0.017166
4 0.017165
4 0.017166
8 0.017169
8 0.017186
8 0.017186
3 0.017190
6 0.017205
4 0.017231
4 0.017231
4 0.017231
7 0.017353
7 0.017386
7 0.017386
10 0.017391
10 0.017391
6 0.017527
6 0.017527
6 0.017530
6 0.017530
6 0.017607
6 0.017607
6 0.017611
6 0.017611
11 0.017663
8 0.017710
8 0.017711
8 0.017736
8 0.017780
8 0.017784
8 0.017784
8 0.017847
11 0.017880
8 0.017880
8 0.017880
4 0.018007
4 0.018007
1 0.018060
4 0.018061
4 0.018061
4 0.018079
1 0.018100
4 0.018134
4 0.018134
10 0.018152
10 0.018174
10 0.018174
10 0.018185
10 0.018186
10 0.018197
1 0.018206
3 0.018224
1 0.018270
3 0.018297
1 0.018303
1 0.018314
4 0.018316
4 0.018316
9 0.018337
4 0.018344
4 0.018344
1 0.018353
7 0.018369
7 0.018377
4 0.018392
4 0.018392
4 0.018392
2 0.018409
4 0.018419
4 0.018419
2 0.018431
7 0.018439
7 0.018439
4 0.018468
2 0.018468
7 0.018468
7 0.018468
7 0.018477
7 0.018477
2 0.018481
2 0.018526
2 0.018559
10 0.018567
10 0.018567
1 0.018595
2 0.018598
2 0.018647
3 0.018651
2 0.018684
10 0.018707
10 0.018718
2 0.018719
3 0.018720
2 0.018738
1 0.018740
1 0.018768
3 0.018853
2 0.018854
1 0.018875
2 0.018891
2 0.018901
2 0.018923
2 0.018937
10 0.018988
10 0.018988
1 0.018993
10 0.019002
10 0.019009
10 0.019056
9 0.019080
8 0.019095
2 0.019130
2 0.019156
2 0.019165
8 0.019177
8 0.019177
9 0.019177
2 0.019240
2 0.019255
2 0.019284
2 0.019309
2 0.019331
2 0.019340
2 0.019364
9 0.019386
1 0.019407
10 0.019462
10 0.019462
1 0.019466
10 0.019474
8 0.019532
9 0.019585
8 0.019597
9 0.019600
8 0.019603
1 0.019680
2 0.019774
1 0.019805
1 0.019826
7 0.019829
1 0.019863
7 0.019863
7 0.019863
1 0.019926
2 0.019931
1 0.020043
9 0.020079
1 0.020188
2 0.020200
9 0.020222
2 0.020227
9 0.020231
1 0.020242
9 0.020244
2 0.020251
8 0.020258
8 0.020258
8 0.020258
8 0.020258
9 0.020263
1 0.020275
9 0.020280
9 0.020285
2 0.020294
1 0.020329
9 0.020334
2 0.020342
2 0.020353
9 0.020388
1 0.020434
9 0.020438
10 0.020585
10 0.020585
9 0.020851
9 0.020874
2 0.020909
2 0.020943
8 0.020970
1 0.021000
8 0.021068
3 0.021068
8 0.021072
9 0.021219
9 0.021242
9 0.021278
9 0.021301
10 0.021302
10 0.021302
10 0.021302
11 0.021349
1 0.021352
9 0.021356
8 0.021471
1 0.021530
1 0.021545
1 0.021620
1 0.021636
11 0.021666
1 0.021669
10 0.021691
10 0.021691
9 0.021706
10 0.021706
1 0.021721
1 0.021721
1 0.021737
7 0.021775
8 0.021782
8 0.021782
8 0.021782
1 0.021822
1 0.021822
1 0.021837
8 0.021844
7 0.021874
1 0.021904
8 0.021910
1 0.021927
1 0.022006
1 0.022030
1 0.022204
8 0.022218
1 0.022268
1 0.022343
1 0.022343
9 0.022455
5 0.022494
5 0.022494
5 0.022495
5 0.022495
5 0.022496
5 0.022496
1 0.022516
1 0.022558
5 0.022576
5 0.022576
5 0.022577
5 0.022577
5 0.022578
5 0.022621
5 0.022622
1 0.022625
8 0.022645
8 0.022650
8 0.022764
8 0.023097
8 0.023097
8 0.023110
8 0.023159
3 0.023173
8 0.023234
8 0.023295
2 0.023301
8 0.023351
8 0.023351
9 0.023363
9 0.023392
6 0.023412
6 0.023412
3 0.023426
9 0.023447
3 0.023494
6 0.023519
6 0.023519
2 0.023580
9 0.023704
9 0.023760
2 0.023807
8 0.023819
8 0.023819
2 0.023814
8 0.023883
8 0.023916
8 0.023916
8 0.024070
8 0.024070
9 0.024125
9 0.024149
9 0.024607
2 0.024653
2 0.024656
8 0.024658
8 0.024680
9 0.024685
6 0.024698
2 0.024721
6 0.024751
6 0.024757
10 0.024759
10 0.024759
2 0.024766
8 0.024794
2 0.024839
6 0.024858
11 0.024872
6 0.024887
6 0.024887
6 0.024912
8 0.025001
8 0.025001
9 0.025030
8 0.025093
8 0.025093
11 0.025093
5 0.025158
5 0.025158
8 0.025187
8 0.025187
7 0.025250
5 0.025271
5 0.025272
5 0.025319
8 0.025320
8 0.025329
8 0.025329
8 0.025332
7 0.025366
6 0.025384
8 0.025393
8 0.025405
6 0.025445
8 0.025502
6 0.025546
10 0.025730
10 0.025730
10 0.025730
8 0.026310
8 0.026317
5 0.026333
8 0.026334
8 0.026341
10 0.026377
10 0.026377
10 0.026399
8 0.026401
5 0.026445
8 0.026481
8 0.026481
8 0.026785
8 0.026868
6 0.026898
6 0.026899
6 0.026899
4 0.026928
4 0.026931
8 0.026952
11 0.026959
8 0.027036
6 0.027039
6 0.027039
6 0.027040
6 0.027040
9 0.027076
8 0.027184
11 0.027219
9 0.027236
8 0.027287
8 0.027287
8 0.027340
8 0.027373
8 0.027426
8 0.027459
8 0.027520
8 0.027612
7 0.027615
5 0.027658
5 0.027658
8 0.027674
7 0.027700
7 0.027700
2 0.027722
2 0.027723
7 0.027840
7 0.027840
7 0.028074
7 0.028074
12 0.028093
12 0.028112
12 0.028112
12 0.028121
9 0.028126
8 0.028167
8 0.028201
8 0.028214
7 0.028217
7 0.028305
7 0.028451
8 0.028560
8 0.028688
8 0.028688
8 0.028688
8 0.028825
8 0.028854
6 0.028863
6 0.028864
6 0.028864
8 0.028959
8 0.028967
9 0.028998
8 0.029010
8 0.029039
8 0.029065
6 0.029136
6 0.029145
6 0.029146
6 0.029258
6 0.029261
6 0.029302
6 0.029302
6 0.029312
6 0.029312
4 0.029450
4 0.029540
8 0.029560
8 0.029567
8 0.029567
8 0.029599
8 0.029599
8 0.029755
8 0.029755
8 0.029768
8 0.029777
8 0.029808
8 0.029870
8 0.029876
8 0.030020
8 0.030027
8 0.030312
8 0.030312
8 0.030312
8 0.030312
9 0.030413
11 0.030541
6 0.030633
6 0.030633
6 0.030633
6 0.030697
6 0.030697
6 0.030697
8 0.030721
8 0.030721
8 0.030721
8 0.030732
6 0.030733
6 0.030733
11 0.030875
7 0.031136
8 0.031180
8 0.031224
5 0.031230
8 0.031376
8 0.031422
8 0.031422
8 0.031425
8 0.031441
6 0.031456
6 0.031467
6 0.031467
8 0.031504
10 0.031646
10 0.031646
8 0.031704
7 0.031903
7 0.031903
11 0.031909
11 0.031933
11 0.031939
8 0.031967
6 0.031982
8 0.032012
7 0.032027
8 0.032035
7 0.032051
4 0.032099
4 0.032099
7 0.032109
8 0.032110
8 0.032110
7 0.032116
6 0.032246
6 0.032250
8 0.032251
8 0.032251
8 0.032263
7 0.032314
8 0.032324
8 0.032324
4 0.032331
8 0.032384
8 0.032556
8 0.032556
11 0.032639
11 0.032722
11 0.032734
11 0.032734
11 0.032772
11 0.032781
11 0.032782
9 0.032864
8 0.032941
8 0.032963
10 0.032982
10 0.032982
10 0.033003
8 0.033068
8 0.033115
8 0.033215
8 0.033343
11 0.033385
8 0.033426
8 0.033525
11 0.033623
8 0.033636
11 0.033693
11 0.033706
11 0.033756
11 0.033785
11 0.033786
11 0.033805
11 0.033811
11 0.033813
11 0.033817
5 0.033855
5 0.033862
5 0.033865
5 0.033868
5 0.033872
5 0.033875
5 0.033878
8 0.033901
6 0.033978
6 0.033978
6 0.033978
11 0.034028
5 0.034155
5 0.034158
5 0.034167
5 0.034170
5 0.034172
5 0.034178
8 0.034180
5 0.034181
8 0.034184
8 0.034207
5 0.034500
5 0.034507
5 0.034514
5 0.034558
5 0.034565
5 0.034580
8 0.034627
8 0.034627
8 0.034764
8 0.034833
8 0.034833
6 0.034912
6 0.034912
6 0.034913
6 0.034914
6 0.034917
6 0.034917
6 0.034919
6 0.034919
5 0.035000
4 0.035022
4 0.035089
5 0.035109
5 0.035109
6 0.035190
5 0.035220
6 0.035221
8 0.035246
5 0.035309
5 0.035309
5 0.035330
5 0.035330
8 0.035389
5 0.035422
6 0.035426
6 0.035457
5 0.035533
5 0.035533
8 0.035600
5 0.035626
10 0.035765
10 0.035765
6 0.035885
6 0.035885
6 0.036008
6 0.036008
6 0.036008
8 0.036173
8 0.036195
8 0.036195
6 0.036210
6 0.036210
8 0.036219
8 0.036324
7 0.036376
7 0.036377
8 0.036382
8 0.036382
8 0.036382
8 0.036382
8 0.036389
8 0.036389
8 0.036411
8 0.036483
8 0.036483
8 0.036496
8 0.036496
7 0.036518
7 0.036523
7 0.036523
7 0.036524
7 0.036524
6 0.036548
6 0.036548
6 0.036548
6 0.036548
6 0.036548
6 0.036548
6 0.036548
6 0.036548
8 0.036571
8 0.036718
8 0.036740
6 0.036761
7 0.036762
8 0.036766
7 0.036767
7 0.036767
7 0.036768
7 0.036768
8 0.036789
9 0.036807
6 0.036892
4 0.036894
4 0.036894
4 0.036896
8 0.036973
8 0.036973
8 0.036973
7 0.036986
7 0.037108
7 0.037140
10 0.037272
10 0.037272
5 0.037328
5 0.037357
5 0.037365
7 0.037397
5 0.037414
5 0.037422
5 0.037431
10 0.037481
10 0.037481
8 0.037498
10 0.037509
8 0.037533
5 0.037666
9 0.037760
9 0.037772
9 0.037772
9 0.037793
5 0.037816
5 0.037825
5 0.037859
8 0.037862
5 0.037867
5 0.037876
11 0.037881
5 0.037895
5 0.037896
5 0.037900
5 0.037904
5 0.037907
5 0.037910
5 0.037911
9 0.037913
9 0.037913
5 0.037921
9 0.037955
9 0.037955
9 0.037988
8 0.038223
8 0.038248
8 0.038248
7 0.038272
8 0.038311
8 0.038311
9 0.038313
9 0.038313
11 0.038396
5 0.038746
6 0.038779
6 0.038779
6 0.038785
6 0.038795
6 0.038795
6 0.038801
6 0.038801
5 0.038850
8 0.038859
5 0.039076
8 0.039130
8 0.039183
8 0.039211
8 0.039211
10 0.039301
10 0.039331
10 0.039331
6 0.039409
6 0.039409
6 0.039448
5 0.039508
5 0.039508
5 0.039510
5 0.039510
5 0.039510
5 0.039522
5 0.039522
6 0.039580
8 0.039909
8 0.039925
6 0.039928
6 0.039928
8 0.039966
8 0.039982
6 0.039993
8 0.040024
5 0.040034
6 0.040067
6 0.040067
5 0.040176
5 0.040176
8 0.040285
6 0.040331
6 0.040331
8 0.040337
8 0.040363
8 0.040380
8 0.040380
8 0.040383
5 0.040439
5 0.040439
8 0.040463
8 0.040497
9 0.040596
8 0.040642
8 0.040665
8 0.040801
6 0.040975
7 0.040981
7 0.040981
10 0.041064
10 0.041064
10 0.041118
6 0.041122
6 0.041249
6 0.041307
6 0.041351
6 0.041351
6 0.041351
6 0.041351
6 0.041351
6 0.041351
8 0.041375
10 0.041416
10 0.041416
6 0.041422
6 0.041422
6 0.041456
8 0.041513
6 0.041566
6 0.041573
6 0.041573
8 0.041573
8 0.041575
8 0.041589
8 0.041646
6 0.041684
6 0.041714
6 0.041714
6 0.041714
8 0.041729
6 0.041752
8 0.041775
8 0.041787
6 0.041832
6 0.041832
6 0.041832
8 0.041899
6 0.041901
6 0.041901
8 0.041931
8 0.042050
6 0.042112
6 0.042160
6 0.042160
6 0.042185
6 0.042226
6 0.042226
6 0.042233
8 0.042253
8 0.042257
8 0.042269
7 0.042319
7 0.042319
8 0.042474
6 0.042537
8 0.042591
8 0.042591
6 0.042604
6 0.042611
8 0.042617
6 0.042660
6 0.042682
6 0.042728
6 0.042731
7 0.042735
7 0.042743
7 0.042744
8 0.042819
8 0.042825
8 0.042831
6 0.042836
6 0.042836
6 0.042836
6 0.042836
8 0.042838
7 0.042914
8 0.042915
7 0.042926
8 0.042968
8 0.043047
8 0.043050
8 0.043059
8 0.043065
6 0.043115
6 0.043115
6 0.043115
7 0.043119
7 0.043119
7 0.043131
7 0.043132
8 0.043141
7 0.043151
8 0.043200
8 0.043403
8 0.043403
7 0.043459
7 0.043459
7 0.043472
7 0.043472
7 0.043492
7 0.043492
6 0.043614
8 0.043667
8 0.043674
8 0.043685
9 0.043701
6 0.043779
6 0.043844
6 0.043844
9 0.043870
6 0.043889
8 0.043902
8 0.043902
9 0.043917
9 0.043918
6 0.043987
6 0.044028
6 0.044028
6 0.044028
6 0.044057
8 0.044080
10 0.044092
10 0.044092
6 0.044116
9 0.044120
8 0.044134
8 0.044175
6 0.044330
6 0.044330
6 0.044330
8 0.044332
9 0.044340
9 0.044341
9 0.044397
9 0.044397
8 0.044456
6 0.044497
8 0.044526
9 0.044598
9 0.044598
6 0.044751
6 0.044751
6 0.044751
8 0.044779
9 0.044829
9 0.044829
9 0.045067
7 0.045069
8 0.045290
9 0.045517
6 0.045677
6 0.045677
6 0.045677
6 0.045677
6 0.045677
6 0.045677
6 0.045677
6 0.045677
10 0.045725
10 0.045725
10 0.045725
8 0.045996
8 0.046072
8 0.046177
8 0.046230
9 0.046239
8 0.046468
8 0.046501
5 0.046544
8 0.046546
8 0.046600
5 0.046689
5 0.046694
10 0.046729
10 0.046729
8 0.046751
8 0.046751
10 0.046773
9 0.046849
5 0.047013
5 0.047018
5 0.047022
8 0.047085
8 0.047085
8 0.047132
8 0.047132
6 0.047168
6 0.047168
6 0.047168
6 0.047168
8 0.047794
6 0.047810
6 0.047867
5 0.048181
8 0.048225
8 0.048225
8 0.048342
8 0.048342
8 0.048342
8 0.048468
6 0.048490
8 0.048517
6 0.048539
8 0.048553
5 0.048559
8 0.048560
6 0.048638
8 0.048991
8 0.049037
6 0.049044
6 0.049128
8 0.049140
8 0.049140
6 0.049339
8 0.049431
8 0.049431
9 0.049439
8 0.049684
8 0.049684
8 0.050093
8 0.050130
8 0.050289
8 0.050289
8 0.050289
8 0.050289
8 0.050299
8 0.050391
8 0.050431
8 0.050600
8 0.050756
8 0.050958
9 0.051099
6 0.051257
6 0.051262
6 0.051262
8 0.051290
9 0.051414
6 0.051486
6 0.051486
6 0.051490
6 0.051490
9 0.051552
9 0.051819
6 0.051923
6 0.051923
6 0.051928
6 0.051928
7 0.052063
7 0.052081
7 0.052109
8 0.052582
9 0.052637
7 0.052701
8 0.052957
9 0.053124
6 0.053265
6 0.053265
6 0.053265
9 0.053482
6 0.053507
6 0.053507
6 0.053507
6 0.053507
6 0.053507
6 0.053507
6 0.053507
6 0.053507
8 0.053660
8 0.053660
8 0.053660
8 0.053660
5 0.053744
8 0.053760
9 0.053853
5 0.053938
5 0.053944
5 0.053966
9 0.054004
9 0.054042
9 0.054066
9 0.054295
9 0.054333
9 0.054377
5 0.054382
5 0.054405
7 0.054601
6 0.054789
6 0.054789
7 0.054862
6 0.054870
6 0.054870
6 0.054870
8 0.054882
9 0.054909
6 0.054981
6 0.054981
8 0.055130
8 0.055146
8 0.055156
7 0.055494
9 0.055522
8 0.055556
7 0.055827
9 0.056278
6 0.056322
9 0.056325
6 0.056420
9 0.056555
9 0.056596
6 0.056598
9 0.056644
9 0.056728
9 0.056770
6 0.056946
8 0.057097
6 0.057228
10 0.057766
8 0.057780
8 0.057860
9 0.058005
10 0.058091
10 0.058435
8 0.058562
9 0.058679
10 0.058683
10 0.058711
8 0.058803
8 0.058803
9 0.058824
9 0.058824
9 0.059004
9 0.059004
9 0.059032
10 0.059069
8 0.059133
10 0.059242
10 0.059242
10 0.059242
8 0.059333
8 0.059385
6 0.059404
6 0.059404
6 0.059404
6 0.059404
6 0.059404
6 0.059404
6 0.059404
9 0.059425
9 0.059453
8 0.059538
8 0.059573
8 0.059581
8 0.059666
8 0.059751
8 0.059794
8 0.059952
9 0.059988
9 0.059988
6 0.060049
6 0.060088
6 0.060088
11 0.060149
8 0.060158
9 0.060187
9 0.060357
6 0.060363
6 0.060363
6 0.060394
6 0.060394
8 0.060397
6 0.060403
6 0.060403
6 0.060405
6 0.060405
6 0.060405
6 0.060405
6 0.060405
6 0.060405
6 0.060405
6 0.060405
8 0.060467
8 0.060573
8 0.060599
6 0.060713
4 0.060845
7 0.060864
4 0.060868
7 0.060903
7 0.060903
7 0.060928
7 0.060928
6 0.060965
10 0.060979
6 0.061006
6 0.061006
4 0.061113
4 0.061167
4 0.061252
4 0.061415
11 0.061458
11 0.061610
11 0.061610
11 0.061610
11 0.061610
11 0.061610
11 0.061610
11 0.061610
4 0.061892
4 0.061906
4 0.061906
8 0.062147
8 0.062147
8 0.062325
8 0.062325
8 0.062461
8 0.062461
10 0.062494
4 0.063127
4 0.063167
4 0.063184
4 0.063224
4 0.063427
4 0.063452
4 0.063462
4 0.063509
4 0.063727
8 0.063747
7 0.063756
7 0.063774
7 0.063774
7 0.063777
7 0.063777
4 0.063977
4 0.064289
4 0.064472
8 0.064662
8 0.064662
8 0.064662
8 0.064662
8 0.064717
8 0.064717
9 0.064717
8 0.064855
4 0.065065
9 0.065223
4 0.065363
4 0.065405
6 0.065488
4 0.065505
6 0.065565
8 0.065651
8 0.065651
6 0.065673
4 0.065684
6 0.065687
4 0.065711
4 0.065807
6 0.065833
8 0.065867
8 0.065867
8 0.065867
6 0.065898
6 0.065941
6 0.066062
4 0.066132
4 0.066159
9 0.066186
6 0.066578
6 0.066622
8 0.066774
8 0.066774
5 0.067101
5 0.067128
5 0.067155
5 0.067272
5 0.067299
8 0.067463
7 0.067657
8 0.067982
4 0.068030
8 0.068055
8 0.068055
8 0.068101
8 0.068222
6 0.068465
6 0.068465
8 0.068488
4 0.068511
9 0.068568
9 0.068568
8 0.068592
8 0.068662
8 0.068662
9 0.068814
8 0.068920
6 0.068923
6 0.068923
6 0.068923
8 0.068958
10 0.069013
10 0.069013
8 0.069089
8 0.069377
8 0.069387
8 0.069387
9 0.069401
8 0.069483
8 0.069720
8 0.069720
6 0.069779
6 0.069779
6 0.069779
8 0.069945
8 0.069945
8 0.069994
8 0.070013
8 0.070097
8 0.070185
8 0.070269
8 0.070319
9 0.070606
8 0.070616
5 0.070706
5 0.070706
8 0.070796
6 0.070837
6 0.070962
6 0.070962
6 0.071352
6 0.071352
6 0.071352
6 0.071352
5 0.071461
5 0.071461
4 0.071496
4 0.071618
5 0.071815
9 0.071849
4 0.071855
4 0.071875
8 0.071922
8 0.071922
3 0.072159
10 0.072516
10 0.072516
10 0.072516
3 0.072535
4 0.072594
4 0.072614
6 0.072743
6 0.072743
6 0.072743
3 0.072834
4 0.073028
3 0.073262
8 0.073303
8 0.073303
3 0.073444
3 0.073656
8 0.073730
4 0.073772
3 0.073927
9 0.074041
4 0.074158
8 0.074184
3 0.074193
8 0.074195
8 0.074427
8 0.074427
3 0.074434
8 0.074516
8 0.074738
8 0.074738
8 0.074839
9 0.074955
9 0.074955
3 0.075074
3 0.075112
3 0.075121
3 0.075324
8 0.075352
8 0.075420
9 0.075487
10 0.075529
10 0.075529
10 0.075529
3 0.075680
10 0.075700
10 0.075700
10 0.075815
8 0.075901
3 0.076098
9 0.076229
3 0.076275
8 0.076318
3 0.076566
6 0.076611
9 0.076744
6 0.076758
9 0.076890
9 0.076890
6 0.076947
8 0.076988
8 0.077275
8 0.077275
7 0.077361
4 0.077385
4 0.077408
7 0.077423
7 0.077423
7 0.077464
7 0.077464
8 0.078291
8 0.078291
1 0.078295
9 0.078372
9 0.078372
4 0.078402
4 0.078426
6 0.078493
6 0.078493
6 0.078493
6 0.078493
6 0.078493
6 0.078746
6 0.078746
6 0.078821
8 0.078996
8 0.078996
8 0.079334
1 0.079410
8 0.079561
8 0.079561
8 0.079561
6 0.079808
6 0.079808
4 0.080041
6 0.080244
6 0.080244
6 0.080244
8 0.080302
4 0.080307
4 0.080374
6 0.080496
6 0.080496
4 0.080660
4 0.080998
8 0.081004
4 0.081127
8 0.081149
1 0.081339
8 0.081374
4 0.081487
8 0.081539
7 0.081796
7 0.081796
7 0.081800
7 0.081800
7 0.081829
8 0.081833
8 0.081913
3 0.082137
7 0.082272
7 0.082272
6 0.082291
6 0.082291
6 0.082291
7 0.082342
7 0.082342
3 0.082379
7 0.082388
7 0.082388
8 0.082406
8 0.082501
6 0.082576
6 0.082576
6 0.082576
4 0.082711
6 0.082720
6 0.082720
4 0.082722
4 0.082737
8 0.083056
4 0.083324
4 0.083435
4 0.083781
4 0.083826
4 0.084036
4 0.084043
4 0.084209
5 0.084481
4 0.084511
5 0.084554
4 0.084558
7 0.084674
5 0.084736
5 0.084810
5 0.084864
5 0.084996
5 0.085049
4 0.085223
4 0.085441
7 0.085475
4 0.085493
2 0.085588
4 0.085729
9 0.085749
4 0.085925
4 0.086199
2 0.086360
4 0.086370
4 0.086572
3 0.086594
4 0.086673
8 0.086709
7 0.086824
4 0.086864
4 0.086868
4 0.086917
8 0.087002
7 0.087014
7 0.087014
2 0.087027
2 0.087027
7 0.087065
7 0.087065
4 0.087094
7 0.087144
7 0.087144
3 0.087172
8 0.087252
3 0.087358
1 0.087444
2 0.087464
5 0.087512
5 0.087512
4 0.087562
4 0.087591
8 0.087627
3 0.087631
4 0.087749
8 0.087881
3 0.087885
3 0.088010
2 0.088470
2 0.088471
8 0.088543
3 0.088616
5 0.088768
5 0.088768
8 0.088802
3 0.088988
4 0.089035
4 0.089060
8 0.089087
4 0.089101
4 0.089108
2 0.089129
4 0.089214
4 0.089222
4 0.089387
5 0.089469
3 0.089474
8 0.089518
3 0.089532
3 0.089664
3 0.089821
4 0.090281
3 0.090292
2 0.090739
2 0.090741
3 0.090973
4 0.091100
2 0.091827
4 0.091902
8 0.092234
8 0.092234
8 0.092234
8 0.092234
4 0.092290
4 0.092346
4 0.092412
4 0.092468
4 0.092978
8 0.093015
4 0.093133
4 0.093621
4 0.093629
8 0.093650
4 0.094037
6 0.094331
8 0.094357
4 0.094379
8 0.094438
8 0.094447
8 0.094447
4 0.094526
4 0.094534
6 0.094554
6 0.094643
2 0.094670
2 0.094677
4 0.094769
8 0.094778
4 0.095307
8 0.095365
8 0.095438
8 0.095484
8 0.095666
8 0.095666
6 0.095767
6 0.095767
4 0.095807
8 0.095886
6 0.095979
4 0.096056
4 0.096057
6 0.096209
9 0.096348
4 0.096394
8 0.096432
8 0.096572
6 0.096609
2 0.096693
5 0.096702
5 0.096702
5 0.096702
8 0.097031
4 0.097115
4 0.097148
4 0.097210
4 0.097354
4 0.097490
6 0.097599
4 0.097616
4 0.097625
8 0.097672
5 0.097703
4 0.097726
4 0.097847
4 0.097900
5 0.097923
4 0.098119
4 0.098119
5 0.098120
5 0.098120
4 0.098132
6 0.098174
6 0.098174
4 0.098201
6 0.098213
6 0.098213
6 0.098454
6 0.098454
4 0.098486
4 0.098737
5 0.098789
4 0.098833
4 0.099099
5 0.099151
5 0.099378
4 0.099450
4 0.099674
4 0.099690
4 0.099728
11 0.099744
4 0.099763
4 0.099866
4 0.099899
4 0.099926
4 0.099952
4 0.100009
5 0.100064
4 0.100102
4 0.100118
4 0.100169
4 0.100195
4 0.100415
4 0.100442
4 0.100625
4 0.100876
6 0.101194
6 0.101358
6 0.101451
6 0.101616
6 0.101616
6 0.101698
6 0.101958
4 0.102318
4 0.102320
9 0.102414
9 0.102414
2 0.102597
2 0.102611
4 0.102640
4 0.102640
4 0.102930
4 0.103245
11 0.103432
1 0.103696
4 0.103718
4 0.103739
4 0.103739
8 0.103788
8 0.103788
8 0.103788
1 0.103793
1 0.103950
4 0.104037
1 0.104070
4 0.104174
1 0.104281
8 0.104286
4 0.104299
11 0.104327
4 0.104410
4 0.104437
1 0.104454
4 0.104734
9 0.104743
9 0.104743
4 0.104752
1 0.104778
8 0.104789
4 0.104875
1 0.104874
4 0.104900
4 0.104940
4 0.104958
1 0.105017
8 0.105186
4 0.105229
8 0.105386
4 0.105408
4 0.105427
4 0.105448
4 0.105470
4 0.105502
1 0.105518
4 0.105531
4 0.105575
4 0.105575
4 0.105619
4 0.105622
1 0.105652
4 0.105764
9 0.105783
4 0.105872
4 0.105894
4 0.105899
4 0.105909
1 0.105910
4 0.106171
4 0.106173
9 0.106192
4 0.106238
4 0.106332
4 0.106344
8 0.106360
4 0.106479
6 0.106559
4 0.106559
6 0.106606
8 0.106610
4 0.106612
4 0.106641
1 0.106745
4 0.106835
4 0.106859
4 0.106898
1 0.106909
4 0.106954
4 0.106980
9 0.107020
6 0.107066
4 0.107087
2 0.107169
4 0.107214
4 0.107230
4 0.107263
6 0.107319
6 0.107319
4 0.107348
1 0.107351
6 0.107354
4 0.107353
4 0.107374
4 0.107390
4 0.107407
8 0.107658
4 0.107728
4 0.107795
4 0.107834
4 0.107834
4 0.107875
8 0.107980
4 0.108071
4 0.108090
4 0.108129
6 0.108331
6 0.108331
6 0.108449
6 0.108499
4 0.108622
1 0.108887
4 0.108901
4 0.108901
1 0.109149
4 0.109231
6 0.109477
4 0.109547
6 0.109709
4 0.109733
4 0.109745
4 0.109917
4 0.110037
1 0.110160
4 0.110169
4 0.110424
4 0.110577
4 0.110598
6 0.110742
6 0.110742
6 0.110742
4 0.111980
4 0.112221
6 0.112625
6 0.112625
9 0.113045
4 0.113073
6 0.113353
6 0.113353
1 0.113559
10 0.113636
10 0.113636
10 0.113636
1 0.114183
7 0.114653
7 0.114653
7 0.114662
7 0.114662
7 0.114718
8 0.115678
5 0.115833
5 0.115833
5 0.115833
8 0.116212
1 0.116380
6 0.116741
8 0.116945
6 0.117176
6 0.117247
6 0.117855
6 0.117855
6 0.117855
6 0.117855
5 0.117874
5 0.117874
8 0.117897
5 0.118357
5 0.118357
5 0.118357
5 0.118357
5 0.118357
5 0.118357
5 0.118841
7 0.118983
6 0.119007
6 0.119007
8 0.119048
4 0.119088
6 0.119161
6 0.119162
4 0.119743
6 0.119848
4 0.119865
6 0.119908
8 0.120250
8 0.120250
8 0.120250
10 0.120337
10 0.120337
10 0.120337
4 0.120528
8 0.120700
8 0.120700
8 0.120744
4 0.121096
4 0.121285
7 0.121612
4 0.121899
4 0.122090
4 0.122140
4 0.122907
3 0.122938
4 0.122957
4 0.123563
4 0.123587
4 0.123694
3 0.123983
2 0.123993
2 0.123993
2 0.124040
4 0.124384
6 0.124595
6 0.124595
2 0.124805
2 0.124851
6 0.124922
6 0.124922
6 0.124922
2 0.124948
2 0.124948
2 0.124993
6 0.125581
6 0.125581
10 0.125628
10 0.125628
10 0.125628
7 0.125780
7 0.125780
7 0.125791
7 0.125791
8 0.125849
7 0.125859
3 0.126337
2 0.127124
1 0.127131
3 0.127178
2 0.127194
8 0.127226
8 0.127226
2 0.127272
2 0.127272
2 0.127343
3 0.127483
3 0.128070
8 0.128916
8 0.128916
5 0.128947
6 0.129082
6 0.129082
7 0.129130
4 0.129274
7 0.129320
5 0.129401
6 0.129433
6 0.129433
6 0.129433
5 0.129582
7 0.129614
8 0.129618
1 0.129973
6 0.130056
6 0.130056
6 0.130141
6 0.130141
6 0.130141
7 0.130650
3 0.130659
2 0.130671
4 0.130736
4 0.130765
2 0.130788
4 0.130792
2 0.130828
2 0.130828
3 0.130866
2 0.130944
3 0.131027
3 0.131063
3 0.131073
4 0.131165
4 0.131193
6 0.131199
6 0.131199
6 0.131199
6 0.131199
6 0.131199
3 0.131450
5 0.131482
4 0.131526
4 0.131644
3 0.131808
4 0.131873
4 0.131921
3 0.132002
5 0.132142
4 0.132395
5 0.132451
4 0.132677
5 0.132686
7 0.132730
3 0.132751
4 0.132805
4 0.132878
6 0.132890
6 0.132890
6 0.132890
6 0.132890
6 0.132890
6 0.132890
6 0.132890
6 0.132890
3 0.132958
4 0.133160
3 0.133231
4 0.133333
7 0.133420
3 0.133436
3 0.133595
4 0.133685
4 0.133771
6 0.133833
6 0.133833
6 0.133833
4 0.134082
4 0.134216
4 0.134221
4 0.134340
4 0.134363
4 0.134423
4 0.134564
3 0.134646
4 0.134654
4 0.134664
3 0.134834
3 0.134913
3 0.134936
3 0.135015
7 0.135040
4 0.135090
4 0.135160
4 0.135162
4 0.135178
4 0.135202
3 0.135280
3 0.135381
3 0.135392
4 0.135565
4 0.135611
4 0.135626
4 0.135644
7 0.135670
4 0.135707
8 0.135777
5 0.136088
4 0.136149
5 0.136151
4 0.136250
5 0.136258
4 0.136313
4 0.136394
2 0.136554
3 0.136579
4 0.136601
4 0.136673
2 0.136725
2 0.136726
2 0.136771
6 0.136836
6 0.136836
2 0.136942
4 0.137087
4 0.137104
8 0.137118
7 0.137160
3 0.137177
4 0.137319
4 0.137550
3 0.137671
4 0.137738
3 0.137871
3 0.137889
7 0.137910
8 0.137950
6 0.138007
6 0.138007
6 0.138007
6 0.138007
6 0.138007
6 0.138007
6 0.138007
6 0.138045
4 0.138254
4 0.138443
8 0.138466
4 0.138555
4 0.138574
4 0.138616
8 0.138658
3 0.138669
4 0.138750
5 0.138914
3 0.138950
5 0.138980
3 0.139127
8 0.139140
7 0.139260
3 0.139339
4 0.139436
3 0.139565
8 0.139567
7 0.139650
2 0.139879
4 0.139880
6 0.140115
5 0.140258
3 0.140282
5 0.140363
4 0.140431
4 0.140466
4 0.140474
3 0.140517
3 0.140788
4 0.140928
4 0.140934
6 0.140944
7 0.141020
9 0.141203
6 0.141363
4 0.141387
5 0.141669
5 0.141735
4 0.141770
8 0.141824
4 0.141837
3 0.142154
3 0.142212
8 0.142308
4 0.142368
8 0.142531
4 0.142560
4 0.142637
4 0.142771
4 0.142916
8 0.142918
3 0.143114
2 0.143256
4 0.143277
4 0.143486
3 0.143555
8 0.143637
8 0.143637
4 0.143749
4 0.143761
4 0.143779
4 0.143824
4 0.143943
3 0.143977
8 0.144321
3 0.144374
5 0.144440
4 0.144460
3 0.144626
4 0.144671
3 0.144726
5 0.144735
4 0.144740
5 0.144804
4 0.144822
4 0.144846
8 0.145054
4 0.145065
4 0.145146
4 0.145368
4 0.145389
4 0.145389
3 0.145405
4 0.145417
9 0.145476
4 0.145615
4 0.145721
3 0.145818
9 0.145879
4 0.145918
4 0.145937
4 0.145952
4 0.145952
4 0.145960
4 0.145960
3 0.146231
4 0.146497
4 0.146663
3 0.146719
4 0.146887
4 0.146933
7 0.147040
4 0.147077
4 0.147296
11 0.147419
4 0.147480
4 0.147490
3 0.147490
2 0.147600
6 0.147732
6 0.147732
3 0.147742
2 0.147800
2 0.147801
4 0.147824
4 0.148078
2 0.148088
4 0.148103
6 0.148148
4 0.148149
4 0.148150
4 0.148185
4 0.148185
3 0.148267
4 0.148269
6 0.148280
9 0.148280
2 0.148290
3 0.148372
4 0.148447
4 0.148447
4 0.148542
3 0.148663
4 0.148671
4 0.148727
7 0.148740
7 0.148790
6 0.148810
6 0.148810
6 0.148832
4 0.149043
4 0.149043
4 0.149197
4 0.149261
4 0.149278
3 0.149310
4 0.149462
4 0.149548
4 0.149598
7 0.149680
4 0.149739
4 0.150012
4 0.150152
6 0.150263
4 0.150272
4 0.150272
4 0.150294
4 0.150646
4 0.150680
3 0.150683
7 0.150760
6 0.150784
4 0.150851
4 0.150882
4 0.150882
4 0.151067
4 0.151143
9 0.151309
8 0.151497
4 0.151684
7 0.151720
4 0.151760
4 0.151870
6 0.151976
4 0.152097
6 0.152253
4 0.152473
4 0.152473
4 0.152722
5 0.153020
5 0.153494
4 0.154173
9 0.154345
5 0.154653
3 0.155082
5 0.155084
4 0.155230
8 0.155280
8 0.155328
4 0.155461
6 0.155594
6 0.155594
8 0.155739
4 0.155833
4 0.155833
4 0.155840
4 0.155840
6 0.156446
6 0.156446
5 0.157099
4 0.157181
8 0.157257
8 0.157257
8 0.157257
3 0.157271
4 0.157648
4 0.157852
4 0.157852
4 0.157854
9 0.158078
5 0.158313
4 0.158386
5 0.158431
8 0.158453
3 0.158624
8 0.158680
8 0.158680
4 0.158997
3 0.159236
4 0.159352
4 0.159352
4 0.159774
5 0.160182
4 0.160608
4 0.160710
4 0.160710
4 0.160751
4 0.160751
8 0.160875
4 0.161080
4 0.161080
4 0.161121
4 0.161121
4 0.161127
4 0.161243
4 0.161456
8 0.161603
8 0.161760
4 0.161763
4 0.162014
8 0.162153
1 0.162236
1 0.162240
1 0.162242
1 0.162246
1 0.162250
1 0.162253
1 0.162257
1 0.162261
1 0.162266
1 0.162271
1 0.162276
1 0.162281
1 0.162287
1 0.162293
1 0.162300
1 0.162307
1 0.162314
1 0.162323
1 0.162331
1 0.162341
1 0.162351
1 0.162362
1 0.162374
1 0.162387
1 0.162401
4 0.162414
1 0.162417
1 0.162433
1 0.162452
1 0.162473
1 0.162495
5 0.162509
5 0.162509
1 0.162520
1 0.162548
1 0.162580
3 0.162609
1 0.162615
1 0.162636
1 0.162655
1 0.162679
1 0.162700
5 0.162705
5 0.162705
1 0.162728
1 0.162751
1 0.162782
1 0.162810
1 0.162847
1 0.162879
1 0.162921
1 0.162958
5 0.162978
1 0.163051
4 0.163097
1 0.163161
9 0.163239
1 0.163292
1 0.163451
9 0.163532
3 0.163595
8 0.163639
1 0.163647
8 0.163747
4 0.163852
1 0.163889
9 0.163990
4 0.164089
4 0.164089
5 0.164112
1 0.164196
3 0.164283
4 0.164510
1 0.164592
9 0.164636
3 0.164680
8 0.164799
8 0.164799
3 0.164883
8 0.165044
1 0.165116
4 0.165183
3 0.165222
2 0.165343
1 0.165831
4 0.165885
4 0.165885
3 0.165924
9 0.166003
3 0.166329
8 0.166362
8 0.166362
6 0.166586
1 0.166843
4 0.166956
4 0.166957
9 0.167364
9 0.167392
3 0.167570
3 0.167947
4 0.167996
4 0.167996
4 0.168300
4 0.168300
1 0.168341
8 0.168464
4 0.168698
3 0.168709
8 0.168919
8 0.168919
8 0.169033
9 0.169119
4 0.169268
8 0.169291
8 0.169492
3 0.169728
8 0.169759
4 0.169879
4 0.169879
4 0.169965
4 0.169965
4 0.170126
4 0.170126
9 0.170213
4 0.170237
3 0.170311
4 0.170336
4 0.170336
3 0.170373
3 0.170437
1 0.170706
4 0.170747
4 0.170747
3 0.171479
2 0.171674
3 0.172204
4 0.172272
4 0.172412
8 0.172831
3 0.173072
3 0.173078
3 0.173179
6 0.173430
8 0.173461
2 0.173485
2 0.173485
2 0.173487
4 0.173607
2 0.173761
2 0.173761
2 0.173763
2 0.173762
3 0.173883
3 0.173949
5 0.174004
5 0.174004
5 0.174004
3 0.174395
4 0.174468
4 0.174468
3 0.174502
8 0.174551
3 0.174756
1 0.174779
3 0.174893
4 0.174948
4 0.174948
2 0.175066
5 0.175162
5 0.175162
6 0.175193
9 0.175316
2 0.175347
3 0.175717
4 0.175776
4 0.175776
3 0.175788
8 0.175901
3 0.176041
6 0.176087
3 0.176174
3 0.176380
6 0.176710
6 0.176710
9 0.177054
3 0.177298
3 0.177396
3 0.177514
3 0.177595
9 0.177778
3 0.178325
3 0.178793
6 0.178860
3 0.179137
3 0.179140
3 0.179321
3 0.179458
4 0.179727
4 0.179728
4 0.180016
4 0.180017
3 0.180066
4 0.180068
3 0.180309
6 0.180594
6 0.180595
6 0.180650
6 0.180650
3 0.180663
2 0.180678
3 0.180764
4 0.180775
4 0.180775
4 0.180828
4 0.180828
2 0.180856
3 0.180865
8 0.181550
6 0.181690
3 0.181995
3 0.182042
3 0.182090
2 0.182458
6 0.182550
6 0.182550
3 0.182676
1 0.182793
3 0.182898
3 0.183833
9 0.183890
3 0.183988
4 0.184415
4 0.184415
3 0.184612
3 0.184671
3 0.184757
8 0.184910
8 0.184910
3 0.184959
3 0.185006
4 0.185309
4 0.185309
3 0.185414
6 0.185490
6 0.185490
6 0.185490
6 0.185490
6 0.185490
6 0.185490
6 0.185490
6 0.185490
6 0.185490
3 0.185599
4 0.185656
3 0.185819
3 0.185845
3 0.186539
3 0.186564
3 0.186822
6 0.186880
6 0.186880
6 0.186880
3 0.187296
3 0.187327
8 0.187440
4 0.187458
4 0.187458
3 0.187949
3 0.188231
2 0.188264
6 0.188470
6 0.188470
6 0.188470
3 0.188676
3 0.188732
3 0.189038
3 0.189197
9 0.189300
4 0.189389
4 0.189389
3 0.189630
3 0.189723
3 0.190004
3 0.190136
3 0.190157
3 0.190158
2 0.190213
4 0.190296
4 0.190672
4 0.190672
3 0.190850
9 0.190880
9 0.190880
8 0.191310
8 0.191610
3 0.191877
3 0.192137
3 0.192254
3 0.192278
3 0.192304
3 0.192389
3 0.192448
4 0.192574
4 0.192574
2 0.192805
3 0.192821
3 0.192842
9 0.192860
3 0.192881
3 0.192908
3 0.193037
3 0.193067
3 0.193356
8 0.193540
8 0.193540
4 0.193693
3 0.193754
3 0.193778
3 0.193784
10 0.193800
10 0.193800
10 0.193800
3 0.193825
3 0.193894
3 0.194149
3 0.194150
3 0.194204
9 0.194590
4 0.194612
4 0.194612
4 0.194676
4 0.194676
3 0.195483
4 0.195655
4 0.195655
4 0.196091
4 0.196091
3 0.196215
9 0.196660
3 0.197152
3 0.197474
3 0.197755
4 0.197760
3 0.197932
3 0.197943
3 0.198517
4 0.198661
4 0.198661
2 0.199298
3 0.199376
5 0.199400
5 0.199400
3 0.199409
3 0.200357
9 0.200440
3 0.200551
3 0.200551
3 0.200827
3 0.200856
3 0.200942
4 0.201241
3 0.201420
3 0.201449
2 0.201459
3 0.201740
3 0.201858
3 0.201987
4 0.202134
3 0.202305
3 0.202464
3 0.202494
1 0.202648
4 0.202753
4 0.202753
2 0.202897
3 0.203358
3 0.203392
3 0.204021
3 0.204021
9 0.204550
4 0.205503
5 0.205530
5 0.205530
5 0.205530
3 0.205614
3 0.205615
6 0.205640
6 0.205640
8 0.205640
8 0.205640
3 0.206556
3 0.206557
3 0.207496
5 0.208480
1 0.208520
1 0.208520
3 0.208655
8 0.208770
1 0.208981
3 0.209263
3 0.209263
3 0.209488
8 0.209520
3 0.209860
3 0.211344
3 0.211931
3 0.213472
3 0.213662
1 0.215503
8 0.215710
8 0.215710
9 0.215750
3 0.217838
9 0.218200
2 0.218323
9 0.218900
8 0.219350
9 0.220610
9 0.221140
2 0.221210
10 0.221600
2 0.221760
2 0.221770
9 0.221880
2 0.222318
2 0.222318
2 0.222468
2 0.222771
2 0.222771
2 0.222923
2 0.222923
9 0.223020
2 0.225457
2 0.225457
2 0.225461
9 0.226140
7 0.226220
8 0.226550
3 0.227412
3 0.227413
4 0.227699
4 0.227699
6 0.227790
8 0.228000
10 0.228200
5 0.228980
8 0.229940
8 0.230200
2 0.230369
2 0.230374
2 0.230384
4 0.230417
4 0.230417
6 0.230630
2 0.231331
2 0.231346
5 0.231550
8 0.231860
3 0.231884
3 0.231884
6 0.231960
6 0.231960
6 0.232390
6 0.232390
5 0.232650
2 0.233028
2 0.233029
2 0.233031
4 0.233342
4 0.233342
8 0.233430
8 0.234250
5 0.234880
9 0.234910
3 0.235166
8 0.236240
4 0.236733
7 0.237800
7 0.237800
7 0.237840
7 0.238150
4 0.238294
7 0.238390
7 0.238390
7 0.238430
7 0.238430
4 0.238511
7 0.238530
7 0.238770
7 0.238770
8 0.238770
7 0.238810
7 0.238810
8 0.239170
3 0.239588
3 0.239589
4 0.239671
4 0.239671
9 0.240550
2 0.240715
2 0.240720
2 0.240736
9 0.240900
5 0.241040
5 0.241820
8 0.242070
8 0.242070
8 0.242070
4 0.242837
5 0.243420
7 0.244210
2 0.245030
2 0.245032
2 0.245034
3 0.246851
3 0.246850
4 0.247095
4 0.247103
4 0.247103
4 0.247427
2 0.247506
2 0.247533
4 0.247661
3 0.249129
4 0.249232
4 0.249386
4 0.249655
4 0.249655
4 0.249697
4 0.249793
4 0.249897
4 0.249897
4 0.249904
4 0.250578
4 0.250651
4 0.250704
5 0.250830
4 0.250912
4 0.250956
7 0.251000
7 0.251000
4 0.251047
4 0.251301
9 0.251320
4 0.251362
4 0.251916
3 0.251939
4 0.251944
4 0.252332
4 0.252416
4 0.252634
4 0.252637
4 0.252637
4 0.252932
3 0.252995
4 0.253047
4 0.253551
4 0.253558
4 0.253558
5 0.253590
9 0.254820
5 0.255250
1 0.255402
1 0.255534
1 0.255799
1 0.256171
1 0.256303
1 0.256571
1 0.257168
1 0.257302
4 0.257347
4 0.257453
1 0.257571
9 0.257600
1 0.257865
1 0.258136
2 0.258279
2 0.258285
2 0.258314
1 0.258499
1 0.258633
1 0.258906
1 0.259266
1 0.259401
1 0.259675
1 0.260327
1 0.260463
1 0.260740
5 0.261120
1 0.261414
1 0.261551
6 0.261710
6 0.261710
6 0.261710
6 0.261710
6 0.261710
6 0.261710
1 0.261829
3 0.261879
8 0.262610
9 0.262880
1 0.262945
7 0.262990
7 0.262990
1 0.263084
1 0.263366
9 0.263570
9 0.263570
5 0.263580
4 0.264345
1 0.264559
1 0.264699
1 0.264985
8 0.265040
4 0.265348
5 0.265370
2 0.266155
2 0.266155
2 0.266161
9 0.266170
6 0.266380
6 0.266380
9 0.266530
1 0.266892
8 0.266950
1 0.267035
4 0.267088
9 0.267090
4 0.267202
1 0.267325
8 0.268750
8 0.268750
1 0.269452
1 0.269598
1 0.269894
8 0.271080
5 0.271260
5 0.271400
6 0.272920
4 0.273053
1 0.273280
1 0.273430
1 0.273430
1 0.273735
1 0.273735
1 0.273735
9 0.273750
4 0.274877
8 0.275480
6 0.275710
9 0.276090
1 0.276604
1 0.276916
1 0.277751
1 0.277909
1 0.278065
1 0.278065
1 0.278211
1 0.278224
5 0.278350
5 0.278350
1 0.278379
3 0.278434
8 0.278860
4 0.278941
3 0.278951
3 0.278951
2 0.279137
2 0.279160
2 0.279160
2 0.279167
2 0.279194
9 0.279560
9 0.279560
2 0.279635
2 0.279635
8 0.279720
2 0.279875
2 0.279875
8 0.279870
2 0.279882
2 0.279882
4 0.280059
6 0.280350
2 0.280353
6 0.280500
1 0.281058
1 0.281059
1 0.281188
1 0.281188
1 0.281191
1 0.281260
1 0.281261
9 0.281500
8 0.281610
9 0.281930
9 0.281930
4 0.282563
6 0.283280
4 0.283709
6 0.283850
9 0.283850
2 0.284293
2 0.284532
2 0.284540
2 0.284541
1 0.284755
2 0.284779
1 0.284918
1 0.284918
1 0.285249
1 0.285249
1 0.285250
1 0.285296
7 0.285420
7 0.285420
6 0.285470
6 0.285550
9 0.286120
6 0.287350
6 0.287350
6 0.287350
3 0.289407
1 0.290377
3 0.290626
1 0.290721
6 0.290870
6 0.290870
6 0.290870
3 0.291451
1 0.291631
3 0.292021
6 0.292660
6 0.292660
5 0.292890
5 0.292890
2 0.292916
2 0.292923
2 0.292949
2 0.292986
2 0.293737
2 0.293737
1 0.293760
1 0.293933
1 0.294285
3 0.294457
3 0.295164
6 0.295510
3 0.296132
4 0.296282
2 0.296619
3 0.296721
2 0.296888
2 0.296889
2 0.297001
2 0.297271
4 0.297542
6 0.297890
6 0.297890
5 0.299370
3 0.300058
6 0.301210
6 0.301210
6 0.301480
7 0.303520
6 0.303950
6 0.304790
6 0.304790
6 0.304790
6 0.304790
6 0.304790
6 0.304790
6 0.304790
6 0.304790
4 0.306133
5 0.307500
5 0.307500
3 0.307513
3 0.308110
4 0.308536
1 0.309196
1 0.309388
1 0.309388
5 0.309690
5 0.309690
5 0.309690
1 0.309778
1 0.309779
1 0.309779
2 0.310562
2 0.310562
2 0.310571
6 0.311620
3 0.312729
5 0.313640
9 0.314370
3 0.315524
3 0.315743
6 0.316150
6 0.316150
6 0.316150
2 0.316679
3 0.316816
2 0.316986
2 0.316987
2 0.317362
2 0.317670
4 0.318685
1 0.319855
1 0.320272
6 0.320300
5 0.320570
3 0.320788
3 0.321477
4 0.322979
8 0.323200
8 0.323200
4 0.324347
4 0.324749
6 0.324880
6 0.326150
6 0.326150
6 0.326150
8 0.327010
8 0.327010
4 0.327637
4 0.328606
4 0.329152
4 0.329326
4 0.329327
3 0.330000
3 0.330735
6 0.331570
3 0.332201
9 0.332560
1 0.333088
6 0.333230
1 0.333310
4 0.333644
3 0.333686
3 0.333715
1 0.333763
4 0.334010
4 0.334011
4 0.334120
4 0.334189
4 0.334189
5 0.334210
3 0.334353
3 0.334586
5 0.335360
5 0.335360
6 0.335460
3 0.335470
6 0.335570
6 0.335690
5 0.336190
5 0.336190
5 0.336190
3 0.336237
6 0.336250
5 0.336710
3 0.338221
3 0.338387
6 0.338640
3 0.338835
3 0.339155
3 0.340016
6 0.340490
4 0.341609
4 0.342056
9 0.342820
3 0.342878
3 0.343174
3 0.343522
3 0.343961
4 0.344362
3 0.344540
4 0.345545
4 0.345874
5 0.346030
4 0.346065
5 0.346290
9 0.346380
5 0.346510
3 0.346891
5 0.347190
5 0.347420
3 0.347442
5 0.347670
6 0.348770
6 0.348770
6 0.348972
6 0.348972
9 0.349280
3 0.349900
6 0.350090
6 0.350297
6 0.350297
3 0.351661
4 0.351855
4 0.352054
4 0.352050
4 0.352526
3 0.353592
2 0.353598
2 0.353980
2 0.353982
2 0.355053
3 0.355265
3 0.355394
2 0.355438
8 0.355620
8 0.355620
8 0.355620
3 0.356940
8 0.357780
3 0.357930
4 0.358187
9 0.358810
3 0.358972
3 0.360232
2 0.361481
2 0.361661
11 0.362110
1 0.362866
1 0.363685
1 0.363950
1 0.363950
3 0.364237
1 0.364491
1 0.364491
3 0.365508
4 0.365839
9 0.365890
4 0.366269
4 0.367155
3 0.370498
3 0.370780
3 0.370967
3 0.371459
8 0.371480
4 0.371940
3 0.372091
4 0.373625
4 0.373924
4 0.373924
4 0.374148
4 0.374148
3 0.374610
3 0.375477
3 0.375669
11 0.376520
3 0.376561
3 0.377464
3 0.377513
1 0.378785
1 0.379075
1 0.379435
1 0.379827
1 0.380295
11 0.380300
4 0.380662
1 0.380849
3 0.380915
1 0.381510
3 0.381865
1 0.382307
1 0.383044
1 0.383045
1 0.383277
1 0.383339
1 0.383339
1 0.383339
1 0.383339
1 0.383339
8 0.383730
8 0.383730
1 0.383938
1 0.383938
1 0.383938
1 0.383938
1 0.383938
1 0.383938
1 0.384479
1 0.384604
1 0.384704
1 0.384901
1 0.384901
2 0.384930
2 0.384943
1 0.385001
1 0.385001
1 0.385050
2 0.385148
4 0.385327
1 0.385505
1 0.385505
1 0.385606
1 0.385606
1 0.385655
1 0.385995
3 0.387156
1 0.387940
1 0.389131
1 0.389301
1 0.389441
1 0.389668
1 0.389919
8 0.390020
1 0.390056
1 0.390496
1 0.393952
4 0.394800
4 0.394800
4 0.395049
4 0.395049
6 0.395050
3 0.397685
1 0.398534
1 0.398788
3 0.400246
3 0.400345
3 0.402791
3 0.403939
3 0.404027
1 0.405583
3 0.405762
3 0.405849
1 0.405865
8 0.406330
1 0.407288
1 0.407621
1 0.407621
1 0.408298
1 0.408298
3 0.408409
3 0.409553
1 0.410094
3 0.411315
3 0.411399
3 0.414185
6 0.414430
6 0.414430
3 0.414865
3 0.415764
3 0.416021
1 0.416627
1 0.416845
2 0.419466
2 0.419467
3 0.424011
3 0.424066
2 0.424364
2 0.424374
5 0.425260
5 0.425260
8 0.426080
8 0.426080
5 0.426600
5 0.426600
5 0.426600
3 0.427640
6 0.427940
5 0.428490
5 0.428490
3 0.429757
8 0.432900
2 0.433316
2 0.433317
1 0.435313
1 0.435575
3 0.435936
3 0.436020
2 0.436977
2 0.436987
2 0.437014
1 0.438161
2 0.438587
2 0.439175
2 0.439180
8 0.439360
1 0.441116
8 0.441890
8 0.441890
8 0.441890
8 0.441890
3 0.442442
3 0.442531
2 0.442924
2 0.443523
2 0.443774
2 0.443773
2 0.443784
3 0.444520
3 0.444684
3 0.444684
4 0.445016
4 0.445333
4 0.445333
5 0.445330
3 0.445355
3 0.445355
3 0.445366
3 0.445366
3 0.446461
3 0.446461
3 0.446472
5 0.446810
3 0.447766
3 0.447772
3 0.447782
3 0.447905
3 0.447913
3 0.448029
2 0.448238
2 0.448241
2 0.448258
5 0.448880
3 0.449876
3 0.449889
3 0.449889
5 0.449950
3 0.450288
3 0.450288
3 0.450301
3 0.450301
5 0.451450
2 0.452321
2 0.452360
3 0.452413
4 0.452479
4 0.452479
3 0.452749
4 0.452806
4 0.452806
2 0.453556
2 0.453557
5 0.454630
2 0.454653
2 0.454654
2 0.454656
5 0.455420
5 0.455420
1 0.456388
1 0.457238
6 0.457250
6 0.457250
6 0.457250
6 0.457250
6 0.457250
6 0.457250
6 0.457250
6 0.457250
1 0.457657
2 0.458276
2 0.458276
2 0.458287
2 0.458287
2 0.458294
2 0.458294
2 0.458305
2 0.458305
3 0.458749
3 0.459821
5 0.461570
5 0.461810
1 0.462259
5 0.462410
1 0.463131
2 0.463217
2 0.463229
2 0.463270
3 0.463383
4 0.463560
4 0.466403
4 0.466403
4 0.466751
4 0.466751
3 0.467462
3 0.469167
1 0.470431
3 0.472225
3 0.472452
1 0.473135
5 0.474040
2 0.474092
2 0.474092
2 0.474104
5 0.475730
8 0.478690
3 0.480393
8 0.481230
8 0.481230
3 0.482286
8 0.483560
8 0.483560
3 0.485174
2 0.485243
2 0.485245
4 0.486010
4 0.486010
4 0.486389
2 0.487020
2 0.487019
2 0.487022
3 0.488009
5 0.488690
5 0.488690
3 0.489042
8 0.489260
3 0.491673
3 0.491737
4 0.492610
4 0.492610
2 0.494008
2 0.494078
5 0.495790
5 0.496060
3 0.496179
3 0.497189
3 0.498285
3 0.499843
3 0.500904
3 0.502507
5 0.505740
2 0.507035
2 0.507048
9 0.507100
2 0.507122
11 0.507560
5 0.513340
2 0.515907
2 0.516274
2 0.516275
1 0.516876
1 0.517412
1 0.517412
1 0.518505
1 0.518505
9 0.520560
3 0.522179
3 0.522605
2 0.526568
2 0.526568
2 0.526583
3 0.528787
3 0.530668
1 0.534746
1 0.534746
1 0.534746
9 0.539960
2 0.540303
2 0.540305
2 0.543554
2 0.543553
2 0.543556
2 0.545277
2 0.545687
2 0.545689
2 0.546154
2 0.546565
8 0.548240
8 0.548240
8 0.548240
1 0.551113
1 0.551113
1 0.551113
3 0.551480
1 0.552994
3 0.562797
10 0.569800
10 0.569800
1 0.571267
3 0.573568
2 0.574136
2 0.574281
6 0.576700
6 0.576700
6 0.576700
1 0.578692
1 0.578716
9 0.580400
3 0.584143
10 0.588200
2 0.591807
2 0.591825
2 0.591980
2 0.592501
2 0.592985
2 0.592988
2 0.594027
2 0.594515
3 0.594751
3 0.598903
3 0.609461
3 0.612908
3 0.615179
3 0.621017
10 0.622700
3 0.624575
3 0.625848
3 0.627199
1 0.632046
1 0.632098
1 0.632124
2 0.634849
2 0.634850
2 0.634872
11 0.636200
10 0.638200
3 0.640840
3 0.641879
3 0.642299
11 0.645400
9 0.645600
11 0.647100
3 0.651322
2 0.654777
2 0.654779
2 0.662227
2 0.662235
2 0.662240
1 0.663266
4 0.665720
4 0.666430
4 0.666430
11 0.674900
2 0.678332
2 0.678967
2 0.678973
2 0.681474
2 0.682115
9 0.684000
8 0.685400
8 0.685400
4 0.689500
4 0.689500
1 0.689681
4 0.690260
4 0.690260
11 0.692700
11 0.694600
1 0.696733
9 0.704200
3 0.705881
1 0.706236
1 0.706236
9 0.709200
4 0.716370
4 0.716370
2 0.716864
2 0.716866
4 0.717190
4 0.717190
1 0.719516
1 0.719517
1 0.729307
1 0.738904
1 0.738972
1 0.738972
3 0.743190
1 0.757527
2 0.758284
2 0.758286
1 0.758679
1 0.758679
2 0.759164
2 0.760536
2 0.760538
2 0.760541
1 0.761030
1 0.761030
1 0.765971
1 0.766126
1 0.766201
1 0.769226
1 0.769367
1 0.769367
1 0.772472
1 0.772473
1 0.772473
1 0.774846
1 0.774847
1 0.774848
1 0.774848
9 0.775200
1 0.776143
2 0.778864
2 0.779312
8 0.780000
1 0.781256
1 0.781256
1 0.781328
1 0.781328
1 0.781329
1 0.781668
1 0.781668
1 0.781870
2 0.782760
2 0.782780
2 0.782860
1 0.787760
2 0.787922
2 0.787922
2 0.787955
1 0.787965
1 0.787965
1 0.788384
1 0.788384
1 0.788384
2 0.789821
2 0.789821
2 0.789854
2 0.789854
1 0.793298
1 0.793299
1 0.793299
1 0.793298
1 0.793299
1 0.793299
1 0.794927
1 0.795137
1 0.795561
2 0.804835
2 0.804835
2 0.804855
1 0.804994
1 0.805207
1 0.805207
1 0.805645
1 0.805645
1 0.805645
8 0.807700
8 0.807700
1 0.810093
1 0.810095
1 0.810095
1 0.810094
1 0.810095
1 0.810095
2 0.811745
2 0.811780
2 0.812267
8 0.815000
1 0.815688
1 0.816137
8 0.818300
1 0.821209
1 0.821530
2 0.821625
8 0.821700
2 0.822517
2 0.822520
2 0.823546
2 0.823690
2 0.826134
2 0.826137
2 0.826141
1 0.830559
1 0.830787
1 0.830788
1 0.831253
1 0.831254
1 0.831255
1 0.834840
1 0.834841
1 0.834841
1 0.834841
1 0.834841
1 0.834842
1 0.846881
1 0.847117
1 0.847602
2 0.854557
2 0.854698
1 0.861209
4 0.861480
8 0.865800
1 0.870952
2 0.871154
2 0.871177
1 0.871257
2 0.871324
1 0.871507
1 0.871508
1 0.872020
1 0.872021
1 0.872022
2 0.873738
1 0.873841
1 0.873842
1 0.873842
1 0.873841
1 0.873842
1 0.873842
2 0.874792
2 0.874806
11 0.878200
1 0.880917
1 0.880917
2 0.882674
2 0.883751
1 0.883945
2 0.891573
2 0.892159
2 0.892162
1 0.892602
1 0.899150
1 0.899416
1 0.899962
1 0.901847
2 0.910428
2 0.910428
2 0.910453
8 0.913300
11 0.913900
2 0.922078
2 0.922078
11 0.923300
2 0.924680
1 0.924904
1 0.925832
1 0.926227
1 0.927599
2 0.933009
2 0.933012
2 0.934311
2 0.939596
2 0.939601
2 0.939606
1 0.941753
1 0.941754
1 0.941754
1 0.941754
1 0.941754
1 0.941755
1 0.943240
1 0.943533
1 0.943536
1 0.944134
1 0.944137
1 0.944138
1 0.950506
1 0.950571
1 0.950604
8 0.961600
2 0.963453
2 0.963459
2 0.963507
1 0.965217
1 0.966816
4 0.979980
2 0.983081
2 0.983795
2 0.983800
2 0.985935
2 0.986653
1 0.998593
1 0.998921
1 0.999595
4 1.005460
2 1.009489
2 1.009496
2 1.016639
2 1.016932
1 1.030208
1 1.031535
2 1.039461
2 1.039494
2 1.039507
2 1.040216
2 1.040248
2 1.040556
4 1.065360
10 1.075300
10 1.075300
4 1.080700
1 1.081401
1 1.081404
1 1.081406
1 1.081408
1 1.081410
1 1.081412
2 1.091723
2 1.091722
2 1.091827
2 1.091826
2 1.095373
2 1.095477
2 1.095477
1 1.095632
1 1.096028
1 1.096030
1 1.096839
1 1.096842
1 1.096845
1 1.103509
1 1.103512
1 1.103513
1 1.103668
1 1.103672
1 1.103752
2 1.125900
2 1.125901
2 1.125940
2 1.148052
2 1.149026
2 1.149034
1 1.152538
2 1.153797
1 1.154380
2 1.154780
2 1.160374
2 1.160378
2 1.162332
2 1.163358
4 1.172540
2 1.175458
2 1.175477
2 1.175483
9 1.182000
1 1.183141
1 1.204314
11 1.206500
1 1.208658
1 1.208696
1 1.227095
4 1.228340
1 1.242132
1 1.242641
1 1.243684
9 1.253100
2 1.253883
2 1.253911
4 1.255050
2 1.279564
2 1.279567
2 1.281070
2 1.281367
2 1.285982
2 1.285987
2 1.285992
7 1.296100
7 1.296100
4 1.296890
9 1.303800
4 1.316270
10 1.324500
9 1.331600
4 1.336670
4 1.342300
1 1.346129
1 1.346258
2 1.370780
2 1.370820
2 1.371080
10 1.383100
10 1.383100
1 1.395354
1 1.395356
6 1.400600
4 1.412570
2 1.426282
2 1.427178
1 1.436443
2 1.439972
2 1.439973
2 1.440012
4 1.441460
6 1.451400
1 1.460499
1 1.461959
1 1.470430
1 1.470431
2 1.473125
2 1.473190
2 1.473766
2 1.473769
2 1.474146
2 1.475745
2 1.476115
1 1.479365
1 1.479365
1 1.479368
1 1.479372
1 1.479372
2 1.485417
2 1.485427
2 1.485436
1 1.488160
1 1.488167
1 1.488171
1 1.488178
1 1.488182
1 1.488185
1 1.488225
5 1.496300
1 1.502910
1 1.502910
1 1.504436
1 1.504436
1 1.505182
2 1.507182
2 1.508184
2 1.508191
5 1.509400
4 1.511420
1 1.513947
1 1.514118
1 1.514198
5 1.519700
2 1.520952
2 1.522660
2 1.522688
11 1.523700
5 1.533300
2 1.536839
2 1.538584
5 1.541300
11 1.546500
11 1.550100
5 1.550800
5 1.554000
5 1.554000
5 1.559100
1 1.569762
1 1.569765
1 1.569765
1 1.569774
1 1.569774
1 1.569784
5 1.572100
5 1.572100
5 1.572100
1 1.574501
1 1.575319
1 1.575329
1 1.576995
1 1.577006
1 1.577015
1 1.588386
1 1.588390
1 1.588394
1 1.589053
1 1.589060
1 1.589384
1 1.590702
1 1.591026
1 1.591026
1 1.591694
1 1.591694
1 1.591706
1 1.595271
1 1.595882
1 1.595884
5 1.597900
5 1.597900
9 1.605100
11 1.617000
1 1.620205
1 1.620540
1 1.621233
1 1.627038
2 1.635486
2 1.636003
1 1.636922
1 1.636922
1 1.636922
1 1.636932
1 1.636932
1 1.636943
1 1.660016
11 1.660600
1 1.662573
1 1.662926
1 1.662934
1 1.663656
1 1.663656
1 1.663667
11 1.664800
2 1.667029
2 1.667078
2 1.667615
2 1.676484
2 1.680371
2 1.680456
6 1.692100
3 1.697880
1 1.707886
1 1.708258
1 1.709030
1 1.711332
11 1.736400
1 1.741216
1 1.741216
1 1.741227
1 1.741222
1 1.741228
1 1.741234
2 1.741669
2 1.745865
2 1.772214
2 1.772218
2 1.772318
1 1.775446
1 1.775849
1 1.775856
1 1.776682
1 1.776687
1 1.776691
2 1.788636
2 1.790050
2 1.790061
2 1.798098
2 1.799525
11 1.808000
2 1.817016
2 1.817020
2 1.817079
11 1.827200
1 1.836344
1 1.837937
1 1.837937
1 1.837954
1 1.851740
1 1.852180
1 1.853080
2 1.857986
2 1.857996
2 1.862786
2 1.866831
2 1.866831
2 1.870714
2 1.870719
2 1.873816
2 1.874399
2 1.874800
2 1.875640
9 1.879700
4 1.885800
1 1.895940
1 1.896040
1 1.896045
1 1.896060
2 1.897377
2 1.897410
2 1.897417
2 1.919256
2 1.919320
2 1.919341
1 1.919936
1 1.919936
1 1.919936
1 1.919950
1 1.919955
1 1.919968
1 1.920985
1 1.920985
1 1.941650
1 1.941670
1 1.941670
1 1.941680
1 1.941680
1 1.941680
1 1.943062
1 1.943556
1 1.943800
9 1.968500
1 1.972389
1 1.972889
1 1.972894
1 1.973918
1 1.973925
1 1.973927
1 1.994593
1 1.999770
6 2.024000
4 2.103700
1 2.106550
1 2.106600
1 2.106600
1 2.106600
1 2.106600
1 2.106648
1 2.106665
1 2.106687
1 2.121382
1 2.121950
1 2.123138
2 2.137477
2 2.143798
3 2.145000
1 2.146477
4 2.153800
1 2.154100
1 2.154100
1 2.154100
1 2.154200
1 2.154200
1 2.154200
4 2.169200
2 2.185285
2 2.188080
2 2.204000
2 2.204100
2 2.204100
1 2.245300
1 2.245300
1 2.281400
1 2.281400
1 2.281400
1 2.281399
1 2.281423
1 2.281426
1 2.281446
1 2.281448
1 2.284900
1 2.291171
1 2.300454
1 2.333400
1 2.333400
1 2.333447
1 2.333800
1 2.333800
1 2.334000
4 2.340700
1 2.350100
1 2.350500
2 2.353631
2 2.355200
11 2.366000
4 2.369000
1 2.384319
1 2.385000
1 2.385067
1 2.386500
1 2.386500
1 2.386573
2 2.404803
2 2.405106
2 2.413115
2 2.419511
2 2.419615
2 2.421278
2 2.421792
2 2.424378
2 2.424417
2 2.447501
2 2.450145
1 2.450763
1 2.457227
1 2.457296
4 2.459000
1 2.480530
1 2.482561
1 2.486725
1 2.496200
1 2.496200
1 2.496200
4 2.498000
2 2.501200
2 2.501300
2 2.502200
1 2.503800
1 2.504400
1 2.541710
1 2.541800
1 2.541800
1 2.541849
1 2.541877
1 2.541900
1 2.541900
1 2.541912
4 2.571600
2 2.625800
2 2.627800
2 2.627800
1 2.639988
4 2.645000
1 2.655100
1 2.655200
1 2.655200
1 2.655200
1 2.655200
1 2.655284
11 2.697000
10 2.703000
3 2.718900
2 2.741500
2 2.741500
2 2.741600
4 2.749000
1 2.756100
1 2.757100
1 2.772847
1 2.773834
1 2.775867
1 2.782000
1 2.782000
1 2.782000
1 2.782100
1 2.782100
1 2.782100
9 2.788000
1 2.842300
1 2.842800
1 2.842800
1 2.843800
1 2.843800
1 2.843800
10 2.857000
10 2.857000
2 2.862800
2 2.862900
2 2.862900
9 2.879000
1 2.897900
1 2.897900
1 2.897900
1 2.937900
1 2.938400
1 2.939500
2 2.939900
2 2.939918
2 2.940085
8 2.967000
8 2.967000
1 2.987925
1 3.000200
1 3.000200
1 3.000200
1 3.000200
1 3.000200
1 3.000200
1 3.002000
1 3.002000
1 3.002000
1 3.002000
1 3.002000
1 3.002000
11 3.002000
1 3.015043
1 3.027694
8 3.028150
8 3.028000
11 3.048000
2 3.050773
11 3.055000
2 3.057658
2 3.057824
4 3.071000
1 3.080200
1 3.080800
1 3.080800
2 3.081229
2 3.081244
1 3.082000
1 3.082000
1 3.082000
2 3.089264
2 3.090730
1 3.095000
2 3.096530
4 3.097100
1 3.109100
1 3.115787
4 3.129100
2 3.162570
2 3.169963
11 3.189000
2 3.189945
2 3.190000
2 3.190096
1 3.231200
1 3.233700
1 3.239400
1 3.240100
1 3.241500
1 3.268600
1 3.268600
1 3.268600
1 3.268700
1 3.268700
1 3.268700
11 3.275000
11 3.284000
1 3.319999
1 3.320000
1 3.320000
1 3.320083
1 3.320100
1 3.320171
1 3.320204
1 3.370200
1 3.370200
1 3.370200
1 3.370200
1 3.370200
1 3.370200
1 3.397100
1 3.397105
1 3.413300
1 3.413400
1 3.413400
1 3.413400
1 3.413400
1 3.413400
1 3.415000
7 3.420000
1 3.421000
5 3.446000
1 3.448500
1 3.491400
1 3.492200
1 3.492200
1 3.493800
1 3.493800
1 3.493800
4 3.501600
1 3.537600
1 3.537594
1 3.537700
1 3.539257
1 3.539300
1 3.540100
8 3.546000
4 3.549100
5 3.573000
8 3.610000
2 3.610700
2 3.613200
2 3.617700
2 3.621400
2 3.621400
1 3.640700
1 3.640800
1 3.640900
1 3.640900
2 3.656600
2 3.660465
5 3.670000
1 3.677219
1 3.678900
1 3.678986
1 3.682500
1 3.682500
1 3.682604
2 3.701400
2 3.701500
2 3.704200
1 3.735500
1 3.735500
1 3.735600
1 3.735600
1 3.735600
1 3.735700
1 3.741600
1 3.741600
1 3.741600
1 3.741600
1 3.741600
1 3.741600
1 3.799200
1 3.800200
1 3.802000
1 3.866490
1 3.866800
1 3.866814
1 3.866881
1 3.866900
1 3.866957
1 3.867000
1 3.868100
1 3.868600
4 3.912000
1 3.936800
1 3.937900
5 3.965400
5 4.000500
1 4.012600
1 4.022800
9 4.065000
9 4.065000
2 4.106800
2 4.106900
2 4.106900
2 4.110190
1 4.110900
1 4.110900
1 4.110900
1 4.110900
1 4.110900
1 4.111000
2 4.122697
5 4.134000
4 4.173100
1 4.178200
1 4.201296
1 4.205962
1 4.208233
1 4.211700
1 4.211800
1 4.211800
1 4.211800
1 4.211800
1 4.211800
5 4.264000
1 4.344500
1 4.345800
1 4.345800
10 4.348000
10 4.348000
10 4.348000
1 4.348200
1 4.348200
1 4.348300
1 4.361300
1 4.363700
1 4.363700
1 4.363800
1 4.363900
1 4.363907
1 4.363987
1 4.387700
1 4.389700
1 4.401690
1 4.410900
9 4.464000
4 4.488000
4 4.488000
1 4.505700
1 4.505900
1 4.505900
1 4.505900
1 4.506000
1 4.506000
1 4.506000
3 4.521200
2 4.524822
2 4.525435
2 4.532000
2 4.532000
2 4.532300
2 4.540596
9 4.606000
9 4.606000
6 4.630000
6 4.630000
1 4.650424
1 4.677200
1 4.677200
1 4.677200
1 4.677200
1 4.677200
1 4.677200
1 4.717400
1 4.717400
1 4.717400
1 4.717400
1 4.717400
1 4.717500
1 4.729100
1 4.729100
1 4.729100
1 4.729200
1 4.729200
1 4.729300
1 4.857500
1 4.858300
1 4.858300
1 4.860000
1 4.860000
1 4.860000
1 4.895600
1 4.895600
1 4.895600
2 4.923000
2 4.923100
2 4.923100
2 5.016099
2 5.027200
2 5.027504
4 5.101300
1 5.102500
1 5.102500
1 5.102500
1 5.102500
1 5.102500
1 5.102500
1 5.123300
1 5.123300
1 5.123300
1 5.123300
1 5.123300
1 5.123300
1 5.123300
1 5.139600
6 5.141000
1 5.141300
1 5.143500
1 5.144400
1 5.144700
1 5.146300
2 5.150100
2 5.155200
2 5.155300
1 5.188800
2 5.193140
2 5.205044
1 5.226300
2 5.247400
2 5.251300
6 5.291000
4 5.358500
2 5.369400
2 5.369400
2 5.373500
1 5.377400
1 5.380800
1 5.380800
1 5.380800
1 5.380800
1 5.380800
1 5.380900
1 5.439100
1 5.444000
4 5.470500
1 5.476300
7 5.504000
7 5.504000
1 5.596300
1 5.597300
1 5.597300
1 5.599600
1 5.599600
1 5.599600
5 5.608200
5 5.603600
6 5.747000
1 5.915400
1 5.915400
1 5.915400
1 5.915400
1 5.915400
1 5.915400
1 5.915400
1 5.923900
1 5.923900
1 5.923900
1 5.923900
1 5.923900
1 5.923900
8 5.952000
8 5.952000
4 5.967300
1 6.086400
1 6.091200
1 6.101000
6 6.112000
1 6.127600
1 6.145100
1 6.146300
1 6.149100
5 6.188100
5 6.188100
1 6.221500
1 6.221500
1 6.221500
1 6.221600
1 6.221600
1 6.221700
1 6.242800
1 6.361700
1 6.397900
1 6.435000
1 6.435000
1 6.435000
1 6.435000
1 6.435100
1 6.435100
1 6.444200
6 6.452000
1 6.464000
1 6.485900
1 6.568800
4 6.585900
2 6.614100
2 6.614100
2 6.614300
1 6.623200
1 6.624500
1 6.624600
1 6.624700
1 6.627900
1 6.628000
1 6.629400
1 6.641800
1 6.656300
1 6.656300
1 6.686400
1 6.686400
1 6.700000
1 6.700000
1 6.700000
1 6.700000
1 6.700000
1 6.700200
1 6.723500
1 6.723500
1 6.723500
1 6.755200
1 6.872700
1 6.872700
1 6.872700
1 6.872900
1 6.872900
1 6.872900
1 6.905600
1 6.937900
1 6.953800
11 6.969000
1 7.013600
1 7.016700
1 7.016900
1 7.023100
1 7.023300
1 7.023400
2 7.024100
2 7.045900
4 7.056200
4 7.071600
1 7.109100
1 7.109500
1 7.109700
1 7.109700
1 7.109800
1 7.109800
1 7.109800
1 7.119900
1 7.121600
1 7.121600
1 7.125300
1 7.125400
1 7.125500
1 7.174700
2 7.189600
2 7.189900
2 7.189900
6 7.194000
1 7.195700
1 7.195800
1 7.195900
1 7.246700
1 7.259400
1 7.270600
1 7.270900
1 7.270900
1 7.270900
6 7.407000
1 7.549500
1 7.549500
1 7.549500
1 7.549500
1 7.549500
1 7.549500
1 7.549500
1 7.617400
1 7.617400
1 7.617400
1 7.617400
1 7.617400
1 7.617700
2 7.645400
2 7.646400
1 7.658900
1 7.658900
1 7.658900
1 7.659000
1 7.659000
1 7.659000
2 7.672300
9 7.675000
2 7.677600
2 7.694300
2 7.694700
6 7.752000
6 7.752000
1 7.928400
1 7.934800
2 7.942100
2 7.960000
1 8.007800
1 8.039400
1 8.039400
1 8.039400
1 8.039400
1 8.039400
1 8.039500
1 8.073300
1 8.073500
1 8.073500
1 8.073700
1 8.073800
1 8.074000
3 8.144600
10 8.333000
10 8.333000
10 8.333000
1 8.383400
1 8.383400
1 8.383400
1 8.383400
1 8.383400
1 8.383400
1 8.529000
1 8.531400
1 8.536800
8 8.772000
8 8.772000
1 8.778800
1 8.778800
1 8.778800
1 8.778800
1 8.778800
1 8.778800
1 8.778800
1 8.813800
1 8.813800
1 8.813800
1 8.813800
1 8.813800
1 8.813800
1 8.871250
9 8.873000
1 8.874000
1 8.881558
1 8.886639
1 8.972500
1 9.010900
7 9.033000
1 9.273300
1 9.273300
1 9.273300
1 9.668000
4 9.687100
1 9.690600
1 9.726500
4 9.980000
2 10.061600
2 10.061900
2 10.061900
3 10.163000
1 10.177900
1 10.177900
1 10.177900
1 10.178000
1 10.178000
1 10.178200
1 10.439200
1 10.439200
1 10.439171
1 10.439300
1 10.439490
1 10.439789
6 10.530000
4 10.640000
1 10.693800
1 10.693800
1 10.693800
1 10.856900
1 10.856900
1 10.856900
1 10.856900
1 10.856900
1 10.856900
1 10.970181
1 10.970373
1 11.030020
2 11.063300
2 11.098200
1 11.115100
1 11.115200
1 11.115200
1 11.115700
1 11.115700
1 11.115700
2 11.140200
1 11.162200
1 11.162445
1 11.163597
2 11.164200
2 11.164800
1 11.165600
1 11.181200
1 11.275604
1 11.292716
5 11.316000
1 11.323600
1 11.392800
1 11.392800
1 11.392800
1 11.392800
1 11.392800
1 11.392800
1 11.392800
1 11.450000
1 11.459400
2 11.518100
2 11.543700
6 11.550000
4 11.561000
1 11.589900
1 11.589900
1 11.589900
1 11.589900
1 11.589900
1 11.589900
1 11.679000
1 11.791552
1 11.792305
1 11.792305
1 11.792305
1 11.792305
1 11.792213
1 11.792213
1 11.792213
1 11.791958
3 11.794000
1 11.875000
1 11.879600
1 11.879730
1 11.890224
1 11.890350
1 11.890430
1 11.931220
1 11.940367
1 11.959044
2 11.961200
2 11.962900
2 12.003600
1 12.208611
4 12.228000
1 12.321720
1 12.372300
1 12.588116
1 12.658700
1 12.658700
1 12.658700
1 12.658700
1 12.658700
1 12.658700
1 12.658700
1 13.132100
1 13.132100
1 13.132100
1 13.453655
1 13.454400
1 13.454263
1 13.454600
1 13.454600
1 13.454594
1 13.512600
5 13.537000
1 13.765000
1 13.811000
11 14.640000
1 14.674100
1 14.674100
1 14.674100
1 14.674400
1 14.674400
1 14.674700
6 14.930000
4 15.156000
2 15.509000
2 15.542000
2 15.545000
1 15.686800
1 15.686800
1 15.686800
1 15.686800
1 15.686800
1 15.686800
1 16.063000
1 16.082100
1 16.090700
1 16.217800
1 16.217800
1 16.217800
1 16.218100
1 16.218100
1 16.218500
1 16.331600
1 16.346001
1 16.346001
1 16.346001
1 16.346001
1 16.358700
2 16.410700
2 16.462799
3 16.617001
1 16.667500
1 16.667500
1 16.667500
1 16.667500
1 16.667500
1 16.667500
1 16.801399
1 17.268200
1 17.268801
1 17.268801
1 17.269100
1 17.269100
1 17.269100
1 17.518700
2 17.666599
2 17.668501
2 17.728901
1 17.954000
1 18.108299
1 18.178200
1 18.178200
1 18.178200
1 18.178200
4 18.386000
1 18.563601
1 18.563601
1 18.563601
1 18.564199
1 18.564199
1 18.564600
1 19.120100
1 19.120100
1 19.120100
6 19.230000
6 19.230000
4 19.309000
1 19.537600
1 19.537600
1 19.537600
1 19.537600
1 19.537600
1 19.537600
1 19.537600
1 20.010799
1 20.061001
2 20.443001
2 20.448000
2 20.469999
1 20.573999
1 20.587999
1 20.619400
1 20.639900
1 20.642200
1 20.643801
1 20.644199
1 20.645800
1 20.647499
1 20.814600
1 20.815201
1 20.815201
1 20.815800
1 20.815800
1 20.815800
1 21.129000
1 21.480301
1 21.702000
4 22.629999
1 22.930000
1 22.967501
2 23.250000
2 23.330000
1 23.802999
1 23.802999
1 23.802999
1 23.802999
1 23.803699
1 23.803699
1 23.804600
4 24.000000
2 24.959999
2 24.959999
2 25.040001
1 26.332001
1 26.332001
1 26.332001
4 26.420000
4 26.980000
1 27.343000
1 27.343000
1 27.343000
1 27.343000
1 27.343000
1 27.343000
1 27.612000
1 27.797501
1 28.538000
1 28.538000
1 28.538000
1 28.538000
1 28.599001
1 30.468000
1 30.468000
1 30.468000
1 30.468000
1 30.468000
1 30.468000
1 32.612000
1 32.612000
1 32.612000
1 32.902000
1 33.438801
1 33.438801
1 33.438801
1 33.438801
1 33.438801
1 33.438801
1 34.574799
1 34.866001
2 37.007000
2 37.014999
2 37.056000
1 40.207001
1 40.207001
1 40.207001
1 40.544998
1 40.753300
1 42.357300
1 42.364101
1 42.369499
1 42.371101
1 42.376499
1 42.380600
1 42.723999
1 42.723999
1 42.723999
1 42.723999
1 42.723999
1 42.723999
4 42.880001
1 43.569000
1 48.403000
1 48.511002
1 48.511002
1 48.511002
1 52.118900
1 52.463001
1 57.123001
1 57.456699
7 58.500000
2 61.603001
2 61.613998
2 61.682999
1 62.865002
4 69.930000
1 74.729500
1 75.301003
1 75.362503
1 75.362503
1 75.362503
1 75.368202
1 75.368202
1 75.386902
9 76.900002
1 77.973000
1 78.407997
1 86.252296
1 86.275299
1 88.775299
1 88.775299
1 88.785500
1 88.799698
1 88.799698
6 92.250000
6 92.250000
1 94.432297
1 94.432297
1 94.443901
1 94.443901
1 94.459900
1 94.459900
2 95.766998
2 95.766998
2 95.876999
7 96.199997
7 96.199997
2 109.209999
2 109.209999
5 133.000000
7 149.000000
7 149.000000
1 164.546997
7 200.000000
7 230.000000
6 240.000000
1 245.617996
1 245.619995
4 262.000000
2 327.700012
2 327.700012
5 480.000000
5 480.000000
1 498.561249
5 530.000000
6 590.000000
6 590.000000
4 625.000000
1 995.719971
End Spectral Lines:
