Symbol: Al
Atomic Number: 13
Atomic Mass: 26.981500
Start Spectral Index: 13
1 382
2 695
3 247
4 396
5 348
6 616
7 507
8 579
9 401
10 227
11 260
12 232
13 50
End Spectral Index:
Order of Magnitude: 0.000001
Start Spectral Lines:
13 0.000544
13 0.000544
13 0.000545
13 0.000545
13 0.000546
13 0.000546
13 0.000549
13 0.000549
13 0.000553
13 0.000553
13 0.000560
13 0.000560
13 0.000574
13 0.000574
12 0.000600
12 0.000601
12 0.000603
13 0.000605
13 0.000605
12 0.000606
12 0.000610
12 0.000618
12 0.000618
12 0.000631
12 0.000632
12 0.000663
12 0.000664
11 0.000674
11 0.000674
11 0.000678
11 0.000678
11 0.000678
11 0.000678
11 0.000678
11 0.000679
11 0.000679
11 0.000679
11 0.000679
11 0.000680
11 0.000680
11 0.000680
11 0.000682
11 0.000683
11 0.000685
11 0.000685
11 0.000685
13 0.000717
13 0.000718
12 0.000719
12 0.000723
12 0.000725
12 0.000725
12 0.000726
12 0.000726
12 0.000726
12 0.000726
12 0.000726
12 0.000726
12 0.000726
12 0.000728
12 0.000776
11 0.000777
11 0.000777
11 0.000777
11 0.000777
11 0.000777
11 0.000777
11 0.000777
11 0.000780
11 0.000780
12 0.000780
11 0.000781
12 0.000781
11 0.000781
11 0.000781
11 0.000781
11 0.000785
11 0.000785
11 0.000786
11 0.000786
11 0.000786
12 0.000787
11 0.000787
11 0.000788
11 0.000788
10 0.000791
11 0.000793
10 0.000793
10 0.000793
10 0.000793
10 0.000794
10 0.000794
10 0.000795
10 0.000795
10 0.000795
10 0.000795
10 0.000795
10 0.000796
10 0.000796
10 0.000796
10 0.000796
10 0.000796
10 0.000797
13 0.002559
13 0.002560
13 0.002560
13 0.002566
12 0.002597
12 0.002622
12 0.002658
12 0.002713
12 0.002801
13 0.002866
13 0.002866
13 0.002867
12 0.002869
12 0.002869
12 0.002869
13 0.002874
11 0.002942
11 0.002942
12 0.002955
12 0.002956
12 0.002956
12 0.002961
12 0.002961
12 0.002961
12 0.002961
12 0.002964
12 0.002965
12 0.002969
11 0.002979
11 0.002979
12 0.003029
12 0.003033
11 0.003038
11 0.003038
11 0.003131
11 0.003131
11 0.003143
11 0.003148
11 0.003148
12 0.003199
12 0.003199
12 0.003199
11 0.003207
11 0.003213
11 0.003213
11 0.003301
11 0.003301
12 0.003302
12 0.003304
12 0.003304
12 0.003309
12 0.003309
12 0.003309
12 0.003309
11 0.003311
11 0.003317
11 0.003317
12 0.003323
12 0.003325
12 0.003331
12 0.003395
12 0.003404
11 0.003500
11 0.003507
11 0.003507
11 0.003516
11 0.003524
11 0.003667
11 0.003668
10 0.003825
13 0.003865
13 0.003866
13 0.003870
13 0.003879
11 0.003909
11 0.003918
11 0.003918
11 0.003953
11 0.003962
10 0.004042
9 0.004154
10 0.004173
12 0.004259
12 0.004262
12 0.004262
9 0.004355
12 0.004426
12 0.004429
12 0.004429
12 0.004432
12 0.004438
12 0.004439
12 0.004439
9 0.004470
9 0.004474
9 0.004480
10 0.004490
12 0.004519
12 0.004522
12 0.004533
12 0.004593
12 0.004631
9 0.004775
10 0.004780
9 0.004786
9 0.004787
11 0.004830
11 0.004834
9 0.004985
9 0.004993
9 0.004992
10 0.005067
10 0.005067
10 0.005072
10 0.005076
10 0.005080
10 0.005090
10 0.005095
10 0.005104
10 0.005136
10 0.005136
10 0.005136
10 0.005140
10 0.005145
10 0.005150
10 0.005156
10 0.005160
10 0.005170
10 0.005198
11 0.005230
11 0.005245
11 0.005246
9 0.005296
9 0.005310
9 0.005324
9 0.005327
9 0.005338
9 0.005341
9 0.005343
9 0.005349
9 0.005349
9 0.005355
9 0.005355
8 0.005379
8 0.005380
8 0.005382
10 0.005412
8 0.005422
11 0.005422
8 0.005426
8 0.005430
11 0.005439
10 0.005465
10 0.005470
10 0.005497
10 0.005523
10 0.005527
10 0.005528
10 0.005538
10 0.005538
10 0.005539
10 0.005545
10 0.005550
9 0.005561
9 0.005566
9 0.005566
10 0.005573
9 0.005615
9 0.005630
10 0.005659
10 0.005665
10 0.005670
10 0.005676
10 0.005680
9 0.005690
9 0.005695
10 0.005695
10 0.005696
10 0.005701
10 0.005702
9 0.005706
10 0.005707
10 0.005711
10 0.005737
8 0.005755
8 0.005762
8 0.005762
10 0.005765
10 0.005774
9 0.005806
10 0.005807
9 0.005811
10 0.005812
9 0.005822
9 0.005828
7 0.005875
10 0.005881
10 0.005886
10 0.005899
10 0.005911
10 0.005911
10 0.005928
10 0.005932
9 0.005938
9 0.005938
10 0.005945
9 0.005976
9 0.005976
9 0.005976
7 0.005983
7 0.005991
7 0.005991
10 0.006005
9 0.006014
9 0.006016
9 0.006020
9 0.006022
9 0.006026
9 0.006031
9 0.006035
9 0.006045
9 0.006050
9 0.006050
9 0.006055
9 0.006055
9 0.006055
9 0.006057
9 0.006057
9 0.006059
10 0.006061
9 0.006064
9 0.006066
10 0.006070
10 0.006090
9 0.006090
9 0.006107
9 0.006108
9 0.006165
9 0.006165
8 0.006169
12 0.006187
8 0.006202
9 0.006207
10 0.006221
9 0.006230
7 0.006230
9 0.006233
9 0.006237
9 0.006247
9 0.006247
7 0.006248
12 0.006257
9 0.006259
9 0.006259
9 0.006291
7 0.006301
9 0.006303
9 0.006303
7 0.006305
10 0.006313
9 0.006319
8 0.006320
8 0.006320
8 0.006320
9 0.006326
9 0.006326
12 0.006332
8 0.006336
8 0.006336
8 0.006336
8 0.006336
8 0.006336
8 0.006336
8 0.006336
9 0.006351
9 0.006363
9 0.006363
8 0.006371
8 0.006371
8 0.006371
8 0.006372
8 0.006372
8 0.006372
8 0.006393
8 0.006397
8 0.006400
8 0.006400
12 0.006406
8 0.006408
8 0.006411
10 0.006428
8 0.006432
8 0.006432
7 0.006433
8 0.006436
7 0.006436
8 0.006436
8 0.006437
7 0.006448
7 0.006448
7 0.006451
7 0.006451
9 0.006463
9 0.006463
7 0.006470
7 0.006481
7 0.006482
7 0.006482
9 0.006489
9 0.006489
9 0.006490
9 0.006490
7 0.006502
7 0.006502
10 0.006502
8 0.006513
8 0.006513
8 0.006530
8 0.006530
8 0.006530
8 0.006530
8 0.006530
8 0.006530
8 0.006538
12 0.006547
8 0.006549
10 0.006582
7 0.006586
7 0.006588
7 0.006589
10 0.006591
9 0.006604
10 0.006604
9 0.006609
9 0.006614
9 0.006616
9 0.006617
9 0.006624
9 0.006624
12 0.006625
9 0.006627
9 0.006628
9 0.006628
9 0.006629
8 0.006632
9 0.006632
8 0.006636
8 0.006636
7 0.006641
7 0.006642
9 0.006662
8 0.006670
8 0.006673
8 0.006677
9 0.006684
8 0.006704
8 0.006710
8 0.006712
8 0.006717
9 0.006719
8 0.006724
8 0.006724
9 0.006727
8 0.006729
8 0.006731
8 0.006731
9 0.006732
8 0.006736
9 0.006741
8 0.006741
8 0.006741
8 0.006741
8 0.006742
8 0.006744
8 0.006746
8 0.006753
8 0.006756
8 0.006756
8 0.006756
8 0.006756
8 0.006756
8 0.006756
8 0.006757
8 0.006757
9 0.006783
9 0.006783
9 0.006783
10 0.006784
8 0.006794
8 0.006794
8 0.006794
8 0.006795
8 0.006795
8 0.006795
8 0.006833
8 0.006837
7 0.006850
7 0.006851
9 0.006853
7 0.006853
7 0.006862
7 0.006863
9 0.006864
7 0.006868
9 0.006868
9 0.006878
9 0.006882
9 0.006882
8 0.006882
8 0.006882
8 0.006882
12 0.006887
9 0.006890
9 0.006896
9 0.006896
9 0.006914
9 0.006926
9 0.006927
8 0.006942
8 0.006943
8 0.006950
8 0.006950
8 0.006950
8 0.006961
8 0.006961
9 0.006972
9 0.006972
12 0.006974
8 0.006977
8 0.006977
8 0.006977
8 0.006977
8 0.006977
8 0.006977
9 0.006986
9 0.007008
8 0.007016
8 0.007032
8 0.007073
8 0.007124
8 0.007124
8 0.007127
8 0.007127
8 0.007128
9 0.007135
9 0.007135
9 0.007150
9 0.007150
9 0.007159
8 0.007163
8 0.007163
8 0.007222
7 0.007228
7 0.007228
8 0.007232
8 0.007232
8 0.007239
8 0.007240
8 0.007240
11 0.007251
11 0.007251
8 0.007283
8 0.007283
8 0.007291
8 0.007291
8 0.007291
6 0.007293
6 0.007293
10 0.007299
6 0.007308
6 0.007308
9 0.007345
9 0.007362
9 0.007362
8 0.007370
8 0.007373
8 0.007373
8 0.007388
8 0.007388
8 0.007388
8 0.007402
7 0.007409
7 0.007410
7 0.007410
7 0.007410
6 0.007427
7 0.007433
6 0.007435
6 0.007435
6 0.007444
6 0.007450
6 0.007450
6 0.007459
9 0.007462
6 0.007466
6 0.007466
6 0.007466
9 0.007478
9 0.007480
6 0.007481
6 0.007481
8 0.007484
11 0.007485
11 0.007485
12 0.007487
6 0.007488
9 0.007496
8 0.007496
8 0.007506
6 0.007517
6 0.007517
7 0.007528
7 0.007531
7 0.007537
8 0.007540
8 0.007540
8 0.007540
8 0.007549
8 0.007549
7 0.007554
7 0.007554
8 0.007557
8 0.007557
8 0.007557
8 0.007557
8 0.007558
8 0.007558
8 0.007558
8 0.007558
8 0.007558
13 0.007559
13 0.007559
8 0.007562
8 0.007562
13 0.007563
8 0.007573
13 0.007575
13 0.007575
8 0.007578
13 0.007581
7 0.007581
8 0.007583
7 0.007585
7 0.007585
7 0.007587
7 0.007587
7 0.007587
7 0.007587
8 0.007589
7 0.007590
12 0.007590
7 0.007591
7 0.007592
7 0.007593
7 0.007593
7 0.007595
8 0.007599
7 0.007601
7 0.007601
7 0.007602
7 0.007609
7 0.007622
11 0.007625
11 0.007625
7 0.007626
11 0.007628
7 0.007634
7 0.007637
7 0.007638
7 0.007639
7 0.007640
6 0.007640
7 0.007642
7 0.007642
7 0.007642
7 0.007644
7 0.007655
7 0.007655
6 0.007656
7 0.007658
6 0.007662
6 0.007670
6 0.007670
6 0.007679
8 0.007686
6 0.007695
6 0.007704
6 0.007704
6 0.007704
9 0.007732
9 0.007739
11 0.007756
8 0.007761
11 0.007767
11 0.007767
7 0.007776
7 0.007778
7 0.007781
7 0.007782
7 0.007790
7 0.007790
7 0.007794
6 0.007794
6 0.007794
6 0.007794
7 0.007795
6 0.007811
6 0.007811
6 0.007818
7 0.007833
7 0.007835
8 0.007835
8 0.007835
8 0.007835
8 0.007835
8 0.007835
8 0.007835
7 0.007837
6 0.007846
6 0.007846
6 0.007846
8 0.007851
6 0.007863
6 0.007863
11 0.007864
11 0.007864
6 0.007869
6 0.007871
4 0.007879
11 0.007884
11 0.007884
8 0.007884
11 0.007887
7 0.007902
7 0.007920
7 0.007920
7 0.007927
7 0.007927
7 0.007927
7 0.007927
8 0.007946
6 0.007956
7 0.007964
7 0.007969
7 0.007969
6 0.007984
7 0.007993
7 0.007996
7 0.007997
8 0.008032
8 0.008032
8 0.008033
8 0.008048
8 0.008049
4 0.008058
9 0.008059
9 0.008059
8 0.008071
6 0.008077
9 0.008081
9 0.008082
7 0.008117
8 0.008122
8 0.008133
7 0.008135
7 0.008137
7 0.008137
11 0.008160
11 0.008171
11 0.008171
6 0.008174
7 0.008174
7 0.008177
7 0.008179
7 0.008181
6 0.008208
6 0.008227
6 0.008234
8 0.008255
11 0.008306
11 0.008306
11 0.008309
9 0.008317
9 0.008318
9 0.008329
8 0.008333
8 0.008346
8 0.008346
9 0.008363
8 0.008364
8 0.008364
8 0.008364
9 0.008365
7 0.008383
7 0.008383
7 0.008383
7 0.008401
7 0.008401
7 0.008401
7 0.008410
7 0.008410
4 0.008438
4 0.008448
9 0.008508
6 0.008518
11 0.008524
11 0.008524
9 0.008530
9 0.008533
6 0.008542
6 0.008552
6 0.008553
6 0.008557
12 0.008560
6 0.008562
12 0.008563
12 0.008563
5 0.008566
7 0.008571
6 0.008573
6 0.008577
5 0.008580
6 0.008581
6 0.008582
6 0.008587
7 0.008592
8 0.008592
5 0.008592
5 0.008592
6 0.008602
6 0.008607
6 0.008609
6 0.008615
8 0.008643
8 0.008643
8 0.008643
7 0.008667
7 0.008669
7 0.008688
5 0.008702
7 0.008706
7 0.008717
5 0.008728
6 0.008733
12 0.008751
12 0.008751
12 0.008754
6 0.008754
12 0.008754
6 0.008759
6 0.008763
12 0.008765
6 0.008765
12 0.008766
12 0.008766
6 0.008778
6 0.008780
6 0.008786
6 0.008788
7 0.008803
7 0.008803
7 0.008803
7 0.008803
6 0.008816
6 0.008816
12 0.008826
6 0.008827
12 0.008829
6 0.008832
6 0.008837
6 0.008838
12 0.008841
5 0.008842
6 0.008846
6 0.008854
5 0.008854
5 0.008864
11 0.008868
5 0.008869
6 0.008869
5 0.008882
11 0.008882
11 0.008882
12 0.008886
12 0.008887
12 0.008891
12 0.008892
5 0.008895
12 0.008897
9 0.008910
9 0.008911
9 0.008912
9 0.008913
12 0.008915
12 0.008916
12 0.008918
12 0.008918
12 0.008919
12 0.008920
12 0.008928
12 0.008959
6 0.009020
11 0.009046
11 0.009046
11 0.009049
7 0.009055
7 0.009055
7 0.009060
7 0.009062
7 0.009063
5 0.009063
5 0.009065
5 0.009070
7 0.009077
6 0.009086
5 0.009091
5 0.009098
5 0.009108
6 0.009133
6 0.009148
6 0.009148
6 0.009148
8 0.009149
8 0.009149
8 0.009149
5 0.009175
7 0.009186
7 0.009186
5 0.009204
7 0.009205
7 0.009206
7 0.009217
6 0.009263
6 0.009264
6 0.009264
6 0.009287
6 0.009288
6 0.009297
7 0.009327
7 0.009330
7 0.009352
7 0.009354
5 0.009365
5 0.009375
5 0.009386
5 0.009388
5 0.009396
5 0.009398
5 0.009409
5 0.009412
5 0.009416
5 0.009419
5 0.009432
5 0.009439
9 0.009461
9 0.009462
9 0.009464
7 0.009469
7 0.009487
7 0.009490
7 0.009500
7 0.009503
6 0.009543
4 0.009556
6 0.009560
4 0.009568
5 0.009583
7 0.009597
5 0.009615
7 0.009620
6 0.009630
6 0.009631
6 0.009631
7 0.009632
6 0.009644
6 0.009667
6 0.009680
11 0.009908
11 0.009908
5 0.009920
5 0.009928
5 0.009929
5 0.009942
5 0.009954
5 0.009962
6 0.009968
5 0.009977
6 0.009995
6 0.010062
6 0.010062
6 0.010064
6 0.010064
6 0.010065
6 0.010089
6 0.010089
6 0.010092
6 0.010092
6 0.010092
6 0.010101
6 0.010103
6 0.010306
6 0.010306
6 0.010306
6 0.010335
6 0.010335
6 0.010347
11 0.010373
5 0.010380
5 0.010381
11 0.010382
11 0.010386
5 0.010388
6 0.010394
6 0.010394
5 0.010399
6 0.010405
6 0.010405
6 0.010405
6 0.010405
6 0.010405
6 0.010405
5 0.010407
5 0.010412
5 0.010418
6 0.010434
6 0.010434
6 0.010434
6 0.010434
6 0.010434
5 0.010436
5 0.010445
6 0.010446
6 0.010446
5 0.010450
4 0.010489
6 0.010496
6 0.010496
6 0.010499
6 0.010499
6 0.010500
11 0.010516
4 0.010526
4 0.010535
11 0.010535
4 0.010572
11 0.010573
11 0.010575
4 0.010601
11 0.010620
11 0.010620
11 0.010625
4 0.010638
4 0.010699
4 0.010737
6 0.010762
6 0.010762
5 0.010771
5 0.010795
5 0.010800
5 0.010806
5 0.010811
5 0.010832
5 0.010839
5 0.010841
5 0.010844
5 0.010846
4 0.010853
5 0.010853
5 0.010862
6 0.010870
6 0.010870
6 0.010870
6 0.010870
6 0.010870
6 0.010870
5 0.010871
5 0.010885
4 0.010891
5 0.010894
4 0.010902
5 0.010902
9 0.010919
9 0.010923
6 0.010928
6 0.010952
6 0.010952
5 0.010963
5 0.010968
5 0.010973
6 0.010984
6 0.010984
6 0.010998
5 0.011004
4 0.011013
6 0.011042
13 0.011045
13 0.011047
4 0.011054
13 0.011063
13 0.011078
13 0.011078
13 0.011088
4 0.011120
4 0.011159
4 0.011178
6 0.011182
6 0.011216
6 0.011230
7 0.011280
7 0.011280
7 0.011312
7 0.011312
6 0.011314
7 0.011316
8 0.011317
7 0.011328
7 0.011328
6 0.011332
6 0.011344
6 0.011345
7 0.011347
7 0.011347
6 0.011363
7 0.011364
6 0.011376
4 0.011432
6 0.011456
6 0.011469
4 0.011474
7 0.011484
7 0.011484
7 0.011515
7 0.011515
7 0.011517
7 0.011517
7 0.011534
7 0.011534
7 0.011548
7 0.011548
7 0.011565
7 0.011565
7 0.011567
7 0.011567
7 0.011584
7 0.011593
7 0.011594
7 0.011594
4 0.011646
4 0.011692
6 0.011722
4 0.011737
10 0.011756
5 0.011850
5 0.011898
12 0.011937
12 0.012048
7 0.012308
7 0.012308
7 0.012308
7 0.012308
7 0.012309
7 0.012309
7 0.012309
7 0.012309
12 0.012361
12 0.012371
12 0.012373
4 0.012403
6 0.012406
4 0.012455
12 0.012490
5 0.012553
5 0.012607
12 0.012611
12 0.012693
12 0.012710
12 0.012716
12 0.012717
12 0.012737
12 0.012741
12 0.012741
7 0.012806
7 0.012806
7 0.012807
7 0.012807
7 0.012852
7 0.012853
7 0.012853
10 0.012937
4 0.012973
12 0.012992
12 0.012992
12 0.012992
12 0.013002
12 0.013015
12 0.013028
12 0.013035
4 0.013039
5 0.013041
12 0.013061
7 0.013070
7 0.013070
7 0.013071
7 0.013071
12 0.013081
5 0.013085
5 0.013100
7 0.013110
7 0.013110
7 0.013111
7 0.013111
12 0.013115
12 0.013116
12 0.013126
12 0.013126
12 0.013127
12 0.013129
7 0.013135
7 0.013136
7 0.013136
5 0.013144
4 0.013165
12 0.013215
6 0.013234
5 0.013241
5 0.013263
6 0.013282
5 0.013301
5 0.013301
5 0.013323
12 0.013353
7 0.013418
7 0.013418
7 0.013418
6 0.013486
12 0.013493
5 0.013522
6 0.013531
6 0.013556
5 0.013562
8 0.013573
8 0.013623
3 0.013746
3 0.013783
3 0.013811
3 0.013883
9 0.013930
8 0.013967
6 0.013997
7 0.014012
7 0.014012
8 0.014028
8 0.014038
7 0.014067
8 0.014099
6 0.014116
8 0.014121
6 0.014124
8 0.014126
6 0.014126
11 0.014155
11 0.014171
6 0.014174
6 0.014176
6 0.014203
7 0.014329
7 0.014376
7 0.014376
3 0.014395
7 0.014406
11 0.014413
11 0.014413
3 0.014416
8 0.014456
7 0.014513
7 0.014513
7 0.014572
7 0.014572
7 0.014576
7 0.014576
1 0.014588
1 0.014626
7 0.014635
10 0.014650
7 0.014789
7 0.014789
12 0.014851
7 0.014853
7 0.014853
7 0.014876
7 0.014904
7 0.014904
7 0.014919
7 0.014936
7 0.014936
7 0.014970
7 0.014970
7 0.015003
12 0.015023
11 0.015029
11 0.015029
11 0.015030
11 0.015036
1 0.015040
11 0.015062
6 0.015067
6 0.015068
11 0.015069
1 0.015094
6 0.015122
6 0.015123
6 0.015125
6 0.015155
1 0.015184
1 0.015232
1 0.015272
1 0.015285
1 0.015306
1 0.015362
11 0.015366
11 0.015366
1 0.015388
1 0.015426
1 0.015445
8 0.015449
11 0.015461
11 0.015469
1 0.015484
8 0.015490
8 0.015490
1 0.015499
7 0.015507
1 0.015510
7 0.015526
1 0.015545
1 0.015583
7 0.015602
1 0.015605
7 0.015622
1 0.015625
11 0.015654
11 0.015665
11 0.015673
1 0.015687
11 0.015700
1 0.015703
1 0.015713
7 0.015728
7 0.015743
11 0.015744
1 0.015744
1 0.015764
1 0.015786
1 0.015798
1 0.015808
11 0.015823
7 0.015842
11 0.015843
11 0.015843
1 0.015925
4 0.016007
11 0.016067
11 0.016067
11 0.016076
4 0.016169
8 0.016362
8 0.016372
7 0.016385
7 0.016406
8 0.016445
8 0.016445
9 0.016474
8 0.016481
8 0.016481
8 0.016491
8 0.016491
7 0.016513
10 0.016530
10 0.016564
3 0.016907
3 0.016974
3 0.016982
3 0.017005
3 0.017011
3 0.017024
3 0.017049
11 0.017053
11 0.017053
3 0.017057
9 0.017089
3 0.017104
3 0.017112
3 0.017137
7 0.017174
7 0.017198
3 0.017207
3 0.017211
9 0.017222
3 0.017231
9 0.017233
3 0.017242
6 0.017253
6 0.017256
3 0.017262
7 0.017292
7 0.017315
3 0.017499
3 0.017503
11 0.017600
11 0.017625
11 0.017625
8 0.017674
8 0.017716
8 0.017716
10 0.017771
10 0.017778
10 0.017779
10 0.017782
10 0.017785
10 0.017785
5 0.017900
11 0.017921
11 0.017921
11 0.017932
12 0.017953
12 0.018205
9 0.018315
9 0.018323
9 0.018423
5 0.018998
5 0.019057
9 0.019226
9 0.019228
9 0.019408
9 0.019410
8 0.019421
7 0.019505
8 0.019537
7 0.019657
9 0.019798
9 0.019817
10 0.019842
9 0.019935
8 0.020180
8 0.020289
8 0.020329
11 0.020496
11 0.020496
7 0.020805
12 0.020908
7 0.020934
8 0.020949
8 0.021001
12 0.021083
8 0.021086
11 0.021264
11 0.021300
11 0.021300
7 0.021618
7 0.021618
9 0.021710
11 0.021763
11 0.021763
11 0.021779
7 0.021804
7 0.021880
9 0.021928
7 0.021943
7 0.021952
7 0.022071
7 0.022072
7 0.022118
7 0.022135
6 0.022154
6 0.022154
7 0.022170
7 0.022189
10 0.022235
7 0.022241
7 0.022241
6 0.022288
6 0.022288
7 0.022303
6 0.022343
7 0.022355
7 0.022355
7 0.022455
7 0.022474
8 0.022494
7 0.022528
7 0.022548
7 0.022578
8 0.022581
8 0.022581
12 0.022664
7 0.022666
7 0.022696
9 0.022713
8 0.022720
8 0.022720
9 0.022732
9 0.022760
9 0.022781
9 0.022802
9 0.022821
12 0.022869
9 0.022913
9 0.022932
9 0.022934
10 0.022952
8 0.023101
8 0.023110
6 0.023115
7 0.023203
8 0.023210
6 0.023247
8 0.023289
7 0.023354
7 0.023418
10 0.023461
10 0.023548
10 0.023548
7 0.023572
10 0.023743
10 0.023743
10 0.023743
13 0.023870
7 0.023903
13 0.023933
13 0.023933
13 0.023951
13 0.023951
13 0.023960
7 0.024026
7 0.024026
7 0.024041
7 0.024041
7 0.024075
7 0.024077
7 0.024205
7 0.024220
7 0.024241
7 0.024263
7 0.024278
7 0.024296
6 0.024377
6 0.024377
10 0.024409
9 0.024421
9 0.024468
9 0.024475
9 0.024519
9 0.024567
10 0.024599
9 0.024632
9 0.024652
9 0.024657
8 0.024740
9 0.024749
9 0.024809
9 0.024816
8 0.024845
8 0.024845
9 0.024977
9 0.025007
8 0.025014
8 0.025014
9 0.025041
8 0.025135
8 0.025135
8 0.025188
9 0.025226
8 0.025297
8 0.025300
9 0.025346
10 0.025422
8 0.025470
8 0.025471
12 0.025677
7 0.025903
7 0.025913
7 0.025916
7 0.025921
12 0.025941
8 0.025970
8 0.025971
8 0.025975
8 0.026096
7 0.026104
7 0.026122
7 0.026319
11 0.026330
11 0.026330
9 0.026676
9 0.026799
9 0.026803
12 0.026894
8 0.026895
8 0.026895
8 0.026895
12 0.026917
12 0.026923
9 0.026977
9 0.026982
6 0.027296
6 0.027303
11 0.027312
11 0.027312
6 0.027319
11 0.027320
12 0.027463
12 0.027526
6 0.027534
12 0.027538
12 0.027539
8 0.027550
8 0.027550
12 0.027577
12 0.027587
12 0.027587
8 0.027786
8 0.027837
5 0.027869
7 0.027898
7 0.027918
8 0.027950
8 0.027974
8 0.027974
9 0.028013
7 0.028051
7 0.028054
12 0.028059
7 0.028071
7 0.028074
7 0.028099
12 0.028116
12 0.028116
12 0.028116
12 0.028116
12 0.028116
12 0.028116
12 0.028116
5 0.028139
12 0.028235
9 0.028241
8 0.028257
7 0.028266
12 0.028284
12 0.028297
8 0.028335
6 0.028345
6 0.028345
12 0.028348
6 0.028350
6 0.028350
6 0.028350
6 0.028355
12 0.028359
12 0.028360
12 0.028379
12 0.028385
12 0.028386
12 0.028392
9 0.028403
8 0.028547
8 0.028547
12 0.028554
8 0.028557
7 0.028581
7 0.028585
8 0.028596
9 0.028637
8 0.028661
8 0.028664
8 0.028709
8 0.028719
8 0.028799
8 0.028808
8 0.028863
8 0.028863
8 0.028908
8 0.028911
8 0.028921
8 0.028965
8 0.028985
8 0.028985
8 0.028985
8 0.029122
8 0.029216
9 0.029293
8 0.029294
8 0.029389
9 0.029454
8 0.029504
8 0.029528
8 0.029568
8 0.029568
11 0.029691
11 0.029691
10 0.029878
8 0.029910
9 0.030056
6 0.030103
6 0.030103
11 0.030451
11 0.030451
11 0.030451
9 0.030505
6 0.030598
7 0.030688
7 0.030688
9 0.030692
9 0.030696
6 0.030725
6 0.030725
9 0.030731
7 0.030825
7 0.030825
7 0.030825
6 0.030856
11 0.030864
11 0.030864
7 0.030902
7 0.030907
7 0.030908
7 0.030912
11 0.030946
11 0.030946
11 0.030957
6 0.030960
6 0.030960
6 0.030985
6 0.030985
6 0.031034
6 0.031040
7 0.031045
7 0.031045
7 0.031045
6 0.031091
6 0.031224
6 0.031224
6 0.031331
9 0.031679
9 0.031853
12 0.031854
9 0.031989
9 0.031989
6 0.032009
9 0.032013
6 0.032019
6 0.032059
9 0.032104
12 0.032262
8 0.032351
8 0.032352
6 0.032412
6 0.032412
6 0.032422
6 0.032422
6 0.032422
6 0.032463
6 0.032463
8 0.032474
8 0.032531
8 0.032531
8 0.032531
8 0.032531
8 0.032531
11 0.032548
6 0.032608
11 0.032620
11 0.032632
9 0.032673
9 0.032673
8 0.032820
8 0.032820
8 0.032820
8 0.032820
8 0.032820
6 0.032870
8 0.032958
6 0.032992
6 0.032992
6 0.032992
6 0.033018
6 0.033018
6 0.033045
8 0.033104
8 0.033104
8 0.033104
9 0.033172
9 0.033172
9 0.033198
9 0.033198
8 0.033249
10 0.033279
6 0.033398
8 0.033448
8 0.033448
6 0.033748
6 0.033748
6 0.033755
6 0.033755
6 0.033755
6 0.033762
11 0.033831
11 0.033831
11 0.033868
6 0.033918
10 0.033946
8 0.034023
6 0.034040
11 0.034062
10 0.034137
10 0.034137
11 0.034154
6 0.034316
7 0.034328
7 0.034359
7 0.034365
9 0.034376
9 0.034405
9 0.034405
10 0.034566
10 0.034566
6 0.034733
6 0.034733
6 0.034741
6 0.034741
6 0.034741
6 0.034748
7 0.034887
6 0.035008
6 0.035174
6 0.035174
7 0.035215
7 0.035374
7 0.035377
6 0.035482
6 0.035482
7 0.035688
6 0.035976
6 0.035989
6 0.036039
7 0.036438
7 0.036438
7 0.036438
7 0.036438
8 0.036606
7 0.036708
11 0.036711
11 0.036711
8 0.036832
7 0.036842
7 0.036850
7 0.036850
7 0.036918
8 0.036966
7 0.036985
7 0.036985
8 0.036988
8 0.036988
8 0.037042
7 0.037062
9 0.037297
9 0.037297
9 0.037408
9 0.037408
9 0.037469
9 0.037560
8 0.037583
9 0.037621
8 0.037697
8 0.037697
7 0.037700
8 0.037729
8 0.037739
8 0.037739
7 0.037784
7 0.037786
11 0.037793
11 0.037793
11 0.037793
9 0.037830
7 0.037841
7 0.037866
7 0.037922
7 0.037926
8 0.037972
9 0.037995
8 0.037997
8 0.037997
9 0.038063
8 0.038069
8 0.038111
8 0.038111
8 0.038111
8 0.038111
8 0.038111
8 0.038117
8 0.038129
7 0.038167
9 0.038197
8 0.038261
8 0.038261
8 0.038261
9 0.038286
8 0.038301
8 0.038370
8 0.038370
8 0.038379
8 0.038379
8 0.038392
8 0.038399
9 0.038401
9 0.038406
9 0.038408
9 0.038414
9 0.038423
9 0.038435
9 0.038496
9 0.038528
7 0.038604
8 0.038615
9 0.038625
9 0.038640
11 0.038649
11 0.038649
9 0.038659
11 0.038665
9 0.038667
8 0.038749
7 0.038751
9 0.038764
8 0.038773
8 0.038773
9 0.038779
8 0.038782
8 0.038782
9 0.038787
8 0.038796
8 0.038796
8 0.038796
8 0.038796
8 0.038858
9 0.038885
8 0.038897
8 0.038897
8 0.038897
9 0.038942
9 0.038979
8 0.039006
8 0.039092
8 0.039118
8 0.039118
7 0.039201
8 0.039202
9 0.039236
9 0.039241
10 0.039286
8 0.039353
9 0.039376
9 0.039449
10 0.039481
10 0.039543
10 0.039544
9 0.039548
9 0.039607
8 0.039720
8 0.039720
8 0.039720
9 0.039742
10 0.039784
8 0.039876
8 0.039876
8 0.039956
8 0.039965
10 0.040045
10 0.040045
8 0.040091
10 0.040119
10 0.040118
8 0.040199
8 0.040199
10 0.040360
6 0.040382
8 0.040435
8 0.040435
8 0.040435
6 0.040512
6 0.040548
6 0.040548
6 0.040548
6 0.040587
6 0.040587
6 0.040628
10 0.040636
10 0.040638
6 0.040687
6 0.040687
6 0.040920
10 0.040959
6 0.041044
6 0.041044
6 0.041060
6 0.041060
6 0.041060
6 0.041081
6 0.041081
6 0.041081
6 0.041126
6 0.041126
8 0.041134
6 0.041742
6 0.041979
6 0.041979
6 0.041979
6 0.042021
6 0.042021
6 0.042065
6 0.042148
10 0.042353
6 0.042591
6 0.043167
6 0.043179
6 0.043190
9 0.043203
9 0.043272
7 0.043660
7 0.043660
7 0.043660
9 0.043746
9 0.043816
10 0.044532
7 0.045115
7 0.045280
7 0.045381
7 0.045392
5 0.045608
5 0.045673
5 0.045700
7 0.045895
7 0.045907
7 0.046344
5 0.046351
5 0.046351
7 0.046352
8 0.046380
8 0.046380
8 0.046393
8 0.046393
8 0.046412
8 0.046412
7 0.046570
7 0.046570
7 0.046579
7 0.046579
5 0.046624
6 0.046668
8 0.046694
6 0.046880
6 0.046900
5 0.046924
6 0.046947
8 0.046981
8 0.046981
5 0.047134
5 0.047174
9 0.047241
8 0.047375
6 0.047425
6 0.047473
5 0.047475
5 0.047563
4 0.047613
4 0.047627
4 0.047761
4 0.047773
4 0.047826
7 0.047856
9 0.047890
5 0.047902
5 0.047902
4 0.047930
7 0.047936
7 0.047945
4 0.047976
8 0.048008
7 0.048072
7 0.048081
4 0.048100
4 0.048128
10 0.048204
4 0.048208
4 0.048248
8 0.048308
4 0.048355
4 0.048528
10 0.048586
10 0.048638
3 0.048692
3 0.048693
4 0.048836
9 0.048871
10 0.048940
10 0.048993
8 0.049044
10 0.049046
4 0.049073
4 0.049087
4 0.049231
4 0.049231
11 0.049237
11 0.049237
11 0.049237
4 0.049277
8 0.049321
10 0.049657
4 0.049666
9 0.049702
9 0.049709
4 0.049746
4 0.049861
10 0.049870
7 0.049885
4 0.050030
4 0.050043
4 0.050161
7 0.050508
7 0.050508
12 0.050611
7 0.050636
7 0.050636
10 0.050694
9 0.050720
7 0.050751
10 0.050751
7 0.050818
7 0.050841
7 0.050911
10 0.050994
10 0.051052
6 0.051107
10 0.051109
3 0.051118
3 0.051120
6 0.051201
7 0.051277
7 0.051277
10 0.051337
6 0.051374
10 0.051395
9 0.051554
7 0.051621
7 0.051621
12 0.051647
12 0.051767
12 0.051767
12 0.051767
12 0.051767
12 0.051767
12 0.051767
12 0.051767
9 0.051784
9 0.052102
11 0.052300
4 0.052595
9 0.052654
11 0.052667
4 0.052680
7 0.052807
4 0.052825
9 0.052865
7 0.052882
9 0.052933
4 0.053042
11 0.053103
7 0.053172
7 0.053248
4 0.053249
9 0.053350
9 0.053351
11 0.053378
11 0.053401
4 0.053498
8 0.053542
4 0.053635
5 0.053673
4 0.053733
11 0.053849
5 0.053890
8 0.053914
8 0.053926
7 0.053957
5 0.054116
4 0.054185
11 0.054224
8 0.054248
5 0.054358
8 0.054413
5 0.054430
9 0.054570
4 0.054597
8 0.054600
8 0.054654
5 0.054660
8 0.054828
8 0.054855
8 0.054855
8 0.054873
8 0.054873
11 0.055003
8 0.055090
4 0.055267
8 0.055334
8 0.055337
8 0.055916
6 0.055983
6 0.056002
3 0.056035
3 0.056041
8 0.056120
8 0.056120
5 0.056140
6 0.056190
6 0.056210
6 0.056229
5 0.056273
6 0.056304
8 0.056376
8 0.056376
8 0.056376
5 0.056685
11 0.056812
5 0.056850
5 0.056863
8 0.056977
8 0.056977
5 0.057036
8 0.057055
8 0.057055
8 0.057055
8 0.057055
8 0.057055
7 0.057159
4 0.057161
5 0.057177
5 0.057450
5 0.057476
11 0.057504
11 0.057504
5 0.057547
4 0.057589
7 0.057637
4 0.057766
4 0.057832
7 0.057850
5 0.057953
5 0.057973
4 0.058041
4 0.058042
4 0.058118
4 0.058191
5 0.058239
4 0.058359
7 0.058411
5 0.058433
4 0.058442
9 0.058445
10 0.058490
4 0.058514
4 0.058544
5 0.058562
7 0.058689
7 0.058689
4 0.058711
5 0.058838
4 0.058939
5 0.059008
5 0.059098
7 0.059140
4 0.059162
4 0.059162
5 0.059224
4 0.059243
9 0.059319
4 0.059438
4 0.059455
9 0.059485
8 0.059545
4 0.059894
11 0.059988
11 0.059988
11 0.059988
8 0.060020
8 0.060216
9 0.060218
8 0.060237
4 0.060383
5 0.060503
4 0.060703
11 0.060790
11 0.060790
11 0.060790
8 0.061151
9 0.061306
9 0.061429
9 0.061939
9 0.061939
5 0.062046
9 0.062120
5 0.062202
10 0.062333
5 0.062339
5 0.062375
11 0.062406
11 0.062406
11 0.062449
11 0.062461
11 0.062461
11 0.062461
5 0.062740
6 0.062881
5 0.062906
6 0.062917
9 0.062984
9 0.063080
6 0.063125
9 0.063143
6 0.063150
6 0.063173
9 0.063239
4 0.063529
5 0.063563
9 0.063573
5 0.063600
5 0.063655
5 0.063671
5 0.063768
10 0.063781
5 0.063799
5 0.063815
5 0.063952
5 0.063971
9 0.064243
6 0.064368
3 0.064433
6 0.064484
6 0.064510
3 0.064531
3 0.064531
6 0.064535
5 0.064600
5 0.064600
6 0.064835
6 0.064862
5 0.065120
5 0.065366
5 0.065531
5 0.065556
6 0.065612
8 0.065686
5 0.065842
5 0.065856
8 0.066002
5 0.066037
5 0.066096
5 0.066180
5 0.066372
5 0.066480
5 0.066568
8 0.066582
5 0.066594
5 0.066716
5 0.066794
5 0.066825
9 0.066908
5 0.066972
5 0.066992
10 0.067005
10 0.067006
10 0.067006
3 0.067011
5 0.067055
5 0.067098
3 0.067116
5 0.067310
5 0.067333
5 0.067428
5 0.067454
5 0.067489
5 0.067520
5 0.067533
5 0.067533
5 0.067594
5 0.067638
5 0.067659
5 0.067660
5 0.067684
3 0.067708
5 0.067725
5 0.067739
5 0.067739
6 0.067743
6 0.067772
6 0.067772
6 0.067799
3 0.067815
3 0.067816
10 0.067904
5 0.067937
5 0.067938
5 0.067966
5 0.067991
5 0.068015
9 0.068030
9 0.068032
5 0.068041
5 0.068046
5 0.068058
5 0.068059
5 0.068095
5 0.068095
5 0.068120
5 0.068250
5 0.068331
2 0.068353
7 0.068418
7 0.068418
7 0.068418
5 0.068440
5 0.068440
5 0.068457
5 0.068457
5 0.068473
5 0.068558
5 0.068617
5 0.068683
5 0.068781
10 0.068803
9 0.068838
5 0.068853
7 0.068885
7 0.068885
7 0.068885
5 0.068976
5 0.068993
2 0.068994
7 0.069152
7 0.069152
9 0.069170
9 0.069171
4 0.069182
5 0.069390
10 0.069400
3 0.069582
10 0.069593
10 0.069593
3 0.069621
5 0.069749
5 0.069775
5 0.069822
2 0.069949
5 0.070047
5 0.070068
5 0.070131
9 0.070370
9 0.070373
8 0.070413
8 0.070457
8 0.070457
8 0.070487
8 0.070487
5 0.070513
4 0.070834
9 0.071235
9 0.071240
4 0.071243
10 0.071397
10 0.071397
2 0.071470
9 0.071561
9 0.071803
9 0.071803
6 0.072046
6 0.072283
6 0.072285
6 0.072335
4 0.072462
6 0.072487
3 0.072570
6 0.072578
6 0.072630
4 0.072663
3 0.072693
6 0.072836
4 0.072871
4 0.073022
4 0.073234
4 0.073235
6 0.073292
4 0.073610
4 0.073611
4 0.073727
8 0.073823
8 0.073823
8 0.073823
8 0.073823
8 0.073823
4 0.073929
4 0.073930
3 0.073967
4 0.073994
4 0.074044
3 0.074095
3 0.074096
6 0.074118
6 0.074118
6 0.074118
2 0.074118
8 0.074162
8 0.074162
8 0.074212
8 0.074212
8 0.074245
8 0.074245
4 0.074294
6 0.074410
6 0.074426
6 0.074480
4 0.074642
4 0.074670
6 0.074697
8 0.074716
4 0.074735
4 0.074736
6 0.074793
6 0.074847
4 0.074861
4 0.074906
4 0.074907
6 0.074995
4 0.075051
4 0.075052
4 0.075140
4 0.075169
6 0.075180
6 0.075237
6 0.075316
6 0.075438
6 0.075438
6 0.075457
6 0.075555
8 0.075680
8 0.075683
6 0.075692
6 0.076046
4 0.076176
6 0.076353
4 0.076597
4 0.076629
4 0.076775
4 0.076913
8 0.077268
8 0.077270
6 0.077819
8 0.077827
8 0.077827
8 0.077863
8 0.077863
6 0.077885
6 0.077885
8 0.077918
8 0.077918
9 0.077991
6 0.078466
6 0.078478
6 0.079411
6 0.079411
2 0.079448
6 0.079947
6 0.079959
6 0.080058
6 0.080269
4 0.080288
4 0.081134
4 0.081747
9 0.081920
9 0.082210
9 0.082257
4 0.082491
4 0.082629
5 0.082683
4 0.082983
4 0.083195
9 0.083215
9 0.083340
9 0.083459
9 0.083459
9 0.083542
9 0.083759
5 0.083816
4 0.083840
4 0.084104
9 0.084111
9 0.084111
4 0.084456
5 0.084458
4 0.084495
9 0.084660
4 0.084799
4 0.085045
4 0.085339
3 0.085504
5 0.085640
3 0.085676
4 0.085719
4 0.086093
3 0.086238
4 0.086245
4 0.086899
4 0.087015
4 0.087262
9 0.087344
9 0.087367
4 0.087680
9 0.087989
4 0.088314
9 0.088794
3 0.089204
3 0.089390
3 0.089390
9 0.089767
12 0.089965
6 0.090015
6 0.090243
6 0.090322
7 0.090465
2 0.090515
9 0.090604
6 0.090761
2 0.090835
6 0.090880
6 0.090896
6 0.090917
6 0.090932
7 0.090950
6 0.091013
6 0.091045
6 0.091061
2 0.091092
2 0.091150
9 0.091183
2 0.091195
6 0.091205
6 0.091333
6 0.091337
9 0.091374
10 0.091575
10 0.091575
6 0.091773
9 0.091962
2 0.091967
2 0.092032
2 0.092072
2 0.092137
8 0.092601
2 0.093241
2 0.093294
2 0.093341
2 0.093394
2 0.093401
2 0.093502
2 0.093527
9 0.093589
10 0.094316
10 0.094316
12 0.094317
5 0.094462
7 0.094598
7 0.094598
7 0.094643
7 0.094643
11 0.095057
11 0.095057
11 0.095057
5 0.095155
2 0.095263
2 0.095318
2 0.095431
12 0.095436
5 0.095449
2 0.095485
2 0.095598
6 0.095831
8 0.095997
10 0.096076
10 0.096107
5 0.096156
9 0.096172
7 0.096311
7 0.096311
6 0.096757
5 0.096825
6 0.096848
6 0.096848
7 0.096862
7 0.096862
7 0.096909
7 0.096909
5 0.096926
6 0.097215
7 0.097295
8 0.097494
5 0.097605
6 0.097914
6 0.098049
7 0.098097
7 0.098097
7 0.098145
8 0.098222
2 0.098598
2 0.098657
2 0.098778
7 0.098785
8 0.098804
2 0.098905
2 0.098965
8 0.099039
2 0.099086
6 0.099229
11 0.099305
11 0.099305
11 0.099305
8 0.099512
8 0.099602
6 0.099775
6 0.099883
7 0.100220
6 0.100244
6 0.100428
10 0.100472
6 0.100645
8 0.100766
8 0.100908
8 0.101492
4 0.101794
8 0.101802
4 0.101817
5 0.102051
6 0.102120
6 0.102120
4 0.102208
4 0.102236
6 0.102371
4 0.102394
4 0.102424
5 0.102491
6 0.102633
4 0.102708
4 0.102734
5 0.102816
4 0.103140
4 0.104034
4 0.104217
4 0.104407
11 0.104493
11 0.104493
11 0.104493
4 0.104577
2 0.104789
4 0.104851
2 0.104856
2 0.104856
6 0.104967
6 0.104967
6 0.104979
2 0.104992
2 0.104992
2 0.104992
8 0.105164
8 0.105164
8 0.105164
8 0.105164
8 0.105164
6 0.105187
6 0.105198
6 0.105211
6 0.105213
7 0.105409
7 0.105409
2 0.105460
7 0.105485
6 0.105490
2 0.105528
7 0.105541
7 0.105541
6 0.105583
6 0.105597
6 0.105600
6 0.105630
2 0.105666
7 0.105705
7 0.105705
6 0.105731
5 0.105736
8 0.105760
8 0.105764
4 0.105890
5 0.105915
4 0.105939
5 0.105965
9 0.105988
4 0.106113
4 0.106144
6 0.106210
5 0.106326
5 0.106353
5 0.106424
4 0.106489
4 0.106657
5 0.106787
5 0.106826
4 0.106944
4 0.107125
3 0.107173
3 0.107173
3 0.107176
5 0.107303
5 0.107528
6 0.107638
5 0.107671
5 0.107736
6 0.107744
6 0.107766
6 0.107817
6 0.107839
6 0.107907
5 0.107943
6 0.108218
6 0.108292
4 0.108533
5 0.108591
6 0.108765
5 0.108853
5 0.108867
8 0.108885
8 0.108890
7 0.108897
7 0.108897
7 0.108956
7 0.108956
5 0.109013
5 0.109324
5 0.109473
10 0.109553
10 0.109818
4 0.109871
5 0.110059
10 0.110084
4 0.110133
4 0.110242
5 0.110385
4 0.110429
4 0.110462
4 0.110540
4 0.110573
5 0.110620
5 0.110641
5 0.110754
6 0.110923
9 0.111086
5 0.111148
8 0.111170
5 0.111251
5 0.111504
7 0.111707
7 0.111707
7 0.111707
7 0.111757
7 0.111757
7 0.111757
5 0.111794
3 0.111817
3 0.111820
3 0.111835
8 0.111870
4 0.111883
5 0.111940
5 0.111993
5 0.112180
5 0.112266
5 0.112287
4 0.112562
4 0.112600
5 0.112861
5 0.112943
5 0.112962
5 0.113000
8 0.113110
5 0.113184
2 0.113272
6 0.113362
4 0.113682
8 0.113753
8 0.113753
8 0.113753
8 0.113753
8 0.113753
5 0.113926
5 0.114139
4 0.114206
2 0.114295
8 0.114784
4 0.114945
5 0.115028
5 0.115067
4 0.115087
9 0.115168
5 0.115288
4 0.115473
5 0.115490
4 0.115626
2 0.115709
2 0.115821
4 0.116037
4 0.116188
3 0.116262
3 0.116262
3 0.116264
5 0.116542
4 0.116738
5 0.116848
6 0.116985
2 0.116985
4 0.117160
5 0.117347
4 0.117497
2 0.117744
9 0.117786
2 0.117935
4 0.117967
5 0.117987
1 0.118191
1 0.118201
1 0.118238
7 0.118357
5 0.118362
1 0.118566
1 0.118579
5 0.118618
1 0.118635
5 0.118867
2 0.118919
4 0.118971
2 0.119005
2 0.119005
1 0.119094
5 0.119120
1 0.119134
2 0.119180
2 0.119181
2 0.119181
4 0.119191
4 0.119221
1 0.119221
1 0.119232
3 0.119260
5 0.119376
1 0.119381
5 0.119410
1 0.119496
5 0.119537
1 0.119773
1 0.119848
4 0.119850
1 0.119869
1 0.119934
1 0.119996
1 0.120009
1 0.120046
5 0.120057
1 0.120085
5 0.120200
1 0.120207
1 0.120246
9 0.120438
4 0.120472
8 0.120740
2 0.120835
4 0.120840
1 0.120916
2 0.120919
2 0.121008
1 0.121080
4 0.121172
2 0.121190
2 0.121196
1 0.121233
1 0.121343
5 0.121347
1 0.121395
1 0.121455
1 0.121508
1 0.121621
4 0.121673
4 0.121918
4 0.122055
8 0.122370
7 0.122384
4 0.122523
4 0.122831
1 0.122978
4 0.122990
1 0.123148
9 0.123426
9 0.123426
1 0.123484
1 0.123559
4 0.123719
1 0.123730
1 0.123744
4 0.123775
1 0.123799
6 0.123821
1 0.123863
1 0.123881
1 0.123916
4 0.124021
1 0.124035
1 0.124053
4 0.124086
6 0.124151
6 0.124288
4 0.124880
8 0.125016
8 0.125063
4 0.125123
4 0.125124
5 0.125312
5 0.125376
3 0.125493
3 0.125497
9 0.125502
3 0.125528
4 0.125608
9 0.125691
4 0.125762
2 0.125886
8 0.125960
3 0.126225
3 0.126244
4 0.126254
4 0.126419
5 0.126467
2 0.126665
4 0.126921
1 0.126996
1 0.127177
6 0.127259
6 0.127259
8 0.127259
4 0.127277
9 0.127389
3 0.127405
6 0.127486
6 0.127486
6 0.127486
4 0.127573
4 0.127826
1 0.127944
5 0.128000
8 0.128008
8 0.128040
9 0.128041
6 0.128130
6 0.128130
6 0.128146
6 0.128233
6 0.128250
6 0.128269
6 0.128330
4 0.128348
1 0.128446
1 0.128632
1 0.128679
1 0.128753
5 0.128770
1 0.128795
1 0.128821
5 0.128822
1 0.128865
1 0.128939
1 0.128981
1 0.129007
6 0.129021
4 0.129048
9 0.129182
9 0.129182
5 0.129192
5 0.129244
5 0.129351
6 0.129488
5 0.130113
8 0.130361
4 0.130455
4 0.130522
4 0.130643
4 0.130776
5 0.130816
6 0.130912
9 0.130976
9 0.130976
4 0.131214
5 0.131243
6 0.131441
6 0.131441
6 0.131510
4 0.131956
6 0.132057
6 0.132158
6 0.132492
6 0.132492
12 0.132765
6 0.132767
6 0.132915
6 0.132915
6 0.132915
5 0.133005
6 0.133119
6 0.133298
3 0.133606
4 0.133790
5 0.134053
2 0.135018
5 0.135052
3 0.135283
3 0.135284
3 0.135286
5 0.135287
4 0.135375
5 0.135376
9 0.135501
6 0.135722
6 0.135772
6 0.135880
5 0.135964
6 0.135996
4 0.136030
5 0.136335
9 0.136351
10 0.136482
1 0.136891
5 0.136920
9 0.137024
1 0.137101
2 0.137124
5 0.137369
5 0.137578
4 0.137662
6 0.137703
6 0.137874
3 0.137967
3 0.138414
3 0.138694
3 0.138793
4 0.138879
4 0.139232
4 0.139342
1 0.139780
10 0.139782
5 0.140202
9 0.140213
9 0.140213
4 0.140278
3 0.140287
3 0.140287
4 0.140476
4 0.140949
6 0.140998
6 0.141175
5 0.141277
1 0.141316
1 0.141424
1 0.141540
6 0.141605
1 0.141648
1 0.141722
4 0.141756
1 0.141948
9 0.142187
4 0.142218
6 0.142258
6 0.142258
6 0.142328
6 0.142328
9 0.142328
9 0.142328
4 0.142500
1 0.142504
6 0.142511
5 0.142563
6 0.142796
6 0.142796
6 0.142796
7 0.142980
7 0.142980
7 0.142980
6 0.143051
6 0.143051
6 0.143052
1 0.143102
1 0.143186
4 0.143193
5 0.143196
6 0.143250
6 0.143250
4 0.143296
1 0.143416
3 0.143931
3 0.143973
4 0.144182
10 0.144196
6 0.144217
5 0.144587
4 0.144751
5 0.145463
5 0.145526
4 0.145795
10 0.146010
4 0.146017
5 0.146539
4 0.146623
10 0.146864
4 0.147002
4 0.147130
3 0.147341
10 0.147362
10 0.147536
5 0.147564
6 0.147776
6 0.147776
3 0.147810
5 0.148605
4 0.148689
7 0.148810
7 0.148920
7 0.148920
3 0.149142
4 0.149479
8 0.149566
9 0.149611
6 0.149701
6 0.149701
6 0.149701
9 0.150038
9 0.150038
6 0.150128
9 0.150240
4 0.150744
5 0.150838
10 0.150852
9 0.150921
6 0.150975
6 0.151012
4 0.151188
4 0.151321
6 0.151515
11 0.151515
11 0.151515
11 0.151515
6 0.151524
4 0.151907
5 0.152614
4 0.153216
3 0.153260
9 0.153374
9 0.153374
3 0.153449
3 0.153449
6 0.153468
9 0.153610
4 0.153754
5 0.153912
2 0.153983
6 0.154131
4 0.155019
2 0.155594
4 0.155688
4 0.155725
5 0.155892
4 0.155903
2 0.156358
4 0.156416
5 0.156925
6 0.157134
4 0.157253
2 0.157300
5 0.157790
9 0.157803
5 0.157938
5 0.157938
5 0.157938
2 0.158092
4 0.158204
4 0.158446
2 0.158471
4 0.158928
5 0.158986
6 0.159033
6 0.159236
10 0.159236
5 0.159259
5 0.159355
5 0.159546
3 0.159601
2 0.159606
5 0.159694
5 0.159694
5 0.159696
5 0.159696
5 0.159696
10 0.159872
2 0.159941
3 0.159964
3 0.159970
3 0.160064
5 0.160203
5 0.160203
4 0.160278
7 0.160336
7 0.160336
7 0.160480
7 0.160480
3 0.160577
4 0.160664
4 0.160731
11 0.160772
11 0.160772
11 0.160772
3 0.161181
3 0.161187
2 0.161641
6 0.161760
4 0.161781
4 0.161793
2 0.161840
5 0.162136
5 0.162136
5 0.162136
4 0.162168
2 0.162563
4 0.162754
9 0.162760
7 0.162787
4 0.162858
7 0.162893
6 0.163324
4 0.163683
6 0.163787
4 0.163906
4 0.164105
4 0.164120
4 0.164154
2 0.164423
4 0.164448
2 0.164481
4 0.164777
6 0.164840
6 0.165104
8 0.166196
2 0.167079
4 0.167272
10 0.167701
8 0.167757
9 0.167870
6 0.168180
2 0.168181
10 0.168237
8 0.168464
2 0.168625
3 0.168668
3 0.168896
8 0.169090
8 0.169176
4 0.171242
10 0.171468
4 0.171630
2 0.171944
2 0.172124
2 0.172127
10 0.172236
2 0.172492
2 0.172495
2 0.172498
3 0.173184
8 0.173190
3 0.173424
3 0.173425
2 0.173974
6 0.174740
2 0.175061
4 0.175413
4 0.175544
8 0.175654
2 0.176011
2 0.176198
10 0.176211
4 0.176242
1 0.176290
2 0.176387
2 0.176395
1 0.176563
2 0.176582
1 0.176638
2 0.176773
10 0.176870
1 0.176914
6 0.176966
2 0.177280
2 0.177400
2 0.177477
7 0.177557
6 0.177592
2 0.177620
2 0.177697
2 0.177783
2 0.177860
10 0.178730
2 0.180742
2 0.180758
2 0.180765
7 0.180930
7 0.180930
8 0.181190
8 0.181190
8 0.181190
2 0.181835
2 0.181839
4 0.181857
2 0.181925
2 0.181928
2 0.181931
2 0.182012
2 0.182859
10 0.183250
2 0.183284
2 0.183481
2 0.183696
2 0.184889
2 0.184916
3 0.185472
2 0.185580
2 0.185593
2 0.185610
2 0.185627
2 0.185803
2 0.185998
2 0.186208
2 0.186231
3 0.186279
2 0.187704
2 0.187850
4 0.188116
4 0.189450
2 0.189740
2 0.189746
2 0.189750
2 0.189919
2 0.190433
2 0.190641
2 0.190660
2 0.190667
2 0.191083
2 0.191101
3 0.191182
3 0.191317
2 0.192216
9 0.192340
10 0.192340
2 0.192475
2 0.192483
2 0.192488
2 0.192603
2 0.192695
2 0.192707
2 0.192713
2 0.192998
2 0.193105
1 0.193227
2 0.193238
9 0.193240
2 0.193450
2 0.193471
3 0.193584
3 0.193585
3 0.193595
1 0.193646
2 0.193691
4 0.193902
2 0.193926
7 0.195580
2 0.195825
2 0.195877
2 0.195884
6 0.195890
2 0.195900
2 0.195904
2 0.195912
2 0.196032
2 0.196065
2 0.196085
2 0.196259
2 0.196265
2 0.196269
2 0.196273
2 0.196277
2 0.196499
2 0.196532
8 0.197120
10 0.198020
2 0.198365
2 0.198870
10 0.199000
2 0.199053
2 0.199105
11 0.199760
6 0.199880
7 0.201290
7 0.201290
3 0.201461
3 0.201464
3 0.201464
2 0.201651
2 0.201670
4 0.201683
2 0.201684
2 0.201688
2 0.201698
2 0.201702
8 0.201860
8 0.201900
2 0.202273
7 0.203460
2 0.203741
2 0.203988
2 0.204006
2 0.204493
2 0.204507
2 0.204829
2 0.204845
2 0.204853
9 0.204920
6 0.205740
7 0.205930
6 0.205990
6 0.206070
6 0.206400
6 0.206480
11 0.207000
6 0.207410
3 0.207429
3 0.207429
3 0.207435
2 0.207467
1 0.208029
1 0.208029
1 0.208052
6 0.208070
1 0.208082
1 0.208112
1 0.208112
1 0.208146
1 0.208182
1 0.208202
2 0.208214
1 0.208224
1 0.208268
1 0.208315
1 0.208320
1 0.208376
6 0.208390
6 0.208390
1 0.208441
1 0.208441
1 0.208515
1 0.208591
1 0.208598
1 0.208687
2 0.208753
1 0.208801
1 0.208930
1 0.208982
3 0.208983
1 0.209081
1 0.209237
1 0.209258
3 0.209333
1 0.209401
1 0.209475
2 0.209493
2 0.209541
2 0.209546
1 0.209550
2 0.209576
2 0.209581
1 0.209729
1 0.209942
1 0.209975
2 0.210037
1 0.210045
8 0.210310
1 0.210323
1 0.210350
1 0.210433
1 0.210437
1 0.210820
1 0.210928
1 0.210930
7 0.211060
7 0.211060
1 0.211427
1 0.211722
1 0.211898
1 0.212225
1 0.212403
1 0.212403
6 0.212560
1 0.212797
4 0.212912
1 0.213034
8 0.213090
8 0.213090
8 0.213090
4 0.213151
4 0.213162
4 0.213162
1 0.213306
8 0.213500
8 0.213500
8 0.213500
8 0.213500
8 0.213500
1 0.213541
1 0.213543
8 0.213770
8 0.213770
8 0.213770
8 0.213770
8 0.213770
10 0.213860
10 0.213900
8 0.214040
8 0.214100
1 0.214307
1 0.214623
4 0.214693
1 0.214823
1 0.215138
1 0.215141
4 0.215298
3 0.215530
3 0.215532
3 0.215532
4 0.215901
1 0.216106
4 0.216179
4 0.216291
1 0.216524
1 0.216559
6 0.216690
6 0.216690
3 0.216804
3 0.216804
3 0.216807
1 0.216950
1 0.217051
1 0.217473
1 0.217479
4 0.217751
1 0.217808
1 0.218168
6 0.218310
4 0.218472
2 0.219329
2 0.219488
2 0.219493
2 0.219609
2 0.219614
2 0.219619
1 0.219985
1 0.220529
1 0.220535
4 0.220983
3 0.221027
1 0.221074
1 0.221082
4 0.221190
10 0.221290
4 0.221290
3 0.221418
3 0.221420
10 0.221450
8 0.222170
8 0.222170
8 0.222200
8 0.222200
4 0.222983
4 0.224112
4 0.224126
4 0.224121
2 0.224374
10 0.225000
4 0.225788
1 0.225870
4 0.226154
1 0.226416
1 0.226443
1 0.226672
1 0.226826
1 0.226980
1 0.226992
4 0.227305
4 0.227336
4 0.228373
2 0.228583
2 0.228617
2 0.228638
4 0.228769
4 0.228903
4 0.229523
3 0.230013
3 0.230013
3 0.230016
4 0.230175
9 0.230360
6 0.231080
1 0.231175
2 0.231292
1 0.231320
10 0.231400
10 0.231400
1 0.231424
2 0.231448
1 0.231570
1 0.231819
6 0.231910
1 0.231977
6 0.232010
1 0.232228
6 0.232370
4 0.232484
2 0.232491
9 0.232500
10 0.232560
2 0.232615
2 0.232621
2 0.232716
2 0.232721
2 0.232891
6 0.233210
6 0.233730
2 0.234541
2 0.234619
2 0.234663
2 0.234823
8 0.236400
8 0.236400
8 0.236400
8 0.236400
2 0.236620
1 0.236778
10 0.236800
1 0.236833
1 0.236884
4 0.236899
1 0.237003
1 0.237095
1 0.237145
6 0.237160
6 0.237160
4 0.237175
1 0.237279
1 0.237385
1 0.237407
1 0.237430
1 0.237522
1 0.237911
10 0.238040
4 0.238408
2 0.238893
2 0.238976
2 0.239142
2 0.239201
2 0.239281
2 0.239296
2 0.239449
3 0.239971
3 0.239973
3 0.239973
10 0.240900
11 0.241540
11 0.241540
11 0.241540
10 0.242300
3 0.242315
3 0.242315
3 0.242317
1 0.242379
1 0.242551
1 0.242578
2 0.242633
2 0.242848
6 0.242910
6 0.242910
2 0.245333
2 0.245417
2 0.245592
2 0.245793
2 0.245878
2 0.245962
2 0.246055
1 0.246056
1 0.246649
2 0.246703
2 0.247376
2 0.247600
2 0.247707
8 0.247700
8 0.247700
5 0.248048
5 0.248235
2 0.248610
4 0.249622
10 0.249740
10 0.249740
4 0.249790
4 0.249790
2 0.249864
4 0.250213
4 0.250213
4 0.250234
4 0.250234
9 0.250380
6 0.250440
2 0.250500
10 0.251390
2 0.251390
1 0.251406
6 0.251410
4 0.251506
4 0.251506
4 0.251625
4 0.251625
4 0.251625
4 0.251662
4 0.251662
4 0.251662
4 0.251662
4 0.251662
4 0.251696
4 0.251696
4 0.251804
1 0.251998
1 0.252027
2 0.252134
4 0.252145
4 0.252145
4 0.252302
4 0.252302
3 0.252516
3 0.252524
3 0.252600
2 0.252724
4 0.252801
4 0.252826
4 0.252826
9 0.252910
4 0.253039
4 0.253039
4 0.253066
4 0.253066
2 0.253285
2 0.253339
2 0.253388
2 0.253393
10 0.253600
2 0.254094
2 0.254147
2 0.254637
2 0.255008
2 0.255098
2 0.255287
2 0.255677
2 0.255756
2 0.255847
2 0.256040
2 0.256646
1 0.256875
1 0.257587
1 0.257617
6 0.258470
2 0.258760
9 0.259410
2 0.259777
6 0.260180
6 0.260180
5 0.260549
6 0.261850
2 0.262371
4 0.262533
2 0.262839
2 0.263233
1 0.263475
7 0.263580
2 0.263580
1 0.263683
1 0.263712
2 0.263751
2 0.263848
2 0.263896
2 0.263904
2 0.263941
2 0.263948
2 0.264119
1 0.264831
1 0.264942
2 0.265086
1 0.265327
7 0.265390
6 0.265750
1 0.265820
1 0.266012
8 0.266100
2 0.266115
1 0.266118
6 0.266520
2 0.266995
2 0.267261
6 0.267770
6 0.267820
6 0.267820
7 0.267950
2 0.268407
6 0.268460
2 0.268954
6 0.269320
6 0.270020
2 0.270657
2 0.270724
2 0.270825
2 0.271039
2 0.272069
2 0.272391
1 0.274179
1 0.274888
2 0.274974
2 0.276166
2 0.276328
3 0.276361
3 0.276361
3 0.276366
1 0.277600
1 0.277844
6 0.279090
2 0.280201
2 0.280635
9 0.281210
2 0.281701
2 0.282147
3 0.283254
6 0.283520
3 0.283550
3 0.283550
1 0.283869
1 0.283880
1 0.284093
1 0.284104
6 0.284330
2 0.286934
1 0.286975
4 0.286981
1 0.287242
3 0.287766
3 0.287866
2 0.288229
2 0.288495
1 0.289508
2 0.290299
1 0.290311
2 0.290408
2 0.290456
7 0.290790
3 0.290783
3 0.290785
3 0.290785
1 0.291412
1 0.291649
1 0.292879
1 0.293690
6 0.296030
6 0.296030
6 0.296120
3 0.296188
3 0.296192
4 0.296217
6 0.296880
6 0.296970
6 0.297070
2 0.299515
2 0.299640
2 0.299640
1 0.299717
2 0.299902
2 0.299905
2 0.299905
2 0.300266
6 0.300450
10 0.300480
6 0.300560
6 0.300580
1 0.300589
2 0.302367
2 0.302495
2 0.302764
10 0.303680
6 0.303720
2 0.304216
1 0.305096
6 0.305120
6 0.305120
6 0.305120
1 0.305557
1 0.305803
1 0.305992
1 0.306081
1 0.306518
1 0.306600
1 0.306704
6 0.307140
6 0.307140
7 0.307160
7 0.307160
2 0.307558
7 0.307690
7 0.307690
6 0.307980
1 0.308305
1 0.308790
2 0.308941
1 0.309070
1 0.309361
1 0.309374
7 0.309690
7 0.309690
7 0.310230
10 0.312790
2 0.313676
7 0.316350
7 0.316350
8 0.316750
10 0.316960
8 0.317460
9 0.317760
3 0.318103
3 0.318475
2 0.319245
1 0.320432
4 0.320911
4 0.321507
4 0.324228
1 0.324253
4 0.324707
1 0.325254
4 0.325436
12 0.325850
8 0.326690
4 0.326814
8 0.327440
2 0.327671
1 0.328312
3 0.328425
4 0.328607
3 0.328823
3 0.328824
4 0.329889
10 0.330690
8 0.331350
2 0.331430
2 0.331442
2 0.331571
2 0.331584
2 0.331594
2 0.331647
2 0.331656
4 0.331750
4 0.333392
4 0.334543
9 0.334560
3 0.334948
3 0.335185
2 0.335243
8 0.342230
4 0.342411
12 0.342810
2 0.342988
1 0.344033
1 0.344463
1 0.344585
4 0.345315
1 0.345365
1 0.345917
1 0.345921
2 0.346461
1 0.347075
12 0.347450
4 0.347453
1 0.348080
1 0.348363
4 0.349323
4 0.350946
4 0.351229
2 0.351707
4 0.351856
4 0.352064
3 0.352588
3 0.352596
4 0.352804
2 0.353586
9 0.353610
4 0.354209
4 0.354778
2 0.355298
2 0.358758
2 0.358773
2 0.358784
2 0.358795
2 0.358796
2 0.358809
2 0.358820
2 0.358821
2 0.358834
2 0.358836
2 0.358847
2 0.359851
3 0.360266
3 0.360295
6 0.360490
3 0.361339
6 0.361750
7 0.362320
4 0.363990
2 0.365023
2 0.365026
2 0.365211
2 0.365212
2 0.365213
3 0.365309
3 0.365314
2 0.365604
2 0.365604
2 0.365603
2 0.365606
2 0.365736
3 0.365957
3 0.365958
3 0.366155
3 0.366158
4 0.366306
4 0.366395
3 0.370316
2 0.370428
3 0.371418
4 0.372702
2 0.373301
2 0.373497
2 0.373561
2 0.373575
2 0.373578
2 0.373908
9 0.374540
2 0.375412
2 0.377228
2 0.377301
2 0.377331
8 0.377790
4 0.380691
2 0.384312
2 0.384330
2 0.384341
2 0.386041
2 0.386726
9 0.388950
6 0.389640
9 0.389710
2 0.390178
6 0.390530
6 0.390530
6 0.390530
6 0.391500
6 0.391500
1 0.393311
1 0.393679
1 0.394512
1 0.396264
2 0.398111
3 0.398122
3 0.398125
3 0.398130
2 0.398200
2 0.398238
2 0.398938
2 0.399072
2 0.399155
2 0.399697
2 0.399720
2 0.399727
2 0.399732
2 0.399745
2 0.399750
3 0.399930
3 0.400250
2 0.400684
2 0.401071
2 0.402753
2 0.405792
7 0.406000
7 0.406000
3 0.408360
3 0.408976
3 0.414353
3 0.414355
3 0.415108
3 0.415114
3 0.415134
3 0.415207
3 0.415209
3 0.415209
3 0.415507
3 0.415510
8 0.415980
3 0.419089
3 0.419089
3 0.419092
4 0.419159
2 0.422800
2 0.422809
2 0.422861
2 0.422868
2 0.422874
2 0.422906
2 0.422913
2 0.422918
2 0.424190
6 0.424920
1 0.425635
2 0.428418
6 0.428830
2 0.430842
2 0.433325
2 0.434810
2 0.434813
3 0.435879
3 0.436581
3 0.436588
4 0.437981
9 0.440140
4 0.441261
8 0.441690
2 0.443408
4 0.443745
2 0.444905
2 0.445256
2 0.446466
4 0.447015
3 0.448115
3 0.448123
2 0.448949
2 0.449113
4 0.450357
4 0.450499
3 0.451383
3 0.453021
3 0.453046
4 0.455054
8 0.455170
12 0.456960
2 0.458710
2 0.458938
2 0.458948
2 0.459096
2 0.459103
2 0.461108
2 0.461194
2 0.461230
4 0.462166
4 0.462743
2 0.463091
2 0.463284
2 0.463445
2 0.463706
2 0.464862
2 0.464991
2 0.465440
2 0.465637
2 0.466436
2 0.466811
9 0.467940
8 0.469920
8 0.469920
3 0.470246
3 0.470260
3 0.470273
11 0.471470
8 0.487330
8 0.488520
8 0.488520
8 0.488520
11 0.489720
2 0.489984
2 0.490021
2 0.490109
2 0.490420
3 0.490540
3 0.490543
3 0.490552
2 0.492043
8 0.494810
2 0.496350
2 0.500240
2 0.508651
2 0.509516
2 0.510181
1 0.510894
1 0.510936
8 0.511770
7 0.512290
3 0.515242
3 0.515246
3 0.516531
3 0.516534
3 0.517203
3 0.517203
11 0.517300
9 0.521380
3 0.526157
3 0.526157
3 0.526157
3 0.526157
3 0.526166
2 0.527788
2 0.527833
2 0.527913
9 0.527990
2 0.528012
2 0.528168
2 0.528520
2 0.528731
2 0.531227
2 0.531386
6 0.531580
2 0.531755
2 0.532614
6 0.533620
6 0.533620
2 0.537308
2 0.537368
8 0.537630
8 0.537630
2 0.539008
7 0.553400
11 0.555300
1 0.555860
1 0.555949
2 0.559485
2 0.561485
12 0.563600
11 0.568200
3 0.569818
3 0.572432
12 0.574800
12 0.576300
2 0.585531
2 0.586320
2 0.586327
2 0.586920
2 0.586940
2 0.586949
2 0.597363
7 0.597400
2 0.600145
2 0.600151
2 0.600289
2 0.600348
2 0.600356
2 0.600807
2 0.600817
2 0.600823
8 0.601000
3 0.605688
3 0.606152
2 0.606280
2 0.606802
2 0.606808
2 0.607012
2 0.607017
2 0.607488
12 0.608200
6 0.611100
6 0.613400
9 0.618100
2 0.618328
2 0.618334
2 0.622790
2 0.623334
2 0.623347
2 0.624480
2 0.624493
2 0.624509
9 0.627400
12 0.629700
3 0.630356
3 0.630363
12 0.631500
2 0.633746
7 0.634100
8 0.634100
8 0.634100
8 0.634100
8 0.638600
6 0.641900
2 0.649711
7 0.654000
3 0.654493
3 0.654493
3 0.654493
3 0.655799
3 0.655799
3 0.655799
2 0.661155
1 0.669787
2 0.669826
1 0.670052
2 0.670124
2 0.677897
1 0.678661
2 0.681867
2 0.682531
2 0.683903
9 0.687800
1 0.690825
2 0.691984
8 0.692100
8 0.692100
2 0.692206
8 0.703700
2 0.704401
2 0.705860
2 0.706561
1 0.708592
1 0.708660
1 0.736360
1 0.736432
2 0.745148
2 0.747347
1 0.755624
8 0.755800
1 0.756530
1 0.760825
1 0.761692
1 0.761743
2 0.762667
2 0.763001
2 0.763007
2 0.763743
3 0.763739
2 0.763757
2 0.763757
3 0.763758
3 0.766237
3 0.768408
2 0.781447
2 0.781797
2 0.782585
1 0.783746
1 0.783829
1 0.783829
3 0.788395
3 0.788469
8 0.789200
12 0.789300
3 0.790769
3 0.792380
3 0.792391
1 0.799524
1 0.800538
1 0.806819
1 0.807757
1 0.807851
2 0.808910
2 0.812191
2 0.812409
2 0.812418
2 0.812569
2 0.812572
2 0.812575
3 0.824580
3 0.824591
3 0.827734
3 0.827741
3 0.830392
3 0.830629
3 0.830629
3 0.830629
12 0.831100
3 0.832685
3 0.832685
3 0.832685
2 0.835662
2 0.836151
2 0.836179
2 0.836526
2 0.836555
2 0.836577
12 0.842600
2 0.864307
2 0.867347
2 0.867358
3 0.869635
3 0.869648
1 0.877528
1 0.877631
1 0.877631
1 0.883133
1 0.884370
1 0.891536
1 0.892601
1 0.892796
1 0.909240
2 0.912864
1 0.914246
1 0.916578
3 0.957415
3 0.960865
6 0.968100
6 0.968100
13 0.989660
11 1.000000
11 1.000000
6 1.031500
6 1.041000
6 1.064900
1 1.077130
1 1.078500
1 1.078971
6 1.082300
6 1.082300
6 1.082300
12 1.085000
1 1.087595
1 1.089471
2 1.125157
1 1.125627
1 1.125799
1 1.125800
6 1.127800
6 1.127800
6 1.173700
6 1.173700
6 1.173700
6 1.201700
6 1.201700
2 1.242645
11 1.251500
1 1.275115
1 1.275337
1 1.276076
1 1.312699
1 1.312702
1 1.315433
1 1.315436
11 1.328100
12 1.362200
1 1.382765
6 1.383000
11 1.388900
12 1.390100
8 1.392800
8 1.392800
12 1.393400
6 1.395100
2 1.404511
2 1.404542
2 1.404561
2 1.405649
2 1.405630
2 1.405660
2 1.405685
2 1.405694
2 1.408201
2 1.408189
2 1.408170
2 1.408215
2 1.408232
6 1.425300
6 1.438200
6 1.443600
8 1.445100
8 1.445100
2 1.447258
6 1.450500
10 1.464100
12 1.471500
12 1.525100
12 1.529000
2 1.535513
2 1.535547
2 1.535572
2 1.536869
2 1.536850
2 1.536885
2 1.536895
2 1.536903
2 1.536909
2 1.539911
2 1.539905
2 1.539888
2 1.539926
2 1.539936
2 1.539939
2 1.539947
12 1.560000
7 1.587300
1 1.596100
1 1.597256
1 1.597261
1 1.597268
2 1.625098
2 1.625073
2 1.625113
2 1.625123
2 1.625129
2 1.625151
2 1.625162
2 1.625169
12 1.643900
12 1.667000
1 1.672353
1 1.675507
1 1.675506
1 1.675514
1 1.675516
1 1.676793
2 1.692215
2 1.692291
7 1.742200
2 1.742491
2 1.742475
2 1.742426
2 1.742504
2 1.742513
2 1.742523
2 1.742530
2 1.742545
2 1.749429
2 1.749450
2 1.749481
2 1.749509
2 1.749517
2 1.754818
2 1.754841
2 1.754878
2 1.754866
2 1.754898
2 1.754904
2 1.754911
2 1.754922
1 1.770388
1 1.771286
2 1.776570
2 1.776566
2 1.776554
2 1.776585
2 1.776604
2 1.776613
2 1.776636
2 1.780648
2 1.780634
2 1.780623
2 1.780614
2 1.780671
2 1.780696
2 1.782448
2 1.782413
2 1.782495
8 1.785700
8 1.785700
8 1.785700
2 1.876533
10 1.893600
1 1.928541
1 1.930740
10 1.954600
1 2.040113
1 2.042005
1 2.042012
1 2.042020
9 2.042500
9 2.045000
7 2.105000
1 2.109884
1 2.116956
1 2.121395
1 2.121397
12 2.130000
2 2.221092
8 2.262000
1 2.268361
1 2.269833
1 2.270694
1 2.270701
1 2.270708
1 2.270717
2 2.288446
2 2.303001
2 2.303043
2 2.303077
2 2.359457
2 2.359388
2 2.359422
2 2.359474
2 2.359438
2 2.359515
2 2.359679
2 2.359685
2 2.359717
2 2.359744
2 2.359761
2 2.359885
2 2.359912
2 2.359969
2 2.359997
2 2.366889
2 2.366846
2 2.366760
2 2.366774
2 2.366751
2 2.366716
2 2.366738
2 2.366915
2 2.367078
2 2.367050
2 2.367122
2 2.367139
2 2.367157
2 2.367174
2 2.370274
2 2.370163
2 2.370302
2 2.370319
9 2.387000
1 2.499277
1 2.502970
1 2.562574
1 2.562577
1 2.567775
1 2.570055
2 2.576509
6 2.611600
6 2.612000
6 2.623000
6 2.623000
2 2.636435
2 2.636411
2 2.636389
2 2.636580
7 2.653000
12 2.653000
11 2.653000
12 2.680000
11 2.732000
11 2.732000
12 2.735000
12 2.742000
10 2.754000
10 2.754000
10 2.754100
2 2.870051
2 2.875401
12 2.898000
5 2.892000
12 3.004000
12 3.012000
10 3.152000
10 3.152000
2 3.155293
8 3.333000
7 3.367000
7 3.367000
1 3.377308
1 3.381922
10 3.389000
2 3.562973
2 3.562951
2 3.562908
2 3.563023
2 3.563040
2 3.563107
2 3.563137
11 3.571000
11 3.571000
11 3.571000
2 3.571026
2 3.571086
2 3.571223
2 3.571271
2 3.571345
2 3.575503
2 3.575368
2 3.575690
7 3.597000
1 3.601162
1 3.603251
6 3.660000
6 3.660000
6 3.660300
8 3.690000
8 3.690000
1 3.723097
1 3.726465
1 3.863280
1 3.872114
1 3.911818
1 3.911823
7 4.049000
7 4.049000
9 4.049000
9 4.049000
6 4.054000
6 4.054000
1 4.184133
1 4.184150
1 4.192079
1 4.192102
1 4.192133
1 4.192164
7 4.348000
11 4.545000
11 4.545000
11 4.545000
2 4.546818
2 4.546849
2 4.546986
2 4.547030
2 4.547174
2 4.560106
2 4.560047
2 4.559693
2 4.560406
2 4.560508
2 4.560556
2 4.560580
2 4.560740
2 4.671255
2 4.671280
1 5.097464
1 5.102260
1 5.102294
1 5.102323
1 5.112854
10 5.147000
2 5.155015
2 5.155075
2 5.155107
2 5.155161
2 5.155269
2 5.162744
2 5.162603
2 5.162523
2 5.162482
2 5.162991
2 5.163774
2 5.163796
2 5.163959
2 5.164298
2 5.168010
2 5.169089
2 5.169270
2 5.170028
2 5.170089
2 5.170178
2 5.170236
1 5.340639
1 5.357538
9 5.814000
9 5.814000
8 5.848000
8 5.850000
8 5.952000
10 6.060000
10 6.061000
11 6.250000
11 6.250000
11 6.250000
12 6.725000
7 6.897000
6 7.429000
7 7.692000
7 7.692000
6 9.115000
6 9.116000
1 10.888680
1 10.936820
1 12.028280
1 12.034309
12 13.680000
13 24.440001
7 37.590000
7 37.590000
7 37.599998
7 37.599998
6 46.500000
8 66.699997
2 80.723000
1 89.237099
8 111.000000
8 111.000000
6 112.000000
2 164.257004
8 167.000000
8 167.000000
7 178.000000
7 178.000000
7 179.000000
7 179.000000
7 200.000000
7 200.000000
End Spectral Lines:
