Symbol: Si
Atomic Number: 14
Atomic Mass: 28.085500
Start Spectral Index: 13
1 334
2 591
3 1300
4 332
5 151
6 347
7 236
8 434
9 370
10 319
11 282
12 174
13 585
End Spectral Index:
Order of Magnitude: 0.000001
Start Spectral Lines:
13 0.000514
13 0.000515
13 0.000516
13 0.000519
13 0.000522
13 0.000529
13 0.000540
13 0.000568
13 0.000665
13 0.002156
13 0.002156
13 0.002156
13 0.002176
13 0.002176
13 0.002176
13 0.002205
13 0.002206
13 0.002206
13 0.002210
13 0.002211
13 0.002214
13 0.002215
13 0.002232
13 0.002233
13 0.002236
13 0.002236
13 0.002250
13 0.002250
13 0.002250
13 0.002256
13 0.002263
13 0.002264
13 0.002266
13 0.002268
13 0.002278
13 0.002310
13 0.002311
13 0.002311
13 0.002313
13 0.002315
13 0.002322
13 0.002322
13 0.002322
13 0.002359
13 0.002384
13 0.002385
13 0.002385
13 0.002387
13 0.002388
13 0.002388
13 0.002388
13 0.002389
13 0.002389
13 0.002392
13 0.002437
13 0.002439
13 0.002452
13 0.002452
13 0.002452
13 0.002520
13 0.002521
13 0.002521
13 0.002525
13 0.002525
13 0.002526
13 0.002526
13 0.002527
13 0.002528
13 0.002532
12 0.002566
12 0.002566
13 0.002579
13 0.002582
12 0.002608
12 0.002613
12 0.002613
12 0.002644
12 0.002646
12 0.002646
12 0.002649
12 0.002649
12 0.002697
12 0.002703
12 0.002703
13 0.002734
13 0.002735
13 0.002735
12 0.002785
12 0.002790
12 0.002790
12 0.002791
12 0.002791
13 0.002816
13 0.002818
13 0.002818
13 0.002822
13 0.002823
13 0.002823
13 0.002823
13 0.002833
13 0.002835
13 0.002840
13 0.002891
13 0.002898
12 0.002944
12 0.002951
12 0.002951
12 0.002957
12 0.002965
12 0.003101
12 0.003102
11 0.003193
11 0.003198
11 0.003198
12 0.003289
12 0.003297
12 0.003298
11 0.003315
11 0.003316
11 0.003322
12 0.003322
11 0.003330
12 0.003331
11 0.003352
11 0.003357
10 0.003424
11 0.003491
11 0.003535
11 0.003538
11 0.003538
11 0.003545
11 0.003545
11 0.003545
10 0.003593
11 0.003625
11 0.003631
11 0.003634
13 0.003643
13 0.003646
13 0.003647
11 0.003677
11 0.003706
11 0.003734
13 0.003776
13 0.003779
13 0.003779
13 0.003781
13 0.003788
13 0.003789
13 0.003789
13 0.003851
13 0.003853
13 0.003864
11 0.003909
13 0.003910
13 0.003942
10 0.003944
10 0.003955
10 0.003955
11 0.004018
11 0.004047
12 0.004091
12 0.004095
11 0.004211
11 0.004237
11 0.004246
10 0.004251
11 0.004273
11 0.004273
11 0.004277
11 0.004283
11 0.004283
11 0.004287
11 0.004291
11 0.004295
11 0.004305
11 0.004329
11 0.004376
11 0.004376
10 0.004385
12 0.004402
12 0.004417
12 0.004418
9 0.004422
9 0.004425
9 0.004429
10 0.004452
10 0.004466
11 0.004540
12 0.004552
11 0.004568
12 0.004569
11 0.004579
11 0.004581
11 0.004586
11 0.004592
11 0.004607
11 0.004630
11 0.004640
11 0.004641
10 0.004667
10 0.004689
11 0.004690
10 0.004705
11 0.004729
11 0.004735
11 0.004739
11 0.004746
11 0.004749
10 0.004749
10 0.004754
11 0.004761
10 0.004765
11 0.004765
11 0.004771
11 0.004790
11 0.004811
11 0.004821
11 0.004832
10 0.004839
10 0.004844
11 0.004847
11 0.004851
10 0.004855
10 0.004860
11 0.004868
11 0.004874
11 0.004900
11 0.004905
11 0.004918
11 0.004922
11 0.004926
11 0.004933
11 0.004940
10 0.004942
10 0.004942
10 0.004944
10 0.004944
11 0.004951
10 0.004970
10 0.004970
10 0.004970
11 0.004994
10 0.004997
8 0.004999
8 0.004999
8 0.005002
8 0.005002
10 0.005003
10 0.005006
10 0.005012
10 0.005015
10 0.005025
10 0.005025
10 0.005030
10 0.005032
10 0.005032
10 0.005033
10 0.005040
10 0.005041
11 0.005041
10 0.005052
11 0.005052
11 0.005062
10 0.005069
10 0.005070
10 0.005102
10 0.005102
10 0.005102
10 0.005102
9 0.005111
11 0.005130
9 0.005136
8 0.005156
8 0.005157
10 0.005164
10 0.005168
11 0.005168
8 0.005172
8 0.005172
8 0.005182
8 0.005182
8 0.005183
8 0.005183
13 0.005187
13 0.005187
13 0.005187
10 0.005207
10 0.005216
10 0.005218
10 0.005225
11 0.005230
10 0.005232
10 0.005232
10 0.005249
8 0.005255
8 0.005255
10 0.005261
10 0.005261
9 0.005267
9 0.005267
9 0.005267
9 0.005267
9 0.005267
9 0.005267
13 0.005274
13 0.005275
13 0.005276
9 0.005281
13 0.005282
9 0.005284
9 0.005292
10 0.005295
10 0.005297
10 0.005297
13 0.005307
13 0.005307
13 0.005307
11 0.005316
13 0.005328
13 0.005328
13 0.005328
13 0.005328
13 0.005328
13 0.005331
13 0.005331
13 0.005344
10 0.005346
10 0.005346
10 0.005357
10 0.005357
10 0.005360
10 0.005360
11 0.005370
8 0.005376
8 0.005377
9 0.005381
9 0.005388
13 0.005397
9 0.005399
13 0.005400
13 0.005402
13 0.005408
11 0.005430
11 0.005431
11 0.005439
11 0.005439
11 0.005439
9 0.005439
11 0.005439
7 0.005446
10 0.005446
9 0.005447
11 0.005452
11 0.005452
10 0.005452
10 0.005452
7 0.005452
11 0.005452
13 0.005455
13 0.005455
13 0.005455
13 0.005455
13 0.005455
10 0.005457
13 0.005458
13 0.005458
9 0.005458
7 0.005458
10 0.005459
10 0.005460
10 0.005460
9 0.005460
10 0.005466
10 0.005470
13 0.005472
8 0.005483
9 0.005484
8 0.005485
13 0.005485
13 0.005485
13 0.005485
9 0.005487
9 0.005491
9 0.005504
9 0.005509
9 0.005512
9 0.005515
10 0.005520
9 0.005523
9 0.005527
10 0.005527
9 0.005530
10 0.005532
9 0.005536
9 0.005538
10 0.005540
9 0.005540
9 0.005548
9 0.005550
9 0.005551
9 0.005551
9 0.005551
9 0.005551
9 0.005551
9 0.005552
9 0.005552
9 0.005578
9 0.005578
9 0.005578
9 0.005578
9 0.005578
9 0.005579
13 0.005580
9 0.005582
7 0.005583
10 0.005584
13 0.005586
11 0.005587
11 0.005587
11 0.005587
13 0.005588
9 0.005594
13 0.005594
9 0.005600
9 0.005603
13 0.005643
13 0.005644
13 0.005644
13 0.005644
13 0.005644
13 0.005645
13 0.005646
7 0.005653
10 0.005655
13 0.005661
10 0.005668
9 0.005669
10 0.005670
9 0.005673
10 0.005680
10 0.005683
9 0.005687
9 0.005694
9 0.005697
9 0.005715
9 0.005715
9 0.005716
9 0.005716
9 0.005716
9 0.005716
10 0.005721
10 0.005721
7 0.005732
10 0.005737
7 0.005743
9 0.005743
7 0.005752
7 0.005757
13 0.005767
13 0.005768
13 0.005768
9 0.005778
9 0.005816
9 0.005816
9 0.005816
9 0.005816
9 0.005817
7 0.005839
10 0.005842
10 0.005842
7 0.005844
9 0.005851
7 0.005853
10 0.005857
10 0.005857
7 0.005858
7 0.005858
7 0.005858
7 0.005858
10 0.005865
8 0.005870
8 0.005870
13 0.005871
7 0.005872
7 0.005878
9 0.005881
13 0.005882
13 0.005884
8 0.005888
8 0.005888
8 0.005888
8 0.005888
8 0.005888
8 0.005888
8 0.005889
8 0.005889
9 0.005891
13 0.005891
8 0.005894
8 0.005894
9 0.005900
9 0.005900
9 0.005907
9 0.005907
9 0.005908
8 0.005926
8 0.005926
8 0.005931
8 0.005931
8 0.005935
8 0.005935
13 0.005942
13 0.005943
13 0.005943
13 0.005943
13 0.005943
13 0.005943
13 0.005946
9 0.005946
9 0.005946
9 0.005947
13 0.005962
11 0.005965
11 0.005966
7 0.005988
10 0.005995
9 0.005996
7 0.005997
9 0.005997
9 0.005997
7 0.006003
10 0.006012
8 0.006022
8 0.006027
10 0.006076
7 0.006084
10 0.006091
10 0.006094
9 0.006094
8 0.006099
8 0.006099
9 0.006099
8 0.006102
8 0.006102
9 0.006104
8 0.006107
8 0.006107
10 0.006109
9 0.006111
9 0.006118
9 0.006119
8 0.006120
8 0.006120
7 0.006131
9 0.006135
9 0.006136
8 0.006138
8 0.006138
8 0.006138
8 0.006139
8 0.006139
8 0.006140
8 0.006140
8 0.006140
8 0.006140
10 0.006144
8 0.006145
8 0.006145
9 0.006150
7 0.006152
10 0.006153
8 0.006154
8 0.006154
9 0.006154
9 0.006154
9 0.006155
9 0.006155
9 0.006155
9 0.006155
9 0.006155
9 0.006160
9 0.006165
9 0.006170
8 0.006179
8 0.006179
8 0.006180
8 0.006180
9 0.006184
8 0.006185
8 0.006185
8 0.006186
8 0.006186
8 0.006189
8 0.006189
8 0.006191
8 0.006191
8 0.006191
8 0.006191
10 0.006228
10 0.006230
10 0.006239
10 0.006246
10 0.006252
10 0.006254
10 0.006255
8 0.006256
8 0.006256
8 0.006259
8 0.006259
13 0.006264
13 0.006265
13 0.006265
8 0.006278
8 0.006278
8 0.006278
8 0.006278
8 0.006280
8 0.006280
8 0.006280
8 0.006280
8 0.006280
8 0.006284
8 0.006284
8 0.006284
8 0.006284
8 0.006285
8 0.006285
8 0.006287
8 0.006287
8 0.006289
8 0.006289
8 0.006290
8 0.006290
7 0.006294
9 0.006297
12 0.006310
12 0.006320
12 0.006320
8 0.006322
8 0.006322
8 0.006327
8 0.006327
8 0.006329
8 0.006329
9 0.006347
9 0.006357
9 0.006357
9 0.006357
9 0.006357
9 0.006357
9 0.006357
7 0.006359
8 0.006367
8 0.006367
9 0.006368
8 0.006371
8 0.006371
8 0.006372
8 0.006372
8 0.006373
8 0.006373
8 0.006376
8 0.006376
8 0.006377
8 0.006377
13 0.006381
13 0.006383
13 0.006383
13 0.006383
8 0.006388
8 0.006388
8 0.006390
8 0.006390
13 0.006391
8 0.006391
8 0.006391
13 0.006392
13 0.006392
8 0.006393
8 0.006393
8 0.006394
8 0.006394
13 0.006406
13 0.006408
13 0.006417
8 0.006427
8 0.006427
8 0.006429
8 0.006429
8 0.006433
8 0.006433
8 0.006435
8 0.006435
8 0.006437
8 0.006437
13 0.006467
13 0.006472
13 0.006472
13 0.006473
13 0.006473
13 0.006473
13 0.006475
13 0.006485
13 0.006496
10 0.006515
10 0.006516
8 0.006518
8 0.006518
8 0.006520
8 0.006520
8 0.006521
8 0.006521
9 0.006523
8 0.006523
8 0.006523
12 0.006524
8 0.006529
8 0.006529
12 0.006534
12 0.006534
10 0.006535
10 0.006535
8 0.006539
8 0.006539
8 0.006541
8 0.006541
8 0.006544
8 0.006544
8 0.006547
8 0.006547
9 0.006549
7 0.006560
7 0.006575
8 0.006580
8 0.006580
8 0.006583
8 0.006583
9 0.006598
12 0.006629
12 0.006630
6 0.006677
10 0.006706
10 0.006706
10 0.006715
8 0.006716
8 0.006716
8 0.006716
8 0.006716
8 0.006716
8 0.006716
8 0.006720
8 0.006720
8 0.006726
8 0.006726
10 0.006730
8 0.006732
8 0.006732
8 0.006732
8 0.006732
8 0.006732
8 0.006732
10 0.006733
8 0.006740
8 0.006740
8 0.006740
8 0.006740
7 0.006786
7 0.006803
7 0.006815
7 0.006819
7 0.006821
10 0.006836
7 0.006838
7 0.006841
7 0.006845
10 0.006854
10 0.006857
7 0.006859
12 0.006862
7 0.006864
7 0.006867
7 0.006872
12 0.006874
12 0.006874
8 0.006878
8 0.006878
8 0.006897
8 0.006897
7 0.006909
6 0.006920
6 0.006924
7 0.006938
6 0.006945
7 0.006958
7 0.006960
7 0.006962
8 0.006963
8 0.006963
7 0.006965
7 0.006966
12 0.006976
12 0.006977
12 0.006979
8 0.006979
8 0.006979
7 0.006980
7 0.006982
7 0.006986
7 0.006987
8 0.006990
8 0.006990
7 0.006997
7 0.007002
7 0.007003
7 0.007007
7 0.007012
7 0.007016
7 0.007022
7 0.007024
7 0.007025
7 0.007032
7 0.007038
10 0.007042
7 0.007043
10 0.007045
8 0.007047
8 0.007047
8 0.007049
8 0.007049
10 0.007053
8 0.007054
8 0.007054
8 0.007056
8 0.007056
10 0.007056
7 0.007066
7 0.007071
6 0.007118
10 0.007121
10 0.007121
10 0.007123
10 0.007124
6 0.007127
6 0.007130
7 0.007138
6 0.007153
6 0.007153
6 0.007156
7 0.007170
12 0.007189
12 0.007191
7 0.007193
7 0.007196
7 0.007200
8 0.007222
8 0.007222
8 0.007223
8 0.007223
8 0.007232
8 0.007232
7 0.007232
8 0.007234
8 0.007234
7 0.007238
7 0.007239
8 0.007242
8 0.007242
8 0.007242
8 0.007242
7 0.007249
6 0.007290
13 0.007310
7 0.007312
13 0.007312
13 0.007313
7 0.007313
7 0.007313
8 0.007316
8 0.007316
8 0.007317
8 0.007317
8 0.007333
8 0.007333
8 0.007334
8 0.007334
7 0.007335
7 0.007335
7 0.007343
7 0.007345
8 0.007346
8 0.007346
8 0.007415
8 0.007415
8 0.007418
8 0.007418
8 0.007437
8 0.007437
8 0.007440
8 0.007440
7 0.007452
12 0.007459
13 0.007461
13 0.007461
13 0.007464
13 0.007464
12 0.007472
12 0.007472
13 0.007475
13 0.007476
13 0.007476
7 0.007477
10 0.007505
10 0.007506
10 0.007508
8 0.007517
8 0.007517
6 0.007519
7 0.007519
13 0.007521
13 0.007524
8 0.007533
8 0.007533
8 0.007536
8 0.007536
13 0.007536
8 0.007546
8 0.007546
6 0.007548
8 0.007549
8 0.007549
7 0.007570
7 0.007571
7 0.007571
13 0.007577
13 0.007595
13 0.007595
13 0.007597
13 0.007597
13 0.007598
12 0.007599
8 0.007599
8 0.007599
13 0.007600
12 0.007600
12 0.007603
13 0.007603
8 0.007620
8 0.007620
13 0.007629
8 0.007631
8 0.007631
7 0.007692
7 0.007713
7 0.007725
6 0.007741
6 0.007743
6 0.007772
5 0.007861
5 0.007890
7 0.007892
7 0.007924
7 0.007926
7 0.007949
7 0.007952
7 0.007952
7 0.007962
6 0.008039
6 0.008045
6 0.008049
6 0.008050
6 0.008058
6 0.008070
6 0.008073
5 0.008081
6 0.008082
6 0.008091
7 0.008091
6 0.008103
5 0.008111
7 0.008118
7 0.008145
7 0.008156
7 0.008162
7 0.008162
7 0.008162
7 0.008189
7 0.008189
7 0.008199
7 0.008227
7 0.008230
6 0.008300
6 0.008313
6 0.008326
6 0.008328
6 0.008336
8 0.008345
8 0.008345
6 0.008353
6 0.008361
6 0.008361
12 0.008363
6 0.008364
12 0.008366
6 0.008369
6 0.008373
6 0.008381
6 0.008397
6 0.008405
7 0.008408
6 0.008409
8 0.008414
6 0.008454
6 0.008458
6 0.008463
7 0.008485
7 0.008485
7 0.008485
6 0.008490
6 0.008495
5 0.008518
7 0.008522
7 0.008529
5 0.008558
7 0.008558
7 0.008570
9 0.008598
7 0.008604
11 0.008694
12 0.008719
12 0.008736
12 0.008737
9 0.008756
9 0.008765
7 0.008774
9 0.008785
7 0.008790
9 0.008790
9 0.008798
9 0.008800
7 0.008801
7 0.008802
9 0.008804
9 0.008816
7 0.008817
9 0.008823
7 0.008829
12 0.008838
9 0.008852
12 0.008856
7 0.008882
7 0.008883
8 0.008897
12 0.008922
12 0.008926
12 0.008927
9 0.008934
9 0.008936
9 0.008942
8 0.009017
5 0.009045
8 0.009064
5 0.009085
5 0.009085
9 0.009123
8 0.009125
6 0.009137
6 0.009137
9 0.009178
6 0.009180
9 0.009306
6 0.009602
6 0.009602
6 0.009602
6 0.009602
5 0.009644
6 0.009649
6 0.009649
6 0.009650
5 0.009714
11 0.009773
9 0.009815
5 0.009821
6 0.009910
6 0.009910
6 0.009946
6 0.009946
6 0.009960
6 0.009997
6 0.009997
6 0.010045
6 0.010045
13 0.010046
13 0.010047
13 0.010047
11 0.010058
6 0.010064
6 0.010064
6 0.010096
6 0.010096
6 0.010097
7 0.010114
6 0.010116
6 0.010116
9 0.010117
6 0.010148
13 0.010174
13 0.010187
13 0.010190
13 0.010199
11 0.010213
13 0.010265
13 0.010265
13 0.010265
13 0.010265
13 0.010265
13 0.010265
13 0.010268
6 0.010285
13 0.010288
6 0.010316
9 0.010419
9 0.010485
13 0.010507
13 0.010508
13 0.010508
9 0.010535
9 0.010542
13 0.010563
13 0.010573
13 0.010576
9 0.010592
9 0.010612
13 0.010645
13 0.010665
13 0.010668
13 0.010678
13 0.010745
13 0.010747
13 0.010747
13 0.010747
13 0.010747
13 0.010748
13 0.010750
13 0.010773
13 0.010828
13 0.010840
13 0.010846
13 0.010846
9 0.010854
13 0.010867
13 0.010871
13 0.010871
11 0.010999
13 0.011073
13 0.011094
13 0.011101
13 0.011127
13 0.011138
13 0.011168
13 0.011168
13 0.011178
13 0.011179
13 0.011179
13 0.011182
10 0.011212
13 0.011228
13 0.011230
13 0.011230
13 0.011247
8 0.011319
8 0.011319
13 0.011382
8 0.011390
8 0.011390
8 0.011393
8 0.011393
8 0.011410
8 0.011410
13 0.011416
13 0.011419
13 0.011431
11 0.011439
11 0.011439
11 0.011456
11 0.011462
8 0.011465
8 0.011465
11 0.011480
8 0.011486
8 0.011486
11 0.011486
13 0.011496
13 0.011502
13 0.011502
13 0.011504
13 0.011504
13 0.011504
13 0.011507
8 0.011529
13 0.011533
8 0.011551
8 0.011628
11 0.011718
7 0.011778
5 0.011786
7 0.011834
5 0.011897
8 0.011901
8 0.011901
8 0.011917
8 0.011917
11 0.011941
12 0.011966
12 0.011982
8 0.011999
8 0.011999
11 0.012016
7 0.012151
9 0.012178
9 0.012238
8 0.012278
8 0.012298
8 0.012365
8 0.012385
8 0.012426
9 0.012443
12 0.012449
7 0.012461
12 0.012466
12 0.012466
13 0.012479
13 0.012481
13 0.012482
8 0.012515
12 0.012646
13 0.012659
12 0.012680
12 0.012684
13 0.012725
13 0.012728
13 0.012743
11 0.012768
13 0.012801
13 0.012817
13 0.012817
13 0.012820
13 0.012820
13 0.012821
13 0.012823
13 0.012856
10 0.012997
12 0.013145
12 0.013155
12 0.013157
12 0.013164
12 0.013197
11 0.013205
11 0.013205
11 0.013207
11 0.013246
11 0.013246
10 0.013260
12 0.013309
11 0.013328
12 0.013329
12 0.013329
11 0.013376
11 0.013376
11 0.013402
6 0.013445
11 0.013478
6 0.013488
10 0.013727
6 0.013744
11 0.013787
11 0.013824
11 0.013836
11 0.013935
9 0.013948
9 0.013948
11 0.013970
11 0.014194
12 0.014383
12 0.014387
11 0.014392
11 0.014439
11 0.014477
6 0.014584
11 0.014658
9 0.014721
9 0.014738
11 0.014756
11 0.014756
11 0.014767
11 0.014767
11 0.014767
6 0.014782
6 0.014799
12 0.014799
12 0.014824
12 0.014824
9 0.014861
9 0.014861
9 0.014876
9 0.014876
11 0.014944
8 0.014971
8 0.014971
8 0.015003
8 0.015003
12 0.015046
6 0.015046
12 0.015050
12 0.015052
13 0.015065
13 0.015071
13 0.015073
6 0.015075
7 0.015094
7 0.015094
8 0.015101
8 0.015101
11 0.015126
13 0.015306
13 0.015315
13 0.015320
13 0.015320
13 0.015339
13 0.015341
13 0.015341
13 0.015461
13 0.015467
13 0.015488
13 0.015513
13 0.015559
13 0.015562
13 0.015562
13 0.015568
13 0.015568
13 0.015570
13 0.015570
11 0.015618
13 0.015622
11 0.015676
10 0.015715
10 0.015735
8 0.015780
8 0.015780
11 0.015788
10 0.015831
11 0.015847
11 0.015858
8 0.015878
8 0.015878
11 0.015895
8 0.015924
8 0.015924
10 0.015928
10 0.015928
9 0.015965
9 0.015965
8 0.016024
8 0.016024
11 0.016033
11 0.016066
10 0.016203
10 0.016225
11 0.016360
10 0.016755
10 0.016926
7 0.017236
12 0.017310
12 0.017319
9 0.017498
13 0.017631
13 0.017632
13 0.017633
13 0.017821
13 0.017864
13 0.017868
12 0.017881
13 0.017882
12 0.017916
12 0.017916
13 0.017963
13 0.017971
13 0.017971
13 0.017973
13 0.017973
13 0.017973
13 0.017977
13 0.018008
12 0.018278
12 0.018288
12 0.018288
11 0.018624
8 0.018769
8 0.018853
9 0.018920
9 0.018966
9 0.019084
13 0.019102
13 0.019105
13 0.019106
11 0.019142
11 0.019142
11 0.019142
13 0.019318
13 0.019389
13 0.019393
13 0.019410
13 0.019485
13 0.019502
13 0.019502
13 0.019505
13 0.019505
13 0.019506
13 0.019509
13 0.019547
8 0.019620
8 0.019693
8 0.019703
7 0.019777
8 0.019816
10 0.019831
8 0.019843
8 0.019918
7 0.019935
7 0.019997
10 0.020022
10 0.020022
11 0.020194
9 0.020294
9 0.020399
10 0.020560
9 0.020562
10 0.020587
10 0.020665
10 0.020692
7 0.020735
10 0.020819
9 0.021023
8 0.021569
8 0.021569
13 0.021628
13 0.021633
13 0.021634
8 0.021680
8 0.021680
8 0.021691
8 0.021691
7 0.021783
13 0.021888
13 0.022021
13 0.022026
13 0.022048
10 0.022067
13 0.022103
13 0.022142
13 0.022142
13 0.022147
13 0.022147
13 0.022149
13 0.022151
11 0.022175
10 0.022180
13 0.022201
10 0.022256
9 0.022374
11 0.022397
10 0.022400
10 0.022478
9 0.022502
12 0.022596
12 0.022622
12 0.022622
11 0.022638
11 0.022644
11 0.022644
9 0.022700
11 0.022720
11 0.022720
9 0.022736
9 0.022838
13 0.022971
13 0.022995
13 0.023001
9 0.023042
11 0.023178
8 0.023394
8 0.023394
9 0.023404
9 0.023408
9 0.023416
8 0.023424
8 0.023424
13 0.023425
13 0.023472
13 0.023484
13 0.023484
13 0.023524
8 0.023525
8 0.023525
13 0.023534
13 0.023534
8 0.023555
8 0.023555
7 0.023604
13 0.023913
13 0.024041
13 0.024079
13 0.024092
10 0.024130
13 0.024144
13 0.024146
13 0.024146
13 0.024167
13 0.024173
13 0.024173
13 0.024180
10 0.024274
10 0.024275
13 0.024301
10 0.024486
10 0.024488
6 0.024600
6 0.024600
7 0.024612
7 0.024894
7 0.024898
6 0.024912
7 0.024925
8 0.025045
8 0.025045
8 0.025079
8 0.025079
8 0.025282
10 0.025379
9 0.025380
12 0.025598
12 0.025631
12 0.025631
10 0.025638
8 0.025651
8 0.025654
9 0.025731
9 0.025808
10 0.025837
9 0.025840
9 0.025849
9 0.025977
10 0.026106
12 0.026140
9 0.026142
9 0.026146
9 0.026156
12 0.026175
9 0.026632
9 0.026639
13 0.026799
13 0.026811
13 0.026814
9 0.026828
8 0.026892
8 0.026985
13 0.027158
10 0.027198
7 0.027264
7 0.027339
7 0.027339
12 0.027363
7 0.027417
12 0.027435
12 0.027446
13 0.027469
13 0.027478
13 0.027491
13 0.027512
7 0.027535
7 0.027567
13 0.027593
13 0.027593
13 0.027606
13 0.027606
13 0.027607
13 0.027609
8 0.027684
8 0.027684
7 0.027684
8 0.027686
8 0.027686
13 0.027690
8 0.027703
8 0.027703
8 0.027705
8 0.027705
10 0.027725
10 0.027813
10 0.027816
7 0.027844
10 0.027862
12 0.028413
12 0.028437
12 0.028453
12 0.028571
6 0.028594
12 0.028662
10 0.028709
10 0.028915
9 0.029069
7 0.029120
10 0.029217
9 0.029241
9 0.029241
9 0.029276
9 0.029280
9 0.029286
9 0.029486
9 0.029612
9 0.029621
9 0.029667
13 0.029786
13 0.029791
13 0.029793
9 0.029825
9 0.029831
9 0.029834
4 0.030052
4 0.030053
13 0.030074
10 0.030109
7 0.030124
10 0.030151
10 0.030187
13 0.030204
13 0.030210
10 0.030230
9 0.030234
13 0.030234
9 0.030244
7 0.030265
13 0.030310
11 0.030333
13 0.030345
13 0.030345
13 0.030350
13 0.030350
13 0.030352
13 0.030355
7 0.030405
13 0.030408
4 0.030547
7 0.030581
9 0.030587
11 0.030731
8 0.030765
8 0.030765
11 0.030815
8 0.030817
8 0.030817
8 0.030819
8 0.030819
12 0.030874
12 0.030893
11 0.030954
4 0.031023
4 0.031026
8 0.031124
10 0.031188
7 0.031229
10 0.031233
10 0.031233
8 0.031433
8 0.031433
11 0.031458
11 0.031513
7 0.031586
8 0.031621
8 0.031621
8 0.031689
12 0.031746
12 0.031797
12 0.031797
4 0.031856
8 0.031983
8 0.031983
12 0.032420
12 0.032436
12 0.032441
4 0.032714
4 0.032718
9 0.033764
9 0.033764
8 0.033841
10 0.033887
10 0.033887
11 0.033935
11 0.033935
11 0.033935
11 0.033935
11 0.033935
10 0.033940
9 0.034046
9 0.034046
10 0.034065
8 0.034115
10 0.034118
9 0.034195
13 0.034243
13 0.034253
13 0.034255
4 0.034306
9 0.034342
9 0.034355
10 0.034408
9 0.034495
8 0.034510
9 0.034512
9 0.034527
9 0.034527
13 0.034599
9 0.034650
9 0.034650
9 0.034650
10 0.034740
10 0.034770
10 0.034773
10 0.034774
10 0.034777
8 0.034795
13 0.034836
13 0.034844
13 0.034876
13 0.034912
9 0.034962
9 0.034979
13 0.034984
13 0.034984
9 0.034987
13 0.034994
13 0.034994
13 0.034996
13 0.034997
9 0.035021
9 0.035021
13 0.035071
10 0.035078
9 0.035130
9 0.035130
9 0.035130
10 0.035224
10 0.035268
10 0.035416
9 0.035427
9 0.035427
11 0.035567
10 0.035601
10 0.035605
10 0.035750
7 0.035806
9 0.035830
10 0.035831
11 0.035832
11 0.035865
11 0.035865
9 0.035965
9 0.035965
9 0.035965
7 0.036006
7 0.036006
9 0.036119
9 0.036127
9 0.036127
11 0.036141
4 0.036156
4 0.036166
9 0.036223
9 0.036235
9 0.036235
11 0.036450
11 0.036450
7 0.036454
7 0.036454
7 0.036454
11 0.036543
11 0.036543
9 0.036551
9 0.036551
9 0.036551
9 0.036689
11 0.036829
11 0.037150
11 0.037150
7 0.037391
11 0.037544
4 0.037770
4 0.037835
4 0.037835
11 0.038444
4 0.038587
4 0.038656
10 0.038858
6 0.038915
10 0.038953
7 0.038983
4 0.039051
4 0.039122
4 0.039122
10 0.039469
10 0.039568
4 0.039999
8 0.040165
4 0.040411
11 0.040424
12 0.040453
8 0.040472
4 0.040487
12 0.040502
12 0.040502
8 0.040514
7 0.040821
8 0.041067
8 0.041110
6 0.041135
7 0.041183
4 0.041216
4 0.041294
4 0.041294
7 0.041380
7 0.041434
7 0.041447
7 0.041521
6 0.041605
9 0.041751
9 0.041776
9 0.041788
9 0.041859
7 0.041973
7 0.042041
6 0.042063
7 0.042118
6 0.042137
9 0.042335
13 0.042451
13 0.042499
13 0.042511
9 0.042669
9 0.042710
10 0.042915
10 0.042915
9 0.043037
13 0.043172
13 0.043267
13 0.043289
13 0.043289
13 0.043309
13 0.043330
13 0.043335
13 0.043355
13 0.043375
13 0.043375
10 0.043376
10 0.043376
10 0.043662
11 0.043666
4 0.043785
13 0.043814
4 0.043873
9 0.043894
13 0.044017
10 0.044059
10 0.044059
9 0.044102
10 0.044140
10 0.044140
11 0.044213
13 0.044239
13 0.044317
13 0.044362
13 0.044375
13 0.044427
13 0.044456
13 0.044478
13 0.044478
13 0.044480
11 0.044500
13 0.044501
13 0.044501
13 0.044514
13 0.044521
13 0.044523
13 0.044523
13 0.044529
13 0.044531
13 0.044531
13 0.044544
13 0.044570
11 0.044593
13 0.044649
6 0.044659
13 0.044752
10 0.044847
11 0.045118
10 0.045151
10 0.045157
4 0.045411
8 0.045428
4 0.045506
4 0.045506
11 0.045554
4 0.045782
4 0.045782
4 0.045816
8 0.045922
11 0.045994
11 0.046094
8 0.046179
10 0.046460
11 0.046501
11 0.046603
3 0.046613
8 0.046690
5 0.046835
10 0.046847
7 0.046902
8 0.046994
8 0.047105
8 0.047114
7 0.047272
8 0.047415
11 0.047517
10 0.047520
8 0.047538
7 0.047664
10 0.047771
10 0.047879
7 0.048019
7 0.048047
7 0.048165
7 0.048165
11 0.048335
8 0.048361
10 0.048389
11 0.048410
11 0.048410
11 0.048440
12 0.048461
12 0.048532
11 0.048840
11 0.048871
3 0.048940
7 0.048969
10 0.048976
10 0.048976
11 0.049198
7 0.049273
7 0.049412
7 0.049657
10 0.049848
9 0.049870
9 0.049886
9 0.049886
9 0.049922
9 0.049922
12 0.049941
5 0.050167
12 0.050365
5 0.050456
8 0.050467
12 0.050492
12 0.050492
9 0.050615
9 0.050615
9 0.050615
13 0.050861
13 0.050875
13 0.050879
8 0.051075
12 0.051203
12 0.051282
12 0.051282
13 0.051329
9 0.051358
9 0.051358
4 0.051512
4 0.051552
4 0.051635
13 0.051712
9 0.051720
9 0.051720
13 0.051723
9 0.051732
9 0.051749
9 0.051749
13 0.051768
5 0.051781
8 0.051937
13 0.052006
12 0.052067
3 0.052080
3 0.052080
3 0.052091
8 0.052094
3 0.052115
3 0.052151
3 0.052186
12 0.052383
12 0.052425
12 0.052466
9 0.052941
9 0.052941
8 0.053084
9 0.053100
3 0.053323
3 0.053353
3 0.053359
3 0.053419
3 0.053428
3 0.053434
5 0.053583
9 0.053606
9 0.053755
9 0.053755
9 0.053755
11 0.053833
10 0.053940
5 0.054136
9 0.054159
5 0.054472
9 0.054942
5 0.055113
10 0.055121
10 0.055127
7 0.055374
7 0.055374
5 0.055428
4 0.055953
4 0.055953
4 0.055953
8 0.055969
5 0.056019
5 0.056023
4 0.056098
4 0.056098
4 0.056098
4 0.056098
5 0.056121
5 0.056250
11 0.056396
5 0.056440
3 0.056530
3 0.056571
7 0.056603
3 0.056655
3 0.056661
5 0.056674
4 0.056740
4 0.056740
4 0.056741
5 0.056805
10 0.057071
5 0.057116
5 0.057211
8 0.057221
10 0.057225
10 0.057326
10 0.057481
5 0.057661
7 0.057837
4 0.058010
4 0.058010
4 0.058015
11 0.058091
5 0.058148
5 0.058490
7 0.058675
6 0.059435
6 0.059534
4 0.059586
4 0.059586
4 0.059586
6 0.059776
10 0.059859
7 0.059873
3 0.060326
11 0.060415
11 0.060415
11 0.061069
10 0.061166
10 0.061166
11 0.061628
4 0.061742
4 0.061743
4 0.061752
10 0.062108
4 0.062354
10 0.062473
10 0.062473
3 0.062500
11 0.062548
11 0.063374
6 0.063408
11 0.063478
11 0.063478
6 0.063521
6 0.063538
6 0.063575
6 0.063668
6 0.063689
3 0.063773
3 0.063814
3 0.063825
6 0.063840
10 0.063898
10 0.063898
3 0.063904
3 0.063920
3 0.063932
6 0.064011
6 0.064163
6 0.064354
4 0.064576
4 0.064576
4 0.064576
5 0.064577
6 0.064594
9 0.064637
9 0.064664
9 0.064664
9 0.064725
9 0.064725
6 0.064803
6 0.064825
6 0.064828
5 0.064831
10 0.064927
10 0.064927
6 0.065158
3 0.065167
3 0.065222
3 0.065333
5 0.065383
13 0.065395
6 0.065427
13 0.065429
13 0.065438
6 0.065514
6 0.065603
11 0.065634
11 0.065634
3 0.065658
3 0.065714
3 0.065714
3 0.065800
3 0.065827
3 0.065827
3 0.065914
3 0.065914
6 0.065924
6 0.066005
5 0.066006
13 0.066079
6 0.066291
6 0.066569
13 0.066956
13 0.066975
13 0.067050
6 0.067169
3 0.067171
9 0.067229
9 0.067229
3 0.067229
3 0.067229
9 0.067259
9 0.067278
9 0.067278
13 0.067314
3 0.067347
3 0.067348
3 0.067348
9 0.067465
9 0.067490
9 0.067490
9 0.067519
9 0.067519
9 0.067585
9 0.067585
3 0.067806
4 0.067962
4 0.067962
6 0.068018
4 0.068037
4 0.068176
4 0.068176
4 0.068251
4 0.068251
3 0.068400
3 0.068412
3 0.068460
3 0.068460
3 0.068470
3 0.068535
3 0.068535
3 0.068583
3 0.068583
4 0.068819
4 0.068820
4 0.068839
6 0.069036
3 0.069070
9 0.069273
7 0.069314
6 0.069454
6 0.069498
6 0.069634
6 0.069655
5 0.069893
3 0.069955
3 0.069957
7 0.070185
7 0.070185
6 0.070190
5 0.070388
8 0.070447
13 0.070582
9 0.070586
9 0.070586
10 0.070592
9 0.070658
9 0.070658
13 0.070664
6 0.070667
13 0.070686
9 0.070690
9 0.070690
6 0.070840
6 0.070994
8 0.071169
6 0.071204
13 0.071643
7 0.072013
7 0.072013
6 0.072055
4 0.072056
4 0.072064
6 0.072144
5 0.072575
10 0.072886
13 0.072999
13 0.073803
13 0.073803
13 0.073860
13 0.073883
13 0.073893
13 0.073893
13 0.073917
13 0.073921
10 0.074052
13 0.074065
13 0.074245
10 0.074283
6 0.074793
4 0.074994
4 0.074994
4 0.074994
6 0.075174
10 0.075494
7 0.075936
3 0.076864
6 0.076982
3 0.077017
12 0.077190
12 0.077310
12 0.077310
6 0.077480
6 0.077730
4 0.077906
4 0.077922
10 0.078821
10 0.078839
10 0.078839
3 0.078942
3 0.078960
3 0.080007
6 0.080024
10 0.080392
10 0.080392
10 0.080412
10 0.080412
2 0.080510
3 0.080800
3 0.080884
3 0.080884
3 0.081056
3 0.081056
5 0.081243
13 0.081469
4 0.081505
3 0.081558
3 0.081607
3 0.081644
3 0.081644
3 0.081693
3 0.081693
3 0.081715
5 0.081726
4 0.081813
4 0.081813
3 0.081819
3 0.081819
3 0.081823
3 0.081868
3 0.081868
3 0.081890
3 0.082005
2 0.082052
3 0.082200
3 0.082341
11 0.082450
11 0.082450
10 0.082768
10 0.082768
10 0.082788
10 0.082788
6 0.083112
7 0.083278
12 0.083577
6 0.083696
12 0.083787
12 0.083787
10 0.083829
6 0.083957
6 0.084174
6 0.084284
2 0.084372
6 0.084438
2 0.084577
6 0.084769
5 0.084778
6 0.084786
4 0.084901
8 0.084947
8 0.084969
2 0.085014
4 0.085018
4 0.085018
11 0.085605
11 0.085605
4 0.086055
4 0.086056
6 0.086085
3 0.086101
4 0.086112
5 0.086169
3 0.086178
3 0.086178
13 0.086505
9 0.086535
9 0.086535
9 0.086625
10 0.086730
6 0.086811
12 0.087222
12 0.087222
12 0.087374
5 0.087383
6 0.087486
6 0.087498
8 0.087612
8 0.087635
11 0.087726
13 0.087862
3 0.087922
6 0.088007
11 0.088062
6 0.088107
6 0.088173
5 0.088273
3 0.088340
6 0.088464
6 0.088624
9 0.088731
9 0.088731
5 0.088792
6 0.088805
6 0.088834
6 0.088871
5 0.088900
6 0.088923
2 0.088972
6 0.089004
8 0.089087
8 0.089111
4 0.089148
6 0.089197
2 0.089200
4 0.089277
5 0.089299
5 0.089328
6 0.089449
6 0.089473
4 0.089523
4 0.089556
3 0.089595
3 0.089595
3 0.089595
3 0.089597
3 0.089597
3 0.089599
6 0.089643
5 0.089723
5 0.089757
5 0.089785
6 0.089828
2 0.089941
6 0.089943
6 0.089958
6 0.090084
5 0.090116
5 0.090159
6 0.090164
2 0.090174
6 0.090219
6 0.090262
5 0.090541
5 0.090596
6 0.091092
5 0.091282
11 0.091299
2 0.091301
5 0.091310
2 0.091385
6 0.091438
5 0.091651
4 0.091663
6 0.091794
4 0.091799
4 0.091799
6 0.091803
6 0.091903
5 0.092129
6 0.092133
6 0.092146
5 0.092158
5 0.092186
6 0.092207
6 0.092328
6 0.092462
6 0.092503
6 0.092859
5 0.092939
2 0.092981
6 0.092996
6 0.093485
3 0.093606
3 0.093606
3 0.093606
3 0.093608
3 0.093608
3 0.093610
5 0.093838
6 0.093849
13 0.093857
5 0.093876
13 0.093907
3 0.093909
6 0.093910
13 0.093921
6 0.093959
6 0.093961
5 0.094063
10 0.094180
10 0.094180
10 0.094206
10 0.094206
5 0.094231
8 0.094438
8 0.094438
5 0.094712
5 0.094736
13 0.094752
8 0.094923
8 0.094923
5 0.094984
9 0.095008
5 0.095134
5 0.095194
6 0.095438
6 0.095470
5 0.095724
5 0.095765
13 0.096070
13 0.096097
13 0.096200
6 0.096454
5 0.096462
13 0.096500
8 0.096618
8 0.096618
8 0.096618
8 0.096618
8 0.096618
8 0.096618
8 0.096618
8 0.096618
5 0.096656
5 0.096660
6 0.096713
5 0.096719
5 0.096720
5 0.096734
3 0.096795
6 0.096865
5 0.097072
9 0.097151
9 0.097151
9 0.097213
9 0.097254
9 0.097254
6 0.097358
5 0.097583
8 0.097618
8 0.097647
6 0.097817
10 0.097857
10 0.097857
10 0.097886
6 0.097890
5 0.098031
5 0.098031
5 0.098095
6 0.098372
6 0.098415
5 0.098417
5 0.098424
10 0.098483
9 0.098634
5 0.098781
6 0.098959
2 0.098987
5 0.099008
6 0.099060
5 0.099074
2 0.099268
2 0.099270
6 0.099326
3 0.099352
5 0.099425
3 0.099479
4 0.099526
6 0.099535
4 0.099687
3 0.099739
6 0.099888
6 0.099904
8 0.099930
8 0.099960
5 0.100052
6 0.100109
3 0.100535
3 0.100535
3 0.100536
3 0.100537
3 0.100540
11 0.100553
11 0.100553
6 0.100569
7 0.100663
6 0.100697
5 0.100729
6 0.100978
5 0.101344
6 0.101491
5 0.101737
6 0.101748
11 0.101864
5 0.101908
5 0.101979
5 0.102006
2 0.102070
11 0.102354
2 0.102370
5 0.102570
5 0.102699
3 0.103116
3 0.103285
5 0.103343
10 0.103370
3 0.103392
6 0.103412
3 0.103428
3 0.103565
3 0.103705
9 0.103741
9 0.103741
9 0.103812
9 0.103858
9 0.103858
6 0.103864
10 0.104123
6 0.104211
6 0.104268
4 0.104550
6 0.104696
4 0.104727
4 0.104727
7 0.104920
5 0.104992
6 0.105131
6 0.105426
2 0.105705
2 0.105750
6 0.105832
6 0.105965
6 0.106296
5 0.106447
4 0.106661
4 0.106663
4 0.106665
11 0.106838
5 0.106849
6 0.106863
10 0.106998
6 0.107127
6 0.107347
6 0.107355
6 0.107434
6 0.107499
6 0.107800
6 0.107916
6 0.107981
3 0.108164
3 0.108164
3 0.108250
3 0.108250
3 0.108289
3 0.108322
5 0.108356
5 0.108531
6 0.108568
6 0.108575
13 0.108946
6 0.109052
5 0.109073
13 0.109079
13 0.109113
3 0.109292
3 0.109294
3 0.109297
3 0.109311
3 0.109313
3 0.109329
6 0.109542
5 0.109731
9 0.109926
9 0.110059
5 0.110087
6 0.110171
6 0.110226
13 0.110441
5 0.110583
5 0.110634
3 0.110836
6 0.110884
6 0.110939
3 0.110994
3 0.110997
3 0.111317
3 0.111320
5 0.111321
3 0.111323
4 0.111565
4 0.111565
4 0.111565
4 0.111565
4 0.111567
4 0.111567
4 0.111567
4 0.111567
6 0.111759
5 0.111881
6 0.111903
5 0.112078
10 0.112221
3 0.112246
4 0.112249
4 0.112249
4 0.112250
9 0.112334
10 0.112423
6 0.112476
2 0.112744
2 0.112791
4 0.112833
4 0.112833
4 0.112834
4 0.112834
6 0.112899
6 0.113098
6 0.113222
9 0.113494
10 0.113675
5 0.113727
5 0.113875
10 0.113986
13 0.114011
3 0.114055
13 0.114067
3 0.114158
3 0.114228
6 0.114243
13 0.114283
13 0.114427
3 0.114431
3 0.114496
3 0.114511
3 0.114512
3 0.114515
3 0.114516
3 0.114518
3 0.114522
3 0.114567
5 0.114658
6 0.114863
10 0.115009
5 0.115197
6 0.115280
6 0.115286
4 0.115462
4 0.115462
4 0.115462
3 0.115500
3 0.115596
3 0.115678
3 0.115810
5 0.115909
3 0.116026
9 0.116063
3 0.116158
5 0.117155
5 0.117186
3 0.117252
3 0.117435
3 0.117437
3 0.117443
3 0.117794
3 0.117800
3 0.117801
6 0.118156
3 0.118202
6 0.118882
2 0.119042
3 0.119223
3 0.119226
3 0.119229
2 0.119328
2 0.119450
5 0.119472
3 0.119644
3 0.119647
2 0.119739
3 0.119830
13 0.120067
6 0.120405
10 0.120584
3 0.120651
3 0.120654
5 0.120661
5 0.120705
10 0.120715
3 0.120752
6 0.120769
4 0.120843
4 0.120843
4 0.120867
3 0.121046
4 0.121065
4 0.121176
3 0.121202
3 0.121225
2 0.121612
11 0.121714
6 0.121767
6 0.121850
4 0.122064
4 0.122064
4 0.122067
2 0.122228
2 0.122262
2 0.122390
2 0.122391
2 0.122425
2 0.122497
2 0.122680
2 0.122688
2 0.122698
2 0.122760
4 0.122835
2 0.122844
2 0.122862
2 0.122874
6 0.122901
2 0.122939
2 0.123075
2 0.123075
4 0.123080
2 0.123126
2 0.123139
2 0.123166
2 0.123512
2 0.123512
3 0.123543
5 0.123545
2 0.123592
2 0.123603
2 0.123603
6 0.124333
5 0.124573
2 0.124674
2 0.124843
2 0.125009
2 0.125043
2 0.125116
5 0.125139
11 0.125141
5 0.125166
10 0.125282
10 0.125282
10 0.125329
1 0.125528
1 0.125649
1 0.125880
6 0.125913
3 0.125968
3 0.125968
3 0.125970
3 0.125970
3 0.125971
3 0.125971
2 0.126042
6 0.126043
5 0.126112
2 0.126473
2 0.126501
7 0.126630
5 0.126764
6 0.126999
5 0.127601
10 0.127665
6 0.127719
3 0.127747
4 0.127890
4 0.127890
4 0.127890
3 0.128035
7 0.128386
5 0.128546
12 0.128783
6 0.128911
6 0.128932
6 0.129051
12 0.129116
12 0.129116
5 0.129139
3 0.129454
3 0.129673
3 0.129889
3 0.129895
3 0.130070
3 0.130115
6 0.130234
3 0.130332
2 0.130437
2 0.130559
2 0.130927
2 0.130946
11 0.131148
6 0.131209
3 0.131259
5 0.131960
6 0.132172
9 0.132485
9 0.132485
9 0.132485
3 0.132770
6 0.132855
3 0.132881
6 0.133026
8 0.133280
7 0.133708
10 0.133887
3 0.134008
3 0.134146
3 0.134150
3 0.134235
3 0.134239
3 0.134243
3 0.134248
3 0.134248
3 0.134337
3 0.134340
10 0.134409
6 0.134438
11 0.134517
8 0.134644
2 0.134687
2 0.134688
8 0.134698
3 0.134716
3 0.134716
2 0.134854
3 0.134863
2 0.135007
2 0.135052
2 0.135066
5 0.135199
2 0.135264
6 0.135345
2 0.135372
3 0.135385
3 0.135427
3 0.135446
3 0.135529
3 0.135561
3 0.135580
3 0.135975
3 0.136036
3 0.136160
3 0.136172
3 0.136237
9 0.136333
9 0.136333
3 0.136346
3 0.136350
3 0.136526
3 0.136529
3 0.136534
4 0.136547
4 0.136547
4 0.136551
4 0.136555
3 0.136705
6 0.136805
4 0.136857
4 0.136857
3 0.136944
3 0.137165
3 0.137303
3 0.137507
3 0.137569
3 0.137708
3 0.137725
5 0.138212
4 0.138256
4 0.138256
4 0.138303
3 0.138795
3 0.138799
3 0.138801
3 0.138805
3 0.138810
3 0.139102
3 0.139103
3 0.139358
3 0.139361
3 0.139361
3 0.139362
3 0.139362
4 0.139375
4 0.139376
3 0.139862
3 0.139862
3 0.139865
3 0.139865
3 0.139866
3 0.139866
7 0.139958
3 0.139961
7 0.140095
4 0.140277
2 0.140905
2 0.140907
2 0.140990
2 0.141022
6 0.141269
6 0.141525
2 0.141697
3 0.141724
5 0.141948
5 0.142337
6 0.142361
11 0.142450
3 0.142478
10 0.143082
3 0.143369
6 0.143507
3 0.143577
3 0.143616
3 0.143672
8 0.143740
8 0.143740
8 0.143740
3 0.143823
3 0.143871
8 0.143906
3 0.143939
11 0.143988
8 0.144050
8 0.144050
3 0.144091
3 0.144173
10 0.144530
8 0.144575
8 0.144575
3 0.144720
6 0.144919
6 0.145182
3 0.145725
6 0.146062
5 0.146553
6 0.147057
8 0.147210
2 0.147465
7 0.147754
7 0.148324
2 0.148487
4 0.148496
2 0.148502
2 0.148522
4 0.148531
6 0.148540
2 0.148551
6 0.149211
3 0.149443
3 0.149517
3 0.149681
3 0.150024
6 0.150085
3 0.150115
3 0.150119
10 0.150128
6 0.150141
3 0.150178
3 0.150183
3 0.150188
5 0.150473
3 0.150606
2 0.150873
2 0.150910
2 0.151207
7 0.151217
2 0.151357
3 0.151399
2 0.151691
6 0.152209
5 0.152294
6 0.152381
2 0.152671
4 0.153322
4 0.153322
4 0.153322
2 0.153344
3 0.153770
3 0.153796
3 0.153848
3 0.153897
3 0.153969
3 0.154022
6 0.155222
3 0.156097
7 0.156226
2 0.156245
2 0.156285
2 0.156377
1 0.157387
1 0.157482
6 0.157771
5 0.158274
3 0.158798
3 0.158895
3 0.158953
13 0.159122
3 0.159202
1 0.159241
13 0.159319
13 0.159373
7 0.159439
1 0.159455
1 0.159493
1 0.159795
11 0.160901
13 0.161150
6 0.161262
1 0.162287
3 0.162289
3 0.162291
3 0.162306
11 0.162338
1 0.162571
3 0.162901
3 0.162901
3 0.162906
3 0.162906
3 0.162913
3 0.162913
1 0.162943
1 0.162992
1 0.163113
1 0.163398
4 0.163461
3 0.163698
6 0.164647
2 0.164952
1 0.165335
2 0.165431
2 0.165431
6 0.165986
1 0.166452
13 0.166489
13 0.166570
1 0.166637
1 0.166762
1 0.166852
13 0.166881
13 0.166942
6 0.167137
4 0.167258
4 0.167258
1 0.167259
4 0.167263
11 0.167280
3 0.167332
1 0.167520
4 0.167932
4 0.168145
4 0.168145
1 0.168268
1 0.168682
1 0.168929
1 0.168944
1 0.169079
6 0.169085
1 0.169165
1 0.169167
1 0.169174
1 0.169329
1 0.169394
1 0.169397
1 0.169551
1 0.169584
1 0.169585
1 0.169613
1 0.169620
8 0.169779
1 0.169794
1 0.169815
1 0.169817
1 0.170034
1 0.170042
1 0.170063
6 0.170152
6 0.170279
1 0.170286
1 0.170443
3 0.170486
3 0.170486
3 0.170490
3 0.170490
3 0.170491
3 0.170492
3 0.170492
3 0.170496
3 0.170496
3 0.170498
3 0.170498
3 0.170499
3 0.170503
3 0.170503
3 0.170504
3 0.170504
2 0.171083
2 0.171130
6 0.172090
4 0.172253
4 0.172253
4 0.172256
4 0.172256
4 0.172734
4 0.172738
4 0.172738
11 0.172980
5 0.173187
6 0.173530
6 0.174125
1 0.174388
8 0.174551
1 0.174740
11 0.175131
6 0.175300
1 0.175311
6 0.175599
4 0.175685
4 0.175762
6 0.175936
1 0.176366
1 0.176503
1 0.176560
1 0.176606
10 0.176678
1 0.177063
1 0.177092
11 0.177462
1 0.177683
3 0.177871
8 0.178090
10 0.178160
2 0.178286
3 0.178308
3 0.178315
1 0.178323
3 0.178637
3 0.178644
3 0.178651
2 0.178751
6 0.179110
4 0.179616
4 0.179617
3 0.179657
4 0.179750
1 0.179912
3 0.179991
3 0.179991
3 0.180302
12 0.180310
3 0.180435
3 0.180438
3 0.180438
2 0.180801
5 0.180880
1 0.180909
1 0.181407
6 0.181620
2 0.181692
2 0.181745
9 0.182240
1 0.182245
6 0.183630
1 0.183651
1 0.183801
3 0.183847
3 0.183959
1 0.184115
1 0.184144
3 0.184206
3 0.184255
1 0.184377
1 0.184551
1 0.184610
1 0.184747
1 0.184814
1 0.184874
1 0.185067
1 0.185179
1 0.185246
1 0.185315
4 0.185405
3 0.185607
4 0.185664
7 0.186710
2 0.186932
2 0.187023
6 0.187080
1 0.187310
1 0.187484
1 0.187581
6 0.187970
1 0.188185
12 0.188430
1 0.188770
3 0.188824
3 0.188825
3 0.188826
3 0.188828
3 0.188830
3 0.188830
9 0.188940
9 0.188943
1 0.189064
1 0.189066
1 0.189275
1 0.189325
1 0.189351
1 0.189354
6 0.189360
7 0.189500
1 0.189623
1 0.190133
2 0.190246
1 0.190466
1 0.190512
9 0.191010
2 0.191062
6 0.191070
6 0.191280
9 0.192730
9 0.192730
3 0.192860
9 0.192970
9 0.192970
3 0.192972
3 0.192983
10 0.193050
9 0.193130
9 0.193140
3 0.193227
3 0.193244
3 0.193256
9 0.193370
9 0.193370
9 0.193510
9 0.193510
9 0.193670
9 0.193920
9 0.193920
7 0.194020
11 0.194060
2 0.194167
2 0.194459
2 0.194933
2 0.194956
3 0.195397
1 0.195497
11 0.195850
3 0.196486
4 0.196625
6 0.196780
3 0.196884
3 0.196886
4 0.196917
4 0.196917
6 0.197020
6 0.197240
3 0.197415
3 0.197419
3 0.197421
3 0.197923
11 0.197980
6 0.198300
1 0.198443
9 0.198488
9 0.198488
1 0.199185
3 0.199211
3 0.199280
3 0.199321
3 0.199622
3 0.199691
3 0.200172
2 0.200481
2 0.200560
3 0.200979
3 0.201055
1 0.201162
2 0.201557
2 0.201731
6 0.204870
3 0.205056
10 0.205220
11 0.205310
11 0.205310
1 0.205549
2 0.205931
2 0.205967
1 0.206185
2 0.206287
2 0.206349
1 0.206618
2 0.207268
2 0.207336
2 0.207336
6 0.207340
3 0.207569
3 0.207570
3 0.207571
3 0.207574
3 0.207576
3 0.207577
6 0.207770
11 0.207900
6 0.208010
10 0.208550
6 0.209140
6 0.210230
1 0.210388
1 0.211530
6 0.212080
4 0.212085
1 0.212479
11 0.212720
4 0.212814
2 0.213466
2 0.213707
2 0.213723
6 0.214270
11 0.214410
7 0.214732
7 0.214732
1 0.214859
9 0.215000
9 0.215000
6 0.215400
3 0.216622
3 0.217108
3 0.217224
3 0.217661
3 0.217758
11 0.218100
3 0.218152
3 0.218275
9 0.218280
9 0.218280
3 0.219262
6 0.220360
6 0.220630
6 0.220640
1 0.220782
1 0.220867
3 0.220940
1 0.221020
1 0.221158
1 0.221158
1 0.221243
1 0.221243
4 0.221636
4 0.221636
4 0.221636
1 0.221736
1 0.221736
1 0.221875
1 0.221875
3 0.221959
1 0.221961
1 0.221960
3 0.222096
3 0.222096
3 0.222272
3 0.222291
3 0.222296
3 0.222296
2 0.222594
13 0.222700
13 0.222980
13 0.223060
2 0.223320
3 0.224990
11 0.225280
13 0.225360
11 0.226060
11 0.226060
10 0.226140
6 0.227040
1 0.228328
1 0.228746
4 0.228775
4 0.228775
4 0.228776
1 0.229174
3 0.229619
3 0.229758
3 0.230164
10 0.230200
1 0.230377
3 0.230704
3 0.230707
3 0.230713
3 0.230757
3 0.230760
3 0.230782
3 0.230890
3 0.230895
3 0.230896
2 0.230924
2 0.231244
2 0.231244
11 0.231320
3 0.231979
2 0.232923
4 0.232927
13 0.232980
3 0.233066
13 0.233090
13 0.233440
2 0.233512
13 0.233520
2 0.233533
2 0.234492
2 0.235026
7 0.235070
7 0.235070
2 0.235089
3 0.235135
3 0.235139
2 0.235381
2 0.235702
2 0.235790
2 0.235869
2 0.236092
4 0.236225
4 0.236225
4 0.236225
4 0.236748
2 0.236769
4 0.237171
2 0.237498
6 0.240780
3 0.241596
3 0.241773
3 0.241902
3 0.242200
4 0.242351
4 0.242352
3 0.242379
4 0.242446
2 0.242837
2 0.242837
2 0.242919
3 0.243010
2 0.243477
1 0.243589
7 0.243870
1 0.243951
2 0.244035
2 0.244068
1 0.244410
2 0.244426
2 0.244426
2 0.244521
2 0.244682
3 0.245019
3 0.245020
3 0.245022
3 0.245025
3 0.245027
3 0.245030
6 0.245100
1 0.245286
6 0.245440
2 0.245736
3 0.246666
3 0.248226
4 0.248358
3 0.248395
3 0.248398
7 0.248580
4 0.248613
3 0.248637
3 0.248644
3 0.248647
2 0.250170
2 0.250273
2 0.250274
2 0.250405
2 0.250509
2 0.250584
1 0.250766
1 0.251508
1 0.251687
4 0.251827
1 0.251996
1 0.252487
3 0.252923
1 0.252927
1 0.253314
3 0.254258
6 0.254560
3 0.254685
6 0.254920
3 0.255997
1 0.256259
1 0.256445
1 0.256559
1 0.256941
1 0.257792
2 0.260233
2 0.260520
2 0.260640
2 0.260686
2 0.260969
2 0.261378
2 0.262168
1 0.263207
3 0.264158
2 0.264633
3 0.265630
2 0.265660
2 0.266057
6 0.266530
2 0.267095
4 0.267299
4 0.267591
4 0.267592
4 0.267605
4 0.267838
2 0.267870
2 0.268301
11 0.269610
11 0.270490
3 0.271333
5 0.272200
2 0.272305
8 0.272320
8 0.272320
4 0.272461
4 0.272462
4 0.272462
2 0.272751
2 0.273742
2 0.273866
8 0.274200
8 0.274200
7 0.274800
8 0.276390
8 0.276390
3 0.276975
3 0.277342
8 0.278340
3 0.278373
3 0.278373
3 0.279061
3 0.279061
3 0.279070
3 0.279070
3 0.279074
3 0.279074
3 0.279942
10 0.280190
3 0.280391
3 0.280391
3 0.281253
3 0.281474
3 0.281526
3 0.281794
3 0.283008
3 0.283085
3 0.283232
3 0.284046
6 0.285770
3 0.287547
3 0.287592
3 0.287598
11 0.288010
1 0.288242
2 0.288698
2 0.288821
2 0.288836
4 0.289598
2 0.290513
4 0.290532
6 0.290620
2 0.290653
2 0.290654
3 0.291533
3 0.291577
3 0.291815
3 0.291856
3 0.292201
3 0.292439
3 0.292981
3 0.293129
3 0.293176
3 0.293219
3 0.293265
3 0.293272
13 0.294510
2 0.295499
3 0.296001
3 0.296049
3 0.296056
6 0.296320
2 0.296448
2 0.296448
1 0.297122
4 0.297239
4 0.297239
4 0.297239
2 0.297996
3 0.298139
3 0.298161
10 0.298240
1 0.298852
3 0.299372
1 0.300066
1 0.300761
1 0.300761
3 0.301397
3 0.301446
1 0.302088
1 0.302088
2 0.302243
4 0.302270
3 0.302369
4 0.302417
3 0.302625
2 0.303088
7 0.303220
3 0.303357
3 0.303407
3 0.303414
3 0.303561
3 0.303818
3 0.304164
3 0.304181
3 0.304190
3 0.304192
2 0.304246
2 0.304308
2 0.304458
3 0.304466
3 0.304471
2 0.304474
3 0.304482
3 0.304593
3 0.304598
2 0.304666
3 0.304717
2 0.304919
2 0.305407
6 0.306640
3 0.306913
3 0.307842
3 0.308427
3 0.308714
3 0.308735
3 0.308756
3 0.309432
3 0.309455
3 0.309773
7 0.311720
6 0.312220
3 0.312717
3 0.313683
13 0.314130
8 0.314170
3 0.314828
4 0.315047
4 0.315047
4 0.315048
3 0.315806
3 0.316253
3 0.316421
3 0.316626
4 0.316661
4 0.316661
4 0.316663
4 0.316663
3 0.318605
3 0.318694
2 0.318989
2 0.319317
2 0.319401
2 0.319513
13 0.319540
2 0.319561
2 0.319633
3 0.319742
3 0.319747
2 0.320043
2 0.320342
2 0.320480
2 0.321096
2 0.321097
3 0.321148
3 0.321156
3 0.321160
2 0.321559
3 0.321718
2 0.321892
2 0.322137
2 0.322394
3 0.323143
3 0.323488
10 0.323730
4 0.324251
4 0.324252
3 0.324256
4 0.324513
3 0.324852
3 0.324862
3 0.325147
3 0.325173
3 0.325201
3 0.325233
3 0.325233
3 0.325281
3 0.325281
3 0.325281
3 0.325406
3 0.325434
3 0.325468
3 0.325574
3 0.325960
8 0.326150
3 0.327140
3 0.327720
3 0.328020
4 0.328834
4 0.329280
4 0.329280
3 0.329508
3 0.330263
3 0.331568
3 0.332256
3 0.332703
3 0.332988
3 0.332988
2 0.333410
2 0.334078
3 0.334708
3 0.334768
3 0.335581
3 0.335915
3 0.335915
3 0.335954
3 0.335954
3 0.336161
3 0.336222
3 0.336231
3 0.336782
3 0.336782
6 0.337190
3 0.338238
3 0.339077
3 0.339077
3 0.342142
3 0.344025
3 0.344137
3 0.344893
3 0.345196
3 0.346065
10 0.348070
2 0.348494
2 0.348686
3 0.348726
3 0.348782
3 0.348792
3 0.348797
3 0.348804
3 0.348807
3 0.348819
3 0.349927
3 0.350303
5 0.350460
2 0.350968
3 0.351516
6 0.351640
3 0.352278
6 0.352340
3 0.352695
3 0.352847
3 0.353781
3 0.353953
3 0.354120
3 0.355043
3 0.355100
3 0.355138
3 0.356163
3 0.356351
3 0.356408
3 0.357069
3 0.358107
3 0.359149
3 0.361707
3 0.362357
3 0.362504
3 0.362516
3 0.362516
3 0.362543
3 0.362543
3 0.362543
3 0.363897
3 0.363956
3 0.363993
3 0.363996
3 0.364048
3 0.364053
3 0.364056
3 0.364616
6 0.365000
3 0.365276
3 0.365615
6 0.365750
3 0.366340
3 0.367778
3 0.368245
3 0.368319
3 0.368329
4 0.376350
4 0.376351
3 0.377166
4 0.377422
3 0.379250
10 0.379360
10 0.379360
3 0.379720
3 0.379728
3 0.380761
3 0.380778
3 0.380786
3 0.383627
3 0.384355
3 0.385284
2 0.385475
2 0.385711
2 0.386369
3 0.386751
8 0.387600
3 0.387675
1 0.390663
3 0.392558
3 0.394861
3 0.395335
3 0.395419
3 0.395679
2 0.395686
3 0.395763
3 0.395776
3 0.396471
3 0.396479
3 0.396497
2 0.397859
3 0.398230
3 0.398238
2 0.399290
2 0.399914
3 0.401128
3 0.401137
3 0.403189
4 0.403251
4 0.403920
6 0.406580
3 0.406653
2 0.407386
2 0.407660
2 0.407793
11 0.409000
4 0.409002
4 0.409001
3 0.410302
3 0.410358
1 0.410409
3 0.411233
3 0.411249
3 0.411249
3 0.411267
3 0.411283
3 0.411283
3 0.411665
4 0.411726
13 0.412270
2 0.412922
2 0.413204
2 0.413206
3 0.414518
3 0.415040
3 0.415420
11 0.416150
3 0.416743
3 0.417126
3 0.418200
2 0.418453
2 0.419190
3 0.419677
2 0.419931
2 0.420184
2 0.420207
2 0.420208
3 0.420815
3 0.421234
3 0.421250
3 0.421286
3 0.421300
3 0.421310
3 0.421330
4 0.421358
4 0.421360
4 0.421360
3 0.422063
3 0.422115
3 0.422115
3 0.422653
3 0.422653
3 0.423964
3 0.423964
3 0.427969
6 0.428820
3 0.430315
4 0.431531
3 0.432710
4 0.432940
3 0.433972
3 0.434262
3 0.435808
3 0.436710
3 0.437130
3 0.437164
3 0.437745
3 0.437886
3 0.438113
3 0.438167
3 0.438188
3 0.438188
3 0.438228
3 0.438228
3 0.438275
3 0.438275
3 0.438697
4 0.440497
4 0.440497
4 0.440497
3 0.440507
3 0.440655
3 0.440659
3 0.440716
3 0.440796
3 0.440801
3 0.440805
4 0.441289
4 0.441774
11 0.441890
3 0.442939
3 0.443143
3 0.443669
12 0.445430
3 0.445713
3 0.445713
3 0.446248
3 0.446970
10 0.447030
3 0.448413
3 0.448760
3 0.448970
3 0.449531
3 0.455390
3 0.455528
3 0.455855
3 0.456675
3 0.456911
3 0.457604
12 0.457670
4 0.460387
4 0.461259
4 0.461259
3 0.462094
2 0.462271
2 0.462299
2 0.462301
4 0.462992
4 0.463254
3 0.463958
4 0.465562
4 0.465822
3 0.466717
4 0.466845
2 0.467456
2 0.467456
2 0.467459
4 0.467461
12 0.468380
3 0.468433
3 0.468511
3 0.471797
1 0.472289
3 0.473184
1 0.474016
1 0.474932
1 0.475661
9 0.476870
9 0.476870
9 0.476870
1 0.477412
1 0.478433
1 0.479355
1 0.479366
3 0.480177
4 0.480278
4 0.480278
4 0.480278
1 0.480678
3 0.481468
1 0.481893
1 0.481940
3 0.482106
3 0.482116
1 0.482251
3 0.482306
3 0.482306
3 0.482362
3 0.482362
3 0.482411
3 0.482411
1 0.482467
3 0.483031
3 0.483046
3 0.483056
3 0.484398
1 0.486824
1 0.487043
2 0.488456
11 0.488520
2 0.489813
2 0.490402
3 0.490699
2 0.490836
3 0.491368
10 0.492130
2 0.493418
3 0.494464
4 0.494883
1 0.494899
4 0.495149
4 0.495149
4 0.495149
12 0.496280
13 0.500680
1 0.500746
10 0.503780
2 0.504243
2 0.505739
2 0.505773
3 0.509284
3 0.510540
3 0.510840
3 0.510890
3 0.511109
3 0.511200
3 0.511250
2 0.511459
3 0.511519
3 0.511529
3 0.511543
3 0.511555
3 0.511582
3 0.511596
3 0.513511
3 0.513519
3 0.513523
3 0.513525
3 0.513530
3 0.513541
13 0.513790
12 0.513870
13 0.514560
2 0.518334
2 0.518669
2 0.518696
2 0.518696
2 0.518700
2 0.519431
3 0.519870
2 0.520386
2 0.529666
3 0.530408
3 0.530433
3 0.530491
4 0.530645
4 0.530645
3 0.530893
3 0.530919
4 0.531097
3 0.531186
3 0.531472
2 0.540684
2 0.541875
2 0.543043
2 0.543440
2 0.544013
2 0.544877
3 0.545298
3 0.545348
2 0.545601
2 0.545797
2 0.546366
2 0.546797
2 0.546838
2 0.546841
2 0.547073
2 0.547097
2 0.547099
3 0.547457
2 0.547922
2 0.547961
2 0.548782
3 0.549164
1 0.549476
2 0.549798
13 0.550660
1 0.551907
9 0.552180
9 0.552180
3 0.554147
2 0.554228
2 0.556990
2 0.557751
2 0.557821
3 0.558140
3 0.559844
3 0.559939
1 0.559949
3 0.560080
3 0.560156
3 0.560251
3 0.560302
2 0.560691
1 0.562378
2 0.563453
2 0.564105
2 0.564258
1 0.564718
2 0.566223
1 0.566713
2 0.567113
2 0.568302
1 0.568606
11 0.568900
2 0.569039
3 0.569180
1 0.569200
3 0.569563
3 0.569709
3 0.569807
3 0.569900
3 0.569900
1 0.570269
2 0.570295
3 0.570470
3 0.570617
2 0.570798
3 0.570880
3 0.570880
3 0.570880
1 0.570998
3 0.571788
3 0.572620
3 0.574132
1 0.574926
1 0.575522
1 0.575581
1 0.576458
13 0.576700
1 0.577375
13 0.577600
1 0.578199
2 0.578733
1 0.579468
2 0.579651
1 0.579947
2 0.580208
1 0.580788
2 0.580835
3 0.581180
2 0.582942
2 0.584775
1 0.586083
2 0.586911
2 0.587003
1 0.587434
1 0.587539
3 0.590042
2 0.591686
1 0.595019
2 0.595921
2 0.598059
2 0.606913
2 0.608174
2 0.608836
1 0.612672
1 0.613327
1 0.613355
1 0.614419
1 0.614672
3 0.615426
1 0.615684
3 0.617154
3 0.617532
3 0.620203
3 0.620295
1 0.623905
1 0.624001
2 0.624134
2 0.624134
2 0.624139
1 0.624554
1 0.624619
1 0.625592
3 0.629279
3 0.629326
10 0.629700
3 0.631226
3 0.631248
3 0.631296
3 0.631621
1 0.633371
3 0.633391
3 0.633413
11 0.634500
2 0.634886
2 0.637313
3 0.647560
3 0.647570
3 0.647570
3 0.647590
3 0.647590
3 0.647590
10 0.649000
3 0.651418
3 0.651984
1 0.652053
3 0.652329
3 0.652441
3 0.652457
3 0.652570
3 0.652615
3 0.652633
3 0.652649
1 0.652841
1 0.652858
1 0.652900
1 0.655569
1 0.655727
1 0.656238
3 0.656917
1 0.659143
1 0.662605
1 0.663288
3 0.665627
2 0.666237
3 0.666450
3 0.666450
3 0.666450
3 0.666470
3 0.666470
3 0.666490
2 0.666685
4 0.666940
2 0.667370
2 0.668141
2 0.668146
2 0.668150
2 0.670121
4 0.670306
4 0.670310
2 0.671882
2 0.671889
1 0.672371
1 0.674350
3 0.674820
3 0.674856
3 0.674949
2 0.675217
2 0.675380
3 0.677850
3 0.680691
3 0.680716
3 0.680946
2 0.681019
3 0.681247
3 0.681270
3 0.681408
3 0.681890
2 0.682031
3 0.682048
3 0.682530
2 0.683168
2 0.683170
3 0.683344
3 0.683596
3 0.683633
3 0.685010
1 0.685046
3 0.685283
3 0.685309
3 0.685354
3 0.685365
3 0.691120
3 0.696486
3 0.697133
3 0.697803
1 0.697844
3 0.699025
3 0.699558
4 0.700029
4 0.700029
4 0.700029
1 0.700550
3 0.700624
3 0.700636
1 0.700781
1 0.701873
1 0.701922
1 0.701958
3 0.702099
3 0.702118
3 0.702129
1 0.703684
3 0.704942
4 0.704981
4 0.704987
4 0.707035
1 0.708590
3 0.708858
1 0.709943
2 0.711538
13 0.712200
2 0.712781
4 0.713413
4 0.714231
3 0.715310
1 0.716666
1 0.716752
1 0.718687
3 0.719105
1 0.719556
1 0.719588
3 0.721382
2 0.721785
3 0.722637
2 0.722646
1 0.722820
1 0.723732
1 0.723781
1 0.725262
3 0.726910
1 0.727730
3 0.727821
4 0.727876
3 0.728075
1 0.728482
3 0.728552
1 0.729118
4 0.729197
4 0.729197
1 0.729227
10 0.736900
3 0.737110
1 0.737503
3 0.738130
3 0.738627
3 0.739356
3 0.740110
1 0.740781
3 0.741051
1 0.741112
1 0.741739
1 0.741799
1 0.742554
1 0.742664
3 0.742722
3 0.743867
3 0.743937
3 0.744438
3 0.746395
3 0.746441
3 0.746469
3 0.746741
3 0.746771
3 0.746838
3 0.749934
3 0.753413
3 0.755299
3 0.755436
13 0.760600
3 0.761446
3 0.762993
3 0.762993
3 0.763133
3 0.763133
3 0.763256
4 0.763260
3 0.763680
4 0.765667
4 0.768086
1 0.768238
3 0.771280
3 0.771280
2 0.771982
2 0.772059
4 0.772091
4 0.772595
4 0.772777
2 0.772856
4 0.773260
13 0.774100
1 0.774484
4 0.775504
3 0.778347
3 0.778347
3 0.778493
3 0.778493
3 0.778621
3 0.778621
1 0.780215
3 0.784640
3 0.784640
3 0.784640
2 0.785097
2 0.785178
2 0.785188
1 0.785213
2 0.791370
2 0.791370
2 0.791381
1 0.792056
1 0.793453
1 0.794619
1 0.797250
3 0.798629
2 0.799943
2 0.800957
2 0.800957
1 0.803783
2 0.804662
2 0.804672
2 0.804676
2 0.806936
2 0.806936
1 0.807679
2 0.807968
2 0.807968
1 0.809546
3 0.810509
3 0.810568
2 0.818513
2 0.818513
3 0.819274
3 0.819320
3 0.819337
3 0.819393
3 0.819457
3 0.819470
2 0.819575
2 0.819575
3 0.821420
3 0.821430
3 0.821460
3 0.821460
3 0.821490
3 0.821490
1 0.823291
4 0.824288
4 0.824288
4 0.824288
3 0.825731
3 0.825760
3 0.825761
3 0.825787
3 0.825790
3 0.825808
3 0.826484
3 0.826792
3 0.826998
3 0.827160
3 0.827366
3 0.827422
3 0.827542
3 0.827555
3 0.827568
3 0.827581
3 0.827583
3 0.827620
3 0.834425
3 0.843881
1 0.844630
1 0.850388
1 0.850456
1 0.853851
1 0.855913
3 0.862322
3 0.862351
3 0.862383
3 0.862500
3 0.862600
3 0.862700
1 0.865084
1 0.868246
1 0.873041
1 0.874485
1 0.875441
1 0.879280
11 0.881800
11 0.881800
11 0.881800
11 0.892000
11 0.892000
11 0.892000
12 0.892800
2 0.893795
2 0.893795
2 0.893808
4 0.895971
4 0.902063
8 0.910700
3 0.917559
3 0.917579
3 0.917939
3 0.918194
3 0.926310
3 0.926569
3 0.931886
3 0.932645
3 0.933180
12 0.934600
3 0.936632
3 0.939461
3 0.940187
2 0.941530
1 0.941609
3 0.942663
3 0.945786
2 0.949340
3 0.949411
2 0.950660
2 0.950660
3 0.951936
3 0.958070
3 0.958258
3 0.959337
3 0.961980
3 0.964571
3 0.968818
3 0.970070
3 0.971369
2 0.974582
2 0.974597
2 0.974608
13 0.980000
3 0.980260
3 0.982880
8 0.983300
3 0.988864
3 0.992262
3 0.995330
3 0.995420
3 0.995622
3 0.998340
3 0.998437
3 0.998586
3 1.000540
3 1.010583
3 1.018320
3 1.018698
1 1.029176
3 1.031094
3 1.031415
3 1.031863
3 1.031888
3 1.036398
3 1.036883
3 1.037208
1 1.037411
3 1.041750
3 1.042240
3 1.044794
3 1.051282
3 1.052842
3 1.053695
3 1.053719
3 1.055848
3 1.055890
3 1.055916
3 1.057044
3 1.057075
3 1.057100
1 1.058804
1 1.060633
1 1.066390
1 1.069265
1 1.069718
1 1.073035
1 1.075233
5 1.078400
1 1.078751
1 1.078981
4 1.080546
4 1.080546
4 1.080546
12 1.081100
1 1.083006
1 1.084683
1 1.087177
1 1.087252
1 1.088579
1 1.088832
1 1.097935
1 1.098232
1 1.098507
1 1.099442
2 1.101931
2 1.101931
2 1.101952
1 1.102098
3 1.102500
3 1.102700
3 1.103245
3 1.103700
3 1.103900
1 1.119066
1 1.129293
2 1.131390
2 1.131406
2 1.131427
3 1.133866
3 1.133970
3 1.134663
8 1.135100
3 1.144440
3 1.145800
3 1.145800
3 1.148070
3 1.148070
3 1.148070
1 1.161427
2 1.171808
2 1.175162
2 1.175184
3 1.176795
12 1.183400
4 1.187238
4 1.187238
2 1.189996
2 1.190020
2 1.190029
4 1.190758
1 1.198747
1 1.199485
1 1.203480
3 1.206855
4 1.208632
13 1.209300
1 1.210684
5 1.213400
4 1.214675
4 1.214675
2 1.219304
2 1.221475
2 1.221484
12 1.227000
1 1.227404
4 1.230508
2 1.231401
2 1.231401
2 1.231424
4 1.234289
3 1.237760
3 1.237790
3 1.237790
3 1.237840
3 1.237840
3 1.237840
1 1.239922
13 1.243900
13 1.243900
3 1.249966
3 1.256116
3 1.256305
3 1.260451
3 1.260538
3 1.260729
3 1.267114
3 1.268070
3 1.268070
2 1.273512
4 1.273640
4 1.273640
4 1.273640
2 1.274640
2 1.275891
2 1.285023
2 1.285034
2 1.285034
3 1.290516
3 1.293656
3 1.295890
2 1.296540
3 1.298209
2 1.303590
2 1.305020
3 1.308710
3 1.308710
3 1.308710
3 1.308750
3 1.308750
3 1.308800
3 1.311054
3 1.311054
2 1.316670
1 1.318050
2 1.325370
2 1.326510
2 1.326850
2 1.328970
11 1.330500
13 1.334100
3 1.334413
3 1.336500
2 1.340560
2 1.342720
2 1.347590
3 1.350032
3 1.350151
3 1.350176
3 1.350229
3 1.350247
3 1.350326
11 1.355000
2 1.356400
3 1.358513
3 1.359071
3 1.359904
3 1.361061
3 1.361620
2 1.362600
2 1.362600
3 1.363535
2 1.365426
3 1.369615
3 1.369652
3 1.369667
3 1.369705
3 1.369709
3 1.369831
2 1.370011
11 1.370800
2 1.370890
2 1.380010
2 1.384460
2 1.394840
2 1.399380
13 1.399400
13 1.399400
2 1.401227
13 1.407300
2 1.411377
2 1.411377
2 1.411407
3 1.416362
10 1.430490
10 1.430490
3 1.442125
3 1.445081
2 1.445759
2 1.445793
2 1.445824
2 1.453647
2 1.453680
2 1.459713
3 1.477531
3 1.487530
3 1.490255
3 1.490342
3 1.490437
3 1.493565
3 1.494094
3 1.494181
3 1.496420
7 1.501500
3 1.501934
13 1.504000
3 1.518174
9 1.529300
9 1.529300
13 1.531100
1 1.536536
1 1.556203
9 1.559100
2 1.587483
2 1.587501
2 1.587516
1 1.587591
1 1.588879
1 1.589274
1 1.596441
1 1.606441
1 1.607269
1 1.607269
1 1.609919
1 1.616813
1 1.622011
3 1.622815
3 1.637749
3 1.637749
1 1.638603
1 1.645903
1 1.645903
10 1.652900
4 1.665190
3 1.665945
3 1.665945
1 1.668533
4 1.676685
3 1.680830
2 1.691143
3 1.693505
3 1.693505
2 1.698182
3 1.702867
3 1.705033
3 1.707685
3 1.710217
3 1.711713
3 1.714125
3 1.718183
2 1.718780
2 1.718780
2 1.718830
3 1.723672
3 1.723672
1 1.733202
3 1.734582
3 1.765549
3 1.765549
2 1.773927
2 1.773927
2 1.773974
7 1.788600
3 1.789990
7 1.797000
8 1.828200
3 1.830300
3 1.833730
3 1.833810
3 1.839420
3 1.839550
3 1.839620
4 1.852560
4 1.852560
4 1.858080
8 1.858700
1 1.872801
2 1.904600
2 1.906970
2 1.907000
2 1.907000
2 1.914290
2 1.915000
2 1.915000
2 1.928800
2 1.928900
2 1.928900
2 1.929450
13 1.932300
11 1.932700
11 1.932700
1 1.939123
1 1.943828
3 1.947100
2 1.947700
2 1.947700
2 1.947700
1 1.949870
3 1.956210
6 1.964600
6 1.964600
1 1.972788
4 1.980570
3 1.985090
3 1.985120
4 1.990390
4 1.990390
1 1.993432
3 2.005700
3 2.037200
3 2.037300
3 2.067200
3 2.069100
3 2.073400
3 2.075100
3 2.078600
3 2.078900
3 2.079000
3 2.079000
3 2.079100
3 2.079100
3 2.081000
3 2.086800
1 2.092284
3 2.093900
3 2.095700
2 2.099600
2 2.099600
2 2.099700
12 2.105000
3 2.109500
3 2.109700
3 2.109800
3 2.109800
3 2.109900
3 2.110200
3 2.113600
3 2.126100
3 2.132900
3 2.133000
3 2.133100
1 2.136007
3 2.136200
3 2.140800
3 2.142900
3 2.146300
3 2.150900
3 2.160400
2 2.166400
2 2.166500
3 2.174500
2 2.180500
2 2.185900
3 2.187800
2 2.192600
2 2.199600
2 2.199600
1 2.206873
3 2.207300
2 2.209400
3 2.221000
11 2.237000
11 2.237000
3 2.272400
12 2.273000
3 2.313900
12 2.353000
3 2.362300
3 2.362500
3 2.362600
3 2.364000
3 2.365000
3 2.365000
3 2.370300
3 2.370600
13 2.377000
3 2.393500
3 2.397700
3 2.401100
3 2.403500
3 2.403800
3 2.409500
2 2.419800
2 2.419800
2 2.419900
4 2.426500
4 2.427700
4 2.427800
13 2.442000
13 2.446000
13 2.446000
3 2.458800
7 2.481000
7 2.481000
7 2.481400
7 2.481400
10 2.506300
10 2.506300
2 2.529900
2 2.539300
9 2.584600
9 2.584600
9 2.585000
9 2.585000
3 2.601300
3 2.604500
13 2.610000
3 2.611200
3 2.612000
3 2.613000
3 2.613000
3 2.615100
3 2.615100
3 2.615100
13 2.620000
13 2.624000
13 2.658000
2 2.672900
2 2.672900
2 2.673000
2 2.720800
8 2.725000
13 2.753000
13 2.753000
7 2.765000
7 2.765000
4 2.781600
8 2.793000
4 2.801000
10 2.801000
10 2.801000
10 2.801100
10 2.801100
2 2.833400
2 2.837700
2 2.837700
2 2.837800
3 2.914300
3 2.914700
3 2.915700
3 2.916500
3 3.013200
4 3.023200
3 3.033400
3 3.033700
3 3.033700
3 3.034000
3 3.034000
3 3.034000
4 3.038000
4 3.038000
3 3.080100
3 3.080100
3 3.080100
3 3.080100
3 3.080100
3 3.080100
3 3.081100
3 3.102500
12 3.125000
3 3.138200
3 3.140300
3 3.141200
3 3.142700
3 3.144700
3 3.145600
3 3.230200
2 3.249700
2 3.249900
2 3.249900
2 3.260100
2 3.260200
3 3.263700
13 3.331000
3 3.341000
2 3.423100
2 3.426700
12 3.448000
12 3.448000
2 3.460500
2 3.460600
2 3.487000
2 3.487000
2 3.487000
2 3.493800
2 3.495400
3 3.498200
3 3.498200
3 3.498200
3 3.498600
3 3.498600
3 3.499000
2 3.505800
2 3.506000
2 3.506100
2 3.523900
11 3.541000
2 3.555000
3 3.567700
3 3.573700
2 3.581300
3 3.586400
3 3.592400
2 3.600200
2 3.632400
3 3.658900
3 3.658900
3 3.659600
3 3.659600
3 3.661200
3 3.661200
3 3.736400
3 3.737300
3 3.737800
3 3.738100
3 3.738400
3 3.738900
2 3.761200
2 3.761300
2 3.761400
2 3.830500
2 3.831500
2 3.831500
2 3.831500
3 3.886500
3 3.888300
2 3.892300
13 3.893000
2 3.920600
9 3.929000
9 3.929300
2 3.936100
2 3.947700
2 3.949700
2 3.949900
10 4.032000
10 4.032000
10 4.032300
10 4.032300
3 4.073000
3 4.073600
3 4.106100
3 4.113800
13 4.129000
13 4.161000
8 4.219000
13 4.237000
13 4.250000
13 4.250000
11 4.269900
11 4.270000
3 4.285300
3 4.299100
4 4.309800
4 4.339800
2 4.360800
2 4.360800
2 4.361000
6 4.390000
2 4.407800
2 4.446200
4 4.501400
4 4.501600
4 4.501600
13 4.560000
3 4.654100
3 4.675600
3 4.701400
3 4.702300
3 4.768500
3 4.769500
3 4.770400
13 4.787000
13 4.787000
12 5.000000
2 5.032600
2 5.032800
2 5.032800
3 5.034800
7 5.063000
2 5.227800
2 5.273400
8 5.291000
13 5.294000
2 5.397100
2 5.433600
2 5.433900
2 5.433900
2 5.527600
2 5.527600
2 5.527600
12 5.556000
12 5.556000
13 5.821000
3 6.007000
13 6.227000
2 6.320400
2 6.321100
13 6.341000
2 6.351600
2 6.351600
2 6.351900
2 6.379500
7 6.514000
7 6.515000
13 6.707000
2 7.152600
3 7.172400
2 7.321900
2 7.322700
2 7.323700
2 7.358300
2 7.369200
2 7.369200
2 7.372300
2 7.372300
2 7.372300
2 7.516400
2 7.551200
4 7.602500
4 7.602500
4 7.602500
2 7.792700
13 7.905000
3 7.954300
3 8.169300
3 8.169300
13 8.306000
2 8.481000
3 8.688600
3 8.688600
2 8.787300
2 8.871500
2 8.871500
2 8.871500
13 8.881000
13 9.050000
3 9.665000
2 10.254400
2 10.255000
2 10.340900
2 10.340900
2 10.340900
2 10.704900
13 11.260000
13 11.400000
4 11.932200
4 11.932200
4 11.932200
13 12.200000
13 12.420000
2 12.682600
2 12.683800
2 12.686200
2 13.210000
2 13.316500
2 13.317700
2 13.365000
13 13.760000
2 13.843500
2 13.901200
6 14.350000
3 14.680200
3 14.684000
3 14.907600
3 14.912500
11 15.150000
3 15.294300
3 15.300800
3 15.306000
13 15.460000
2 17.441401
2 17.443199
4 17.699100
4 17.699100
4 17.699100
3 17.960100
3 18.020000
3 18.058001
3 18.080000
3 18.080000
3 18.176500
3 18.189100
3 18.196699
3 18.238899
8 18.450001
8 18.450001
2 18.587000
2 18.587000
2 18.896000
3 20.110001
2 20.330000
2 20.332001
2 20.337000
4 21.687000
4 21.687000
2 23.980000
2 23.980000
2 23.990000
3 24.049999
3 24.049999
3 24.049999
3 24.049999
3 24.049999
3 24.049999
13 24.400000
3 25.506001
3 25.620001
2 27.007999
2 30.639999
2 30.639999
2 30.639999
2 34.813999
2 34.813999
2 34.814098
2 35.257999
3 36.930000
3 36.992001
3 37.251999
2 37.448002
2 37.448002
2 37.469002
3 37.889000
3 38.207001
3 38.207001
3 38.207298
3 38.327000
3 38.676998
3 38.676998
8 39.618999
8 39.618999
8 39.619999
8 39.619999
3 41.501999
2 44.605000
1 44.811501
1 44.811501
9 47.799999
3 48.453999
2 49.429001
3 49.743999
3 50.909000
3 52.139999
2 55.592999
2 55.592999
2 55.630001
2 57.048000
2 57.048000
3 60.639999
4 61.800999
4 61.800999
1 68.473503
1 68.473503
1 68.473503
1 68.473503
9 69.000000
9 69.000000
3 72.668999
3 72.668999
3 74.894997
3 77.765999
3 77.766998
2 79.164001
2 79.164001
2 79.202003
9 91.699997
9 91.699997
2 92.310997
2 92.310997
3 94.117996
3 96.767998
3 96.767998
1 129.675995
1 129.676498
3 136.690002
3 136.690002
3 146.410004
9 152.000000
9 156.000000
9 156.000000
2 166.720001
1 219.009995
9 230.000000
3 247.699997
3 302.200012
8 330.000000
1 354.369995
1 354.369995
3 358.000000
1 573.359985
1 573.359985
2 605.299988
2 631.700012
End Spectral Lines:
