Symbol: Sc
Atomic Number: 21
Atomic Mass: 44.955900
Start Spectral Index: 21
1 2194
2 829
3 133
4 408
5 456
6 79
7 70
8 75
9 42
10 99
11 132
12 68
13 41
14 72
15 74
16 91
17 54
18 35
19 89
20 39
21 8
End Spectral Index:
Order of Magnitude: 0.000001
Start Spectral Lines:
21 0.000214
21 0.000214
21 0.000219
21 0.000219
20 0.000227
20 0.000227
21 0.000231
21 0.000231
20 0.000232
20 0.000233
20 0.000245
20 0.000245
21 0.000274
21 0.000274
20 0.000287
19 0.000288
20 0.000288
19 0.000288
19 0.000288
20 0.000289
19 0.000290
19 0.000290
19 0.000290
19 0.000290
19 0.000290
19 0.000290
20 0.000290
19 0.001044
19 0.001044
20 0.001047
19 0.001058
19 0.001063
19 0.001063
20 0.001067
20 0.001069
19 0.001078
19 0.001078
19 0.001079
19 0.001084
19 0.001085
20 0.001087
19 0.001114
19 0.001120
19 0.001120
19 0.001138
19 0.001138
20 0.001169
19 0.001178
19 0.001185
19 0.001185
20 0.001194
20 0.001198
20 0.001220
19 0.001267
19 0.001316
19 0.001324
19 0.001324
20 0.001564
20 0.001601
20 0.001626
20 0.001656
19 0.001682
19 0.001686
18 0.001744
18 0.001757
19 0.001763
19 0.001778
19 0.001779
19 0.001802
19 0.001818
18 0.001821
18 0.001833
18 0.001834
17 0.001841
17 0.001848
18 0.001858
18 0.001865
17 0.001878
17 0.001883
17 0.001907
17 0.001916
17 0.001922
17 0.001922
17 0.001931
17 0.001933
17 0.001960
17 0.001965
17 0.001973
17 0.001997
16 0.002015
16 0.002022
16 0.002024
16 0.002025
16 0.002025
16 0.002028
12 0.002030
16 0.002032
16 0.002034
16 0.002039
16 0.002039
12 0.002044
16 0.002046
16 0.002060
18 0.002068
16 0.002079
16 0.002111
15 0.002126
15 0.002137
15 0.002137
15 0.002140
15 0.002143
15 0.002143
18 0.002147
15 0.002148
15 0.002152
15 0.002152
15 0.002157
16 0.002163
16 0.002166
15 0.002170
16 0.002173
15 0.002179
16 0.002182
16 0.002182
15 0.002193
16 0.002193
12 0.002194
16 0.002202
15 0.002205
15 0.002206
12 0.002212
16 0.002251
15 0.002254
14 0.002256
14 0.002256
14 0.002266
14 0.002269
14 0.002272
14 0.002275
14 0.002275
14 0.002275
14 0.002275
14 0.002281
14 0.002281
12 0.002284
14 0.002284
14 0.002289
14 0.002293
14 0.002296
14 0.002297
14 0.002300
12 0.002304
14 0.002306
14 0.002308
14 0.002315
14 0.002316
14 0.002327
14 0.002327
14 0.002327
14 0.002336
14 0.002342
14 0.002350
14 0.002354
14 0.002356
14 0.002361
14 0.002370
12 0.002373
14 0.002373
12 0.002382
13 0.002406
13 0.002410
13 0.002428
13 0.002448
13 0.002456
13 0.002456
13 0.002465
13 0.002467
13 0.002471
13 0.002479
13 0.002490
13 0.002497
14 0.002497
13 0.002500
13 0.002508
13 0.002510
13 0.002513
13 0.002516
14 0.002517
13 0.002520
13 0.002522
13 0.002524
14 0.002528
13 0.002534
14 0.002539
13 0.002540
14 0.002540
14 0.002544
13 0.002544
14 0.002548
14 0.002560
14 0.002564
14 0.002565
14 0.002568
14 0.002592
14 0.002598
14 0.002606
19 0.002610
19 0.002617
14 0.002620
19 0.002620
14 0.002622
12 0.002654
19 0.002682
19 0.002682
13 0.002689
12 0.002692
13 0.002717
12 0.002726
19 0.002741
19 0.002752
19 0.002753
13 0.002763
19 0.002779
19 0.002779
19 0.002783
13 0.002791
13 0.002798
13 0.002813
13 0.002828
13 0.002832
13 0.002843
13 0.002846
13 0.002850
13 0.002857
13 0.002863
13 0.002875
19 0.002919
19 0.002919
19 0.002984
19 0.002997
19 0.002997
19 0.003035
19 0.003035
19 0.003039
12 0.003048
12 0.003082
20 0.003113
20 0.003154
20 0.003176
20 0.003212
19 0.003398
19 0.003398
19 0.003488
19 0.003504
19 0.003506
19 0.003556
19 0.003556
19 0.003562
20 0.004516
20 0.004583
20 0.004672
20 0.004729
19 0.004894
19 0.005055
19 0.005091
19 0.005094
19 0.005176
19 0.005186
19 0.005186
19 0.005228
11 0.005333
19 0.005342
11 0.005435
11 0.005579
11 0.005808
11 0.005808
19 0.005922
19 0.005999
19 0.005999
19 0.006002
11 0.006064
11 0.006213
11 0.006232
11 0.006470
11 0.006498
11 0.006498
11 0.006925
11 0.006957
11 0.006957
11 0.007045
11 0.007051
11 0.007152
11 0.007154
19 0.007182
11 0.007189
19 0.007336
19 0.007336
19 0.007341
11 0.007422
11 0.007502
10 0.007634
11 0.007787
11 0.007792
11 0.007793
11 0.007851
11 0.007892
11 0.007892
11 0.007922
11 0.007922
11 0.007926
10 0.008376
10 0.008390
11 0.008396
10 0.008420
11 0.008435
11 0.008437
11 0.008439
11 0.008443
12 0.008516
12 0.008546
10 0.008974
12 0.009073
12 0.009101
12 0.009260
12 0.009279
12 0.009290
12 0.009290
12 0.009307
12 0.009339
9 0.009339
12 0.009351
12 0.009361
12 0.009361
9 0.009389
12 0.009392
12 0.009447
11 0.009487
10 0.009502
10 0.009505
10 0.009509
11 0.009510
11 0.009779
11 0.009784
11 0.009784
10 0.009801
20 0.009805
10 0.009819
10 0.009821
10 0.009832
10 0.009836
10 0.009889
10 0.009891
20 0.009914
20 0.010131
10 0.010198
9 0.010205
20 0.010221
9 0.010265
11 0.010419
11 0.010425
11 0.010433
11 0.010444
15 0.010508
11 0.010514
11 0.010517
10 0.010907
15 0.010908
10 0.010920
10 0.010923
10 0.010928
10 0.010929
10 0.010931
14 0.010953
10 0.010977
10 0.010980
12 0.010988
10 0.010991
12 0.011003
19 0.011020
10 0.011031
9 0.011071
10 0.011092
15 0.011188
12 0.011208
10 0.011221
15 0.011239
10 0.011254
16 0.011281
15 0.011339
14 0.011340
19 0.011350
19 0.011350
19 0.011360
12 0.011393
14 0.011393
12 0.011490
12 0.011543
15 0.011568
12 0.011583
12 0.011584
12 0.011607
12 0.011644
12 0.011653
14 0.011666
12 0.011676
12 0.011704
16 0.011709
12 0.011717
15 0.011719
12 0.011721
12 0.011773
12 0.011790
10 0.011830
10 0.011862
17 0.011894
15 0.011898
9 0.011944
17 0.011965
9 0.012024
12 0.012024
16 0.012179
14 0.012267
15 0.012414
15 0.012582
11 0.012715
16 0.012782
9 0.012799
9 0.012803
11 0.012825
15 0.012975
15 0.013041
10 0.013054
13 0.013095
16 0.013110
15 0.013136
16 0.013168
10 0.013232
16 0.013269
15 0.013312
16 0.013353
11 0.013441
11 0.013441
16 0.013451
10 0.013477
16 0.013500
10 0.013513
16 0.013563
10 0.013592
15 0.013664
10 0.013742
13 0.013780
10 0.013787
11 0.013828
11 0.013838
10 0.013837
11 0.013840
10 0.013866
15 0.013871
10 0.013932
14 0.013947
15 0.013961
17 0.014259
9 0.014332
9 0.014339
15 0.014346
17 0.014389
16 0.014492
14 0.014505
17 0.014581
16 0.014605
16 0.014629
17 0.014658
9 0.014663
15 0.014675
10 0.014682
9 0.014695
10 0.014696
15 0.014696
9 0.014731
10 0.014735
15 0.014756
9 0.014783
9 0.014810
6 0.014817
10 0.014826
14 0.014850
16 0.014948
9 0.015009
14 0.015049
10 0.015090
10 0.015094
16 0.015097
10 0.015099
9 0.015140
16 0.015191
14 0.015191
6 0.015260
16 0.015262
10 0.015270
14 0.015288
15 0.015319
4 0.015321
16 0.015356
16 0.015360
16 0.015382
15 0.015384
17 0.015401
6 0.015429
6 0.015452
16 0.015485
10 0.015490
6 0.015510
6 0.015536
15 0.015576
15 0.015643
17 0.015709
14 0.015782
14 0.015790
17 0.015814
16 0.015867
17 0.015977
17 0.016079
10 0.016304
17 0.016329
10 0.016342
16 0.016354
17 0.016429
16 0.016467
8 0.016477
16 0.016511
8 0.016540
8 0.016565
8 0.016602
8 0.016632
6 0.016635
5 0.016650
15 0.016658
8 0.016692
6 0.016717
16 0.016736
5 0.016771
11 0.016814
11 0.016822
11 0.016822
11 0.016822
11 0.016836
16 0.016872
11 0.016890
16 0.016919
6 0.016926
6 0.016926
6 0.016926
17 0.016945
16 0.016966
8 0.016976
15 0.016996
6 0.017024
6 0.017024
16 0.017040
17 0.017043
6 0.017054
16 0.017087
11 0.017134
11 0.017208
11 0.017208
15 0.017324
15 0.017348
9 0.017377
9 0.017386
16 0.017411
5 0.017444
11 0.017454
11 0.017454
11 0.017462
18 0.017565
5 0.017577
17 0.017618
14 0.017646
15 0.017684
16 0.017742
15 0.017744
15 0.017832
15 0.017863
8 0.017882
5 0.017931
16 0.017934
5 0.018004
11 0.018050
11 0.018050
11 0.018050
18 0.018069
16 0.018069
5 0.018072
5 0.018086
15 0.018117
5 0.018145
5 0.018157
5 0.018229
7 0.018274
7 0.018299
7 0.018396
4 0.018448
7 0.018461
5 0.018516
7 0.018553
7 0.018557
7 0.018581
4 0.018593
16 0.018597
5 0.018599
11 0.018608
5 0.018637
5 0.018659
18 0.018694
11 0.018696
5 0.018716
5 0.018749
5 0.018811
15 0.018848
15 0.019048
7 0.019065
5 0.019104
7 0.019160
5 0.019160
5 0.019187
5 0.019252
7 0.019261
7 0.019300
5 0.019320
17 0.019356
4 0.019390
16 0.019426
16 0.019468
4 0.019545
16 0.019567
17 0.019601
16 0.019728
7 0.019787
7 0.019823
7 0.019916
7 0.019953
16 0.020011
17 0.020056
16 0.020121
17 0.020134
11 0.020152
11 0.020164
11 0.020164
17 0.020217
14 0.020265
6 0.020292
16 0.020297
6 0.020322
16 0.020344
18 0.020344
17 0.020347
15 0.020405
6 0.020431
6 0.020461
6 0.020472
6 0.020507
17 0.020515
18 0.020761
18 0.020798
6 0.020982
6 0.021052
17 0.021053
6 0.021142
6 0.021161
17 0.021231
6 0.021312
6 0.021319
18 0.021367
6 0.021370
4 0.021530
4 0.021719
11 0.021723
17 0.021724
11 0.021752
18 0.021874
6 0.021884
4 0.022028
11 0.022104
11 0.022104
11 0.022109
6 0.022120
6 0.022284
6 0.022285
4 0.022340
6 0.022341
17 0.022342
17 0.022381
16 0.022452
18 0.022461
11 0.022633
4 0.022677
15 0.022687
11 0.022699
16 0.022782
5 0.022857
16 0.022959
17 0.023036
18 0.023062
5 0.023085
15 0.023255
16 0.023885
16 0.024134
11 0.024191
16 0.024198
16 0.024300
11 0.024333
11 0.024340
5 0.024383
5 0.024388
16 0.024481
5 0.024643
16 0.024663
6 0.024703
6 0.024731
6 0.024762
15 0.024782
16 0.024870
6 0.024960
5 0.025098
5 0.025285
5 0.025374
5 0.025565
5 0.025716
5 0.025881
5 0.025905
5 0.026005
15 0.026541
17 0.026616
8 0.026825
8 0.027936
19 0.027978
20 0.028021
5 0.028099
6 0.028133
6 0.028221
6 0.028250
6 0.028259
5 0.028391
6 0.028399
6 0.028426
5 0.028445
15 0.028447
6 0.028489
6 0.028519
7 0.028693
8 0.028755
5 0.028828
5 0.028959
7 0.028967
4 0.028985
7 0.029023
16 0.029044
7 0.029070
5 0.029193
6 0.029234
7 0.029234
5 0.029326
10 0.029344
6 0.029429
11 0.029470
11 0.029470
6 0.029548
8 0.029548
5 0.029616
4 0.029631
7 0.029654
7 0.029727
6 0.029819
6 0.029842
6 0.029843
7 0.029856
4 0.029904
5 0.030001
11 0.030003
11 0.030023
11 0.030029
6 0.030067
7 0.030130
6 0.030143
7 0.030182
11 0.030238
7 0.030244
6 0.030244
8 0.030316
8 0.030446
11 0.030471
8 0.030526
17 0.030687
8 0.030708
7 0.030732
7 0.030818
7 0.030916
8 0.031004
7 0.031004
8 0.031114
6 0.031195
17 0.031221
8 0.031224
16 0.031348
11 0.031380
6 0.031405
8 0.031453
11 0.031510
11 0.031510
8 0.031516
8 0.031542
8 0.031841
9 0.031861
17 0.031935
5 0.031981
5 0.032065
7 0.032103
16 0.032172
7 0.032197
9 0.032420
9 0.032457
5 0.032516
19 0.032603
8 0.032666
7 0.032819
7 0.032964
18 0.033034
6 0.033131
7 0.033339
7 0.033414
10 0.033588
10 0.033790
10 0.033812
10 0.034012
6 0.034162
5 0.034205
10 0.034250
10 0.034289
10 0.034312
5 0.034446
5 0.034597
10 0.034642
17 0.034692
10 0.034704
10 0.034795
10 0.034818
18 0.034860
12 0.035216
10 0.035245
10 0.035248
17 0.035250
10 0.035264
10 0.035418
11 0.035430
11 0.035442
11 0.035445
18 0.035684
5 0.035752
10 0.035780
18 0.035792
8 0.035810
10 0.035885
11 0.035908
16 0.035910
11 0.035923
11 0.035923
8 0.036230
12 0.036421
8 0.036708
5 0.036807
11 0.036928
11 0.036967
5 0.037002
8 0.037017
11 0.037104
4 0.037116
11 0.037294
5 0.037344
12 0.037434
8 0.037466
5 0.037504
6 0.037505
18 0.037512
18 0.037512
5 0.037661
17 0.037800
5 0.037802
12 0.037810
5 0.037867
5 0.037957
11 0.038158
11 0.038248
10 0.038358
5 0.038431
5 0.038497
12 0.038549
9 0.038587
5 0.038591
5 0.038868
11 0.038970
11 0.038970
11 0.038970
8 0.038988
5 0.039010
16 0.039010
12 0.039046
9 0.039089
5 0.039110
11 0.039250
5 0.039272
11 0.039280
11 0.039280
12 0.039315
9 0.039465
5 0.039533
12 0.039586
5 0.039679
12 0.039712
12 0.039712
10 0.039795
5 0.039950
12 0.039957
9 0.039989
8 0.040421
4 0.041008
4 0.041247
4 0.041286
4 0.041297
4 0.041395
5 0.041510
4 0.041597
9 0.041604
4 0.041644
4 0.041687
4 0.041720
9 0.041746
4 0.041881
5 0.041945
4 0.041952
5 0.041970
4 0.042000
4 0.042000
4 0.042012
4 0.042050
4 0.042081
9 0.042118
4 0.042133
4 0.042203
4 0.042251
4 0.042263
10 0.042264
4 0.042552
20 0.042609
5 0.042609
9 0.042626
4 0.042669
9 0.042686
5 0.042737
4 0.042928
18 0.043066
4 0.043178
5 0.043204
5 0.043288
4 0.043374
5 0.043410
4 0.043440
4 0.043614
5 0.043658
4 0.043716
4 0.043848
4 0.043866
4 0.043879
4 0.043880
4 0.043898
5 0.043922
4 0.043985
4 0.044119
8 0.044119
4 0.044149
4 0.044226
4 0.044427
18 0.044452
4 0.044462
4 0.044502
6 0.044549
4 0.044575
4 0.044720
7 0.044756
10 0.044930
7 0.045273
7 0.045412
10 0.045532
12 0.045642
10 0.045818
5 0.045823
10 0.045942
11 0.046079
4 0.046118
4 0.046181
5 0.046238
4 0.046257
4 0.046312
11 0.046354
11 0.046354
4 0.046366
5 0.046385
4 0.046394
5 0.046478
10 0.046501
4 0.046548
17 0.046577
5 0.046598
4 0.046619
4 0.046696
5 0.046696
4 0.046740
5 0.046810
10 0.046870
5 0.046950
4 0.046969
4 0.047025
4 0.047062
4 0.047063
7 0.047078
10 0.047112
5 0.047132
4 0.047163
4 0.047179
7 0.047281
4 0.047300
5 0.047336
5 0.047398
4 0.047412
4 0.047425
4 0.047453
4 0.047468
5 0.047468
5 0.047484
5 0.047498
4 0.047518
10 0.047532
4 0.047546
10 0.047558
4 0.047579
5 0.047600
5 0.047601
10 0.047605
10 0.047618
4 0.047621
5 0.047727
5 0.047736
4 0.047757
4 0.047776
4 0.047830
4 0.047851
4 0.047861
4 0.047880
5 0.047890
4 0.048011
5 0.048054
10 0.048088
5 0.048114
8 0.048132
4 0.048143
5 0.048207
4 0.048273
5 0.048310
5 0.048334
10 0.048341
5 0.048351
10 0.048470
8 0.048652
5 0.048660
8 0.048664
8 0.048681
4 0.048708
5 0.048709
5 0.048732
5 0.048751
5 0.048784
10 0.048789
5 0.048798
5 0.048827
5 0.048888
5 0.048889
5 0.048954
5 0.048975
10 0.049024
5 0.049041
7 0.049114
8 0.049118
5 0.049181
5 0.049195
5 0.049216
6 0.049242
5 0.049328
5 0.049385
5 0.049399
8 0.049430
5 0.049438
8 0.049443
5 0.049462
17 0.049512
5 0.049545
5 0.049582
5 0.049646
18 0.049648
5 0.049676
5 0.049714
7 0.049737
5 0.049755
5 0.049809
5 0.049819
5 0.049841
15 0.049888
5 0.049954
5 0.049956
7 0.049964
12 0.050002
5 0.050159
5 0.050272
5 0.050484
11 0.050510
5 0.050559
10 0.050735
5 0.050980
5 0.051106
16 0.051101
5 0.051250
5 0.051311
5 0.051404
12 0.051504
12 0.051504
5 0.051520
12 0.051717
5 0.051889
5 0.052017
12 0.052018
12 0.052068
9 0.052189
5 0.052240
11 0.052278
5 0.052345
5 0.052432
5 0.052443
12 0.052476
20 0.052513
5 0.052542
5 0.052549
5 0.052621
5 0.052624
4 0.052639
5 0.052701
4 0.052788
5 0.052824
4 0.052828
5 0.052853
5 0.052867
5 0.052883
5 0.052896
5 0.052904
5 0.052917
5 0.052945
5 0.052986
5 0.053035
5 0.053035
5 0.053052
5 0.053064
5 0.053096
4 0.053117
4 0.053183
4 0.053225
7 0.053258
5 0.053267
5 0.053305
5 0.053315
7 0.053344
5 0.053344
7 0.053451
5 0.053470
7 0.053538
5 0.053572
5 0.053607
5 0.053657
5 0.053669
9 0.053698
5 0.053742
9 0.053807
5 0.053919
5 0.053982
5 0.054001
5 0.054056
5 0.054078
15 0.054101
5 0.054113
5 0.054131
5 0.054208
5 0.054267
5 0.054406
5 0.054406
5 0.054445
5 0.054548
5 0.054569
5 0.054578
5 0.054602
5 0.054644
5 0.054735
12 0.054797
12 0.054907
5 0.054974
5 0.055014
5 0.055130
5 0.055237
5 0.055285
20 0.055356
5 0.055372
5 0.055423
5 0.055546
5 0.055560
8 0.055567
11 0.055568
5 0.055599
11 0.055602
11 0.055605
5 0.055616
5 0.055728
5 0.055728
4 0.055751
5 0.055766
5 0.055778
5 0.055798
5 0.055798
3 0.055799
7 0.055804
3 0.055861
5 0.055918
18 0.055982
5 0.056066
5 0.056075
6 0.056116
5 0.056143
4 0.056189
5 0.056226
7 0.056250
8 0.056255
4 0.056264
8 0.056278
5 0.056283
5 0.056291
5 0.056324
5 0.056399
5 0.056513
5 0.056601
5 0.056636
6 0.056677
4 0.056677
4 0.056725
5 0.056747
5 0.056805
5 0.056915
5 0.056998
5 0.057010
6 0.057030
6 0.057063
7 0.057125
8 0.057144
5 0.057156
6 0.057190
5 0.057223
4 0.057267
8 0.057299
8 0.057321
5 0.057335
5 0.057411
5 0.057438
4 0.057467
6 0.057556
5 0.057667
10 0.057686
5 0.057744
5 0.057878
4 0.057942
5 0.058010
5 0.058028
5 0.058052
5 0.058065
5 0.058102
6 0.058139
3 0.058211
5 0.058233
3 0.058278
5 0.058432
5 0.058462
4 0.058483
5 0.058505
11 0.058550
5 0.058616
5 0.058624
5 0.058637
5 0.058682
10 0.058697
5 0.058747
5 0.058771
5 0.058794
10 0.058810
5 0.058813
5 0.058868
5 0.058920
3 0.058932
3 0.058949
5 0.058958
5 0.058979
5 0.058987
11 0.059000
3 0.059001
5 0.059138
5 0.059149
5 0.059179
5 0.059347
5 0.059410
5 0.059507
5 0.059508
5 0.059565
10 0.059596
7 0.059653
10 0.059662
5 0.059710
10 0.059777
7 0.059871
5 0.059902
12 0.060153
14 0.060663
4 0.061569
4 0.061710
5 0.062113
4 0.062260
4 0.062338
4 0.062351
4 0.062395
10 0.062447
20 0.062640
3 0.062707
3 0.062785
3 0.062785
4 0.062884
5 0.063203
3 0.064277
3 0.064313
8 0.064318
3 0.064360
5 0.064542
5 0.064654
5 0.064900
5 0.064946
11 0.065261
11 0.065261
11 0.065291
5 0.065969
8 0.066379
5 0.067141
4 0.068132
4 0.068565
4 0.068638
4 0.068886
4 0.068907
5 0.069137
4 0.069156
4 0.069209
4 0.069245
4 0.069320
3 0.069373
3 0.069397
4 0.069426
4 0.069480
4 0.069495
4 0.069539
4 0.069562
8 0.069618
4 0.069763
4 0.069870
4 0.070005
4 0.070119
4 0.070120
4 0.070565
4 0.070585
5 0.070641
5 0.070692
4 0.070767
5 0.071138
4 0.071212
4 0.071245
4 0.071481
4 0.071688
5 0.071743
4 0.071812
4 0.072288
4 0.072456
5 0.072644
3 0.073060
3 0.073165
3 0.073166
4 0.073388
10 0.073641
4 0.074023
4 0.074760
4 0.075069
4 0.075070
4 0.075103
4 0.075442
4 0.075663
4 0.075751
4 0.076143
4 0.076187
4 0.076851
3 0.076902
3 0.076952
4 0.076970
4 0.077158
4 0.077939
3 0.077953
3 0.078060
3 0.078073
4 0.078512
4 0.078900
4 0.079170
5 0.079375
4 0.079385
5 0.079624
4 0.079992
4 0.080211
5 0.080628
5 0.081939
5 0.084255
4 0.084641
4 0.085298
5 0.085476
10 0.085556
4 0.085743
4 0.086101
4 0.086125
4 0.086130
4 0.086662
4 0.087498
4 0.087667
4 0.087968
4 0.088024
5 0.088299
5 0.088482
4 0.088712
5 0.088849
4 0.089086
5 0.089897
15 0.089955
4 0.090095
4 0.090316
4 0.090369
4 0.090592
4 0.090873
4 0.091750
4 0.091778
4 0.092066
4 0.093142
4 0.093439
3 0.096105
3 0.096545
3 0.096629
3 0.097064
3 0.097074
3 0.097329
3 0.097497
18 0.098720
5 0.099427
16 0.099557
14 0.101841
14 0.102257
14 0.102257
11 0.102980
16 0.104870
11 0.105410
11 0.105730
5 0.111139
15 0.112040
15 0.112040
5 0.112203
5 0.113548
4 0.113945
5 0.114812
3 0.114824
5 0.115027
5 0.115347
3 0.115452
5 0.115524
2 0.116022
2 0.116135
2 0.116162
2 0.116178
3 0.116244
2 0.116254
2 0.116346
5 0.116532
3 0.116861
3 0.116888
5 0.118833
5 0.118925
4 0.119587
5 0.120032
2 0.120364
5 0.120535
4 0.120853
5 0.121262
4 0.121939
5 0.122395
5 0.122668
5 0.122778
4 0.122820
5 0.123036
5 0.123045
4 0.123338
4 0.123563
5 0.123634
2 0.123717
2 0.123732
2 0.123856
2 0.123881
2 0.123896
5 0.123947
5 0.123962
2 0.123995
2 0.124041
2 0.124066
2 0.124081
2 0.124117
2 0.124128
2 0.124198
5 0.124221
5 0.124222
2 0.124269
4 0.124566
4 0.124623
5 0.124661
5 0.124703
2 0.124783
5 0.125120
4 0.125320
4 0.125566
4 0.126025
5 0.126139
5 0.126308
2 0.126565
5 0.126586
2 0.126625
4 0.126763
5 0.126838
5 0.126839
5 0.126981
4 0.127041
5 0.127192
5 0.127215
5 0.127318
15 0.127400
15 0.127400
5 0.127413
5 0.127644
16 0.127660
16 0.127660
5 0.127708
5 0.127726
4 0.127879
5 0.127936
5 0.128098
5 0.128261
5 0.128525
4 0.128560
18 0.128600
5 0.128780
5 0.129241
5 0.129415
5 0.129448
5 0.129503
5 0.129675
5 0.129757
5 0.129852
2 0.129979
4 0.130039
5 0.130199
2 0.130418
11 0.130800
5 0.130973
5 0.131184
5 0.131397
5 0.131530
4 0.131774
5 0.131932
4 0.131986
5 0.132055
5 0.132237
4 0.132259
5 0.132303
5 0.132392
5 0.132392
5 0.132499
5 0.132500
5 0.132509
5 0.132597
5 0.132632
5 0.132792
5 0.133012
5 0.133222
5 0.133425
5 0.133533
4 0.133626
2 0.133768
5 0.133769
2 0.133840
5 0.133862
2 0.133908
2 0.134024
5 0.134097
5 0.134111
2 0.134213
5 0.134613
5 0.134661
5 0.134858
5 0.134947
5 0.135181
11 0.135280
2 0.135629
2 0.135687
2 0.135784
15 0.135800
15 0.135800
2 0.135825
2 0.135944
2 0.135969
2 0.136022
2 0.136135
5 0.136139
5 0.136494
2 0.136659
5 0.136761
2 0.136893
2 0.136965
5 0.137078
2 0.137302
5 0.137530
5 0.137758
5 0.139055
5 0.139229
2 0.139750
2 0.140364
5 0.140453
2 0.140661
5 0.140938
2 0.140980
2 0.141147
2 0.141249
2 0.141267
2 0.141344
2 0.141387
2 0.141488
2 0.141505
4 0.141547
2 0.141597
5 0.141638
2 0.141670
2 0.141697
2 0.141703
5 0.141704
2 0.141714
4 0.141782
2 0.141830
2 0.141832
2 0.141833
2 0.141865
2 0.141877
2 0.141879
4 0.141954
2 0.141995
2 0.141996
2 0.142040
2 0.142171
5 0.142223
4 0.142234
5 0.142285
2 0.142382
4 0.142466
5 0.142498
5 0.142851
5 0.143206
4 0.143589
4 0.144277
4 0.144409
4 0.144500
5 0.144588
5 0.144647
4 0.145386
4 0.145822
5 0.145957
4 0.146193
5 0.146964
4 0.147246
5 0.147660
4 0.148205
4 0.148964
4 0.149225
3 0.149350
4 0.149373
3 0.149451
3 0.149451
4 0.149486
4 0.149726
5 0.149784
14 0.150107
2 0.150283
2 0.150339
2 0.150385
2 0.150467
2 0.150546
2 0.150589
2 0.150621
2 0.150626
4 0.150715
4 0.150716
4 0.151496
2 0.151614
5 0.152056
2 0.153368
4 0.153500
2 0.153542
4 0.153576
4 0.153613
5 0.153785
2 0.153829
5 0.154312
4 0.154386
2 0.154390
2 0.154424
2 0.154473
2 0.154688
2 0.154780
4 0.154955
4 0.155081
2 0.155211
4 0.155288
1 0.155332
4 0.155347
2 0.155366
2 0.155367
1 0.155405
1 0.155491
4 0.155572
1 0.155576
1 0.155576
1 0.155590
1 0.155622
1 0.155622
1 0.155675
1 0.155675
1 0.155813
1 0.155813
1 0.155861
1 0.155899
1 0.155899
4 0.155901
1 0.156000
1 0.156000
1 0.156039
4 0.156093
1 0.156266
1 0.156268
1 0.156268
4 0.156291
4 0.156381
2 0.156449
1 0.156451
1 0.156451
4 0.156494
2 0.156512
1 0.156547
2 0.156549
2 0.156595
2 0.156616
4 0.156616
1 0.156676
1 0.156676
2 0.156713
2 0.156746
2 0.156843
1 0.156913
1 0.156961
1 0.156961
5 0.157207
2 0.157284
2 0.157290
2 0.157328
1 0.157328
1 0.157328
2 0.157358
1 0.157398
2 0.157415
4 0.157459
2 0.157462
4 0.157492
2 0.157507
4 0.157727
1 0.157816
1 0.157816
1 0.158061
2 0.158181
5 0.158202
2 0.158211
4 0.158341
2 0.158342
2 0.158344
4 0.158465
1 0.158482
1 0.158482
5 0.158560
4 0.158829
5 0.158833
1 0.159017
15 0.159030
4 0.159224
5 0.159359
1 0.159445
1 0.159445
3 0.159800
4 0.159835
3 0.160306
1 0.160401
1 0.160835
1 0.160835
3 0.161019
4 0.161155
2 0.161993
2 0.162074
2 0.162101
2 0.162127
2 0.162314
2 0.162348
2 0.162372
2 0.162401
2 0.162401
1 0.162607
2 0.163000
1 0.163053
1 0.163053
2 0.163133
2 0.163156
2 0.163372
2 0.163375
5 0.163569
2 0.163588
2 0.163635
2 0.164042
5 0.164299
4 0.165646
4 0.166071
1 0.166416
4 0.166591
1 0.166883
1 0.166883
2 0.167097
2 0.167254
2 0.167524
5 0.167645
2 0.167683
2 0.167886
3 0.167982
3 0.168111
3 0.168111
4 0.168716
2 0.169134
2 0.169165
2 0.169477
5 0.170707
1 0.173609
2 0.173640
1 0.173666
5 0.173672
1 0.173681
2 0.173751
1 0.173901
1 0.173978
1 0.173999
1 0.174052
1 0.174118
1 0.174139
1 0.174175
1 0.174189
1 0.174241
3 0.174268
1 0.174412
1 0.174463
1 0.174467
5 0.174473
1 0.174489
1 0.174563
4 0.174623
1 0.174628
1 0.174651
5 0.174692
1 0.174754
1 0.174780
1 0.174842
1 0.174877
1 0.174916
1 0.174929
1 0.174947
1 0.175171
1 0.175250
1 0.175345
1 0.175432
1 0.175441
1 0.175441
1 0.175445
1 0.175455
1 0.175464
1 0.175490
1 0.175506
1 0.175666
1 0.175689
1 0.175746
1 0.175771
1 0.175781
1 0.175781
1 0.175865
1 0.175883
1 0.175893
1 0.175925
1 0.175933
2 0.176059
2 0.176175
1 0.176195
1 0.176218
1 0.176218
1 0.176247
1 0.176267
1 0.176447
1 0.176463
1 0.176493
1 0.176506
1 0.176615
1 0.176788
1 0.176788
1 0.176851
1 0.177007
4 0.177110
1 0.177141
1 0.177178
1 0.177200
1 0.177260
1 0.177379
5 0.177420
1 0.177431
4 0.177440
5 0.177534
1 0.177561
1 0.177561
1 0.177709
1 0.177804
1 0.177962
1 0.177999
4 0.178047
1 0.178060
5 0.178234
1 0.178250
5 0.178275
1 0.178338
1 0.178500
1 0.178534
5 0.178625
1 0.178639
1 0.178639
1 0.178869
1 0.179130
1 0.179610
2 0.179702
1 0.179800
1 0.179907
1 0.180216
1 0.180216
1 0.180255
4 0.180463
1 0.180607
1 0.180626
1 0.180647
1 0.180671
1 0.180697
1 0.180725
1 0.180756
1 0.180791
1 0.180828
2 0.180849
1 0.180871
1 0.180873
1 0.180919
1 0.180921
1 0.180975
1 0.180977
2 0.181022
1 0.181036
1 0.181040
2 0.181082
1 0.181109
1 0.181112
1 0.181127
1 0.181142
1 0.181159
2 0.181172
1 0.181178
1 0.181192
1 0.181197
1 0.181223
1 0.181248
1 0.181276
1 0.181288
1 0.181293
1 0.181307
1 0.181342
2 0.181346
2 0.181372
1 0.181380
1 0.181401
1 0.181406
1 0.181424
1 0.181473
2 0.181476
1 0.181529
1 0.181534
1 0.181540
5 0.181541
1 0.181591
1 0.181663
1 0.181691
1 0.181698
1 0.181717
1 0.181717
1 0.181746
1 0.181843
1 0.181914
1 0.181914
1 0.181956
4 0.181991
1 0.182090
1 0.182122
1 0.182129
1 0.182165
1 0.182165
5 0.182225
1 0.182250
1 0.182408
1 0.182470
1 0.182470
1 0.182471
1 0.182471
1 0.182681
1 0.182698
1 0.182698
1 0.182727
1 0.182727
1 0.182775
1 0.182857
1 0.182857
5 0.182894
1 0.182971
2 0.182971
1 0.183034
1 0.183034
1 0.183296
1 0.183307
1 0.183338
1 0.183354
1 0.183354
1 0.183421
1 0.183421
5 0.183496
1 0.183863
1 0.183922
1 0.183922
1 0.183938
1 0.184014
1 0.184014
2 0.184115
2 0.184306
1 0.184506
1 0.184586
1 0.184586
1 0.184912
1 0.184912
5 0.185062
5 0.185202
1 0.185379
1 0.185488
1 0.185488
1 0.186196
1 0.186196
1 0.186511
5 0.186575
5 0.186591
5 0.186741
1 0.186784
1 0.186784
1 0.186831
1 0.186831
2 0.186977
5 0.187485
2 0.188060
1 0.188102
1 0.188102
2 0.188244
2 0.188386
2 0.188452
2 0.188476
2 0.188482
1 0.188485
2 0.188503
2 0.188612
2 0.188664
1 0.188699
1 0.188699
2 0.188743
2 0.188884
1 0.189192
1 0.189364
1 0.189449
3 0.189544
1 0.189582
1 0.189753
1 0.189797
2 0.189839
1 0.189969
1 0.190055
1 0.190138
8 0.190141
1 0.190189
1 0.190361
1 0.190443
1 0.190524
4 0.190552
1 0.190729
1 0.190748
1 0.190782
2 0.190809
1 0.191056
2 0.191120
1 0.191137
2 0.191158
3 0.191262
1 0.191344
2 0.191389
1 0.191397
2 0.191718
1 0.191889
1 0.191980
2 0.191997
1 0.192511
2 0.192551
1 0.192602
2 0.192662
1 0.192787
2 0.192901
2 0.192936
1 0.192957
1 0.193099
2 0.193183
1 0.193209
2 0.193227
1 0.193415
1 0.193575
1 0.193583
1 0.193586
1 0.193623
1 0.193641
1 0.193729
1 0.193760
1 0.193840
1 0.193849
1 0.193867
4 0.193909
1 0.193934
1 0.194024
1 0.194048
5 0.194137
1 0.194208
1 0.194216
1 0.194257
1 0.194275
1 0.194394
1 0.194484
1 0.194501
1 0.194569
1 0.194660
1 0.194684
2 0.194698
1 0.194765
1 0.194832
1 0.194870
2 0.194917
2 0.194939
2 0.195009
1 0.195087
1 0.195115
1 0.195179
2 0.195187
2 0.195250
1 0.195288
2 0.195296
1 0.195313
2 0.195406
1 0.195406
1 0.195411
2 0.195432
1 0.195474
1 0.195512
2 0.195653
1 0.195654
5 0.195703
1 0.195730
1 0.195758
1 0.195822
2 0.195903
1 0.195932
2 0.195942
1 0.195958
1 0.196056
1 0.196120
1 0.196137
2 0.196160
1 0.196199
1 0.196238
5 0.196276
1 0.196301
2 0.196319
1 0.196449
2 0.196572
1 0.196674
1 0.196684
1 0.196769
1 0.196786
1 0.196849
1 0.196889
1 0.196896
1 0.196956
2 0.196962
1 0.197100
19 0.197240
5 0.197268
1 0.197327
1 0.197337
5 0.197500
1 0.197508
2 0.197542
1 0.197551
1 0.197612
2 0.197663
2 0.197779
2 0.197947
2 0.198071
1 0.198167
2 0.198185
2 0.198211
4 0.198270
4 0.198362
2 0.198783
7 0.198804
4 0.198981
3 0.199389
5 0.199502
2 0.199529
4 0.199555
1 0.199721
5 0.199783
1 0.199829
2 0.199949
1 0.199954
1 0.199962
1 0.200080
1 0.200207
1 0.200247
1 0.200394
1 0.200482
1 0.200504
1 0.200637
1 0.200669
1 0.200695
2 0.200750
1 0.200756
2 0.200865
1 0.200884
1 0.200924
2 0.200999
3 0.201107
1 0.201161
3 0.201291
1 0.201349
2 0.201391
2 0.201696
2 0.201833
5 0.202124
2 0.202274
2 0.202298
7 0.202482
2 0.202569
8 0.202606
5 0.202627
2 0.202633
2 0.202679
5 0.202733
5 0.202889
2 0.202933
2 0.203105
2 0.203145
6 0.203150
1 0.203334
2 0.203360
5 0.203472
4 0.203575
2 0.203683
1 0.204032
2 0.204136
1 0.204324
1 0.204485
1 0.204708
2 0.204817
1 0.204828
1 0.204892
2 0.204927
2 0.204966
1 0.205029
1 0.205031
1 0.205068
5 0.205126
2 0.205158
2 0.205182
1 0.205191
1 0.205198
1 0.205416
2 0.205459
4 0.205672
1 0.205770
1 0.205837
1 0.205881
2 0.205897
1 0.205916
1 0.205924
1 0.205965
1 0.206230
1 0.206334
1 0.206363
5 0.206386
2 0.206434
1 0.206473
1 0.206485
2 0.206492
1 0.206553
1 0.206607
1 0.206625
1 0.206633
1 0.206640
1 0.206682
1 0.206694
1 0.206772
2 0.206775
2 0.206789
2 0.206817
1 0.206843
2 0.206870
2 0.206930
1 0.206951
1 0.207053
1 0.207082
1 0.207193
1 0.207328
4 0.207340
1 0.207346
1 0.207416
1 0.207494
1 0.207566
4 0.207959
2 0.208136
5 0.208289
5 0.208324
2 0.208586
5 0.208875
3 0.209694
2 0.210246
2 0.210461
3 0.210471
2 0.210709
2 0.210735
2 0.210823
3 0.211194
3 0.211235
4 0.211263
1 0.211352
4 0.211386
1 0.211732
3 0.211952
4 0.211964
3 0.211982
1 0.212106
1 0.212489
4 0.212506
1 0.212584
1 0.212588
2 0.212684
1 0.212955
1 0.213351
5 0.213612
1 0.213910
5 0.214102
1 0.214684
5 0.214982
5 0.216093
2 0.216112
1 0.216191
4 0.216511
1 0.216981
2 0.217183
4 0.217185
1 0.217297
1 0.217352
1 0.217520
1 0.217689
1 0.217842
1 0.217872
6 0.217967
1 0.218095
1 0.218133
1 0.218151
1 0.218320
1 0.218489
4 0.218612
1 0.218644
1 0.218673
1 0.218937
17 0.219120
17 0.219120
2 0.219858
4 0.220615
5 0.220616
16 0.222090
4 0.222291
2 0.223360
4 0.226098
1 0.226299
1 0.226729
1 0.227165
4 0.227203
2 0.227381
1 0.228154
2 0.228364
1 0.228876
2 0.228878
2 0.228955
1 0.229033
2 0.229141
4 0.229868
4 0.229881
2 0.229976
2 0.230093
2 0.230170
1 0.230266
1 0.230654
4 0.230721
1 0.230760
3 0.230853
3 0.231095
1 0.231200
4 0.231283
3 0.231309
1 0.231476
1 0.231529
1 0.231640
1 0.231919
1 0.232043
1 0.232061
1 0.232094
1 0.232103
1 0.232547
1 0.232796
4 0.232817
1 0.232846
1 0.232890
1 0.233154
1 0.233165
1 0.233285
4 0.233345
4 0.233364
1 0.233539
1 0.233588
4 0.233600
1 0.233648
1 0.233735
1 0.233742
1 0.233752
1 0.233806
1 0.234092
4 0.234385
1 0.234420
1 0.234520
1 0.234675
4 0.234696
3 0.234724
1 0.234781
4 0.235206
4 0.235668
1 0.235693
1 0.235884
1 0.236073
4 0.236315
1 0.236855
1 0.236887
4 0.236914
1 0.237347
1 0.237436
2 0.237623
1 0.237713
2 0.237880
4 0.237893
1 0.237948
2 0.238159
2 0.238520
2 0.238892
2 0.239474
2 0.239838
1 0.239867
1 0.240669
1 0.241294
1 0.241298
1 0.241491
1 0.241495
1 0.242519
1 0.242546
1 0.242929
1 0.242940
1 0.242993
1 0.243297
1 0.243346
1 0.243576
1 0.243937
1 0.243991
4 0.244289
1 0.244410
1 0.245015
1 0.245286
1 0.245607
3 0.245625
1 0.246035
3 0.246140
1 0.246341
4 0.246520
1 0.246627
4 0.246811
1 0.246915
1 0.247058
15 0.247100
15 0.247100
1 0.247367
1 0.247848
1 0.248861
1 0.248862
1 0.248886
2 0.248930
1 0.249202
1 0.249215
1 0.249350
1 0.249541
2 0.249631
1 0.249909
1 0.250065
1 0.250252
1 0.250402
1 0.250594
2 0.251076
1 0.251122
4 0.252169
1 0.253588
2 0.254159
2 0.254596
1 0.254885
1 0.255035
1 0.255038
4 0.255220
2 0.255312
2 0.255424
2 0.255656
2 0.256100
2 0.256396
2 0.256937
1 0.257217
4 0.258770
2 0.258903
1 0.258922
1 0.259321
1 0.259578
4 0.259594
2 0.261197
3 0.262812
4 0.263311
1 0.263401
1 0.263793
13 0.263800
13 0.263800
1 0.264007
3 0.264033
1 0.264294
1 0.264365
1 0.264574
4 0.264658
1 0.264970
4 0.266485
4 0.266576
1 0.266760
3 0.266770
2 0.266849
2 0.266849
4 0.267132
1 0.267227
1 0.267544
1 0.267565
2 0.267676
4 0.267881
1 0.267883
3 0.267952
1 0.267963
3 0.268029
2 0.268145
2 0.268488
2 0.268501
1 0.268905
2 0.269338
1 0.269357
1 0.269643
1 0.269683
1 0.269982
3 0.269987
2 0.270161
1 0.270537
1 0.270588
1 0.270659
1 0.270689
1 0.270754
2 0.270834
1 0.270873
1 0.271031
1 0.271085
1 0.271151
1 0.271214
1 0.271271
1 0.271295
1 0.271388
1 0.271398
4 0.271441
1 0.271533
2 0.271705
1 0.271786
1 0.271808
1 0.271994
1 0.272004
2 0.272265
4 0.272350
1 0.272390
4 0.272431
2 0.272495
1 0.272540
2 0.272594
1 0.272729
4 0.272961
2 0.273035
2 0.273418
3 0.273486
1 0.273510
2 0.273638
1 0.273987
1 0.274181
2 0.274718
4 0.275589
1 0.276106
2 0.276201
4 0.276276
1 0.276421
4 0.277386
2 0.277767
2 0.278312
2 0.278349
1 0.278757
2 0.278997
2 0.279547
1 0.280154
2 0.280213
2 0.280869
4 0.281079
4 0.281315
4 0.281837
2 0.282032
2 0.282295
2 0.282747
2 0.282859
14 0.282870
1 0.282915
3 0.283258
1 0.283301
2 0.283415
1 0.283673
4 0.283786
1 0.284425
4 0.284552
4 0.284899
1 0.285030
1 0.285091
1 0.285459
1 0.285611
1 0.285671
4 0.285701
1 0.285734
1 0.285997
1 0.286007
2 0.286011
1 0.286042
1 0.286042
2 0.286448
2 0.286496
2 0.286681
2 0.286750
1 0.286808
2 0.287169
4 0.287474
1 0.287609
1 0.287696
1 0.287891
1 0.288006
1 0.288045
1 0.288114
1 0.288203
1 0.288252
1 0.288294
1 0.288551
1 0.288608
1 0.288641
2 0.288813
1 0.288895
4 0.288915
1 0.289111
1 0.289335
2 0.289497
2 0.289497
1 0.289572
1 0.289599
1 0.289763
1 0.289917
1 0.290011
1 0.290136
4 0.290616
4 0.290739
18 0.290875
1 0.291198
1 0.291333
2 0.291383
1 0.291860
4 0.291887
1 0.291898
1 0.291926
4 0.291956
1 0.292072
1 0.292138
2 0.292183
1 0.292195
4 0.292308
1 0.292502
1 0.292516
2 0.292519
1 0.292801
11 0.293000
1 0.293032
1 0.293097
1 0.293166
1 0.293337
1 0.293364
1 0.293394
1 0.293419
1 0.293502
4 0.293526
1 0.293661
1 0.293817
1 0.293998
1 0.294214
1 0.294394
1 0.294611
1 0.294623
11 0.294700
1 0.294775
2 0.294807
1 0.294858
4 0.294872
1 0.294985
2 0.295071
11 0.295500
2 0.295587
4 0.295625
1 0.295806
2 0.295857
2 0.295913
4 0.296021
1 0.296610
1 0.296674
1 0.297023
1 0.297047
4 0.297378
1 0.297488
1 0.297935
4 0.297967
1 0.297981
2 0.298054
2 0.298055
1 0.298163
1 0.298223
1 0.298234
1 0.298286
1 0.298634
1 0.298654
1 0.298786
1 0.298869
1 0.298877
2 0.298979
1 0.298984
1 0.299083
1 0.299198
4 0.299284
1 0.299313
1 0.299367
4 0.299694
1 0.299758
4 0.300119
4 0.300162
1 0.300199
1 0.300352
1 0.300360
1 0.300729
1 0.300736
1 0.300980
4 0.301071
1 0.301625
2 0.301626
1 0.301879
1 0.301923
1 0.302023
1 0.302459
1 0.302962
4 0.302978
1 0.303164
2 0.303429
1 0.303465
1 0.303581
1 0.303604
1 0.303610
1 0.303962
1 0.303971
1 0.304066
2 0.304080
1 0.304323
1 0.304331
1 0.304343
1 0.304435
1 0.304444
1 0.304490
1 0.304559
2 0.304661
1 0.304672
1 0.304689
1 0.304801
1 0.305068
1 0.305132
1 0.305144
1 0.305208
1 0.305263
2 0.305381
1 0.305394
1 0.305500
1 0.305544
1 0.305613
1 0.305720
1 0.305840
1 0.306075
2 0.306142
1 0.306192
1 0.306297
1 0.306327
1 0.306397
1 0.306440
2 0.306601
1 0.306752
1 0.306781
4 0.306837
1 0.306907
1 0.306963
1 0.306989
1 0.307147
1 0.307196
1 0.307423
1 0.307465
2 0.307625
2 0.307828
2 0.307858
4 0.307925
1 0.308120
1 0.308212
1 0.308224
1 0.308261
1 0.308320
2 0.308344
1 0.308357
2 0.308397
1 0.308431
1 0.308572
2 0.308647
1 0.308661
1 0.308678
1 0.308705
1 0.308752
2 0.308842
1 0.308846
2 0.309064
1 0.309081
1 0.309103
1 0.309115
1 0.309126
1 0.309147
2 0.309339
1 0.309378
1 0.309455
1 0.309485
1 0.309564
1 0.309570
2 0.309769
1 0.309795
1 0.309860
2 0.310118
1 0.310174
1 0.310223
1 0.310249
1 0.310292
2 0.310682
1 0.310727
1 0.310733
2 0.310827
2 0.310842
1 0.310923
2 0.310940
2 0.311469
1 0.311667
1 0.311836
1 0.311881
1 0.311902
2 0.312337
2 0.312386
1 0.312468
1 0.312689
2 0.312691
2 0.312918
1 0.312954
2 0.313399
2 0.313935
2 0.314063
1 0.314399
1 0.314424
1 0.314433
1 0.314754
2 0.314779
1 0.314817
1 0.314850
1 0.314952
1 0.315437
1 0.315451
2 0.315586
1 0.315641
1 0.315857
1 0.315922
1 0.316027
1 0.316186
1 0.316196
1 0.317043
1 0.317052
1 0.317075
2 0.317127
1 0.317183
1 0.317198
1 0.317319
1 0.317344
1 0.317364
1 0.317485
1 0.317546
1 0.317606
1 0.317615
1 0.317672
2 0.317757
1 0.317802
1 0.317828
1 0.317924
1 0.318048
1 0.318246
1 0.318306
1 0.318322
1 0.318444
1 0.318524
1 0.318535
1 0.318696
2 0.318804
1 0.318940
1 0.318954
1 0.318983
2 0.319130
2 0.319191
1 0.319380
1 0.319412
1 0.319475
1 0.319497
1 0.319522
1 0.319580
1 0.319648
1 0.319706
1 0.319743
1 0.319830
2 0.320026
1 0.320175
1 0.320251
1 0.320351
1 0.320362
1 0.320380
1 0.320410
1 0.320446
1 0.320609
1 0.320677
14 0.320740
14 0.320780
1 0.320794
1 0.320824
1 0.321018
1 0.321067
1 0.321186
1 0.321470
1 0.321620
1 0.321713
1 0.321964
1 0.322087
1 0.322367
1 0.322535
4 0.322578
1 0.322769
1 0.322927
1 0.323160
1 0.323208
1 0.323250
1 0.323440
1 0.323602
1 0.323701
1 0.323722
1 0.323936
1 0.323983
1 0.324165
1 0.324432
1 0.324473
1 0.324490
2 0.324510
2 0.324587
1 0.324639
1 0.324845
2 0.325225
1 0.325338
1 0.325433
1 0.325662
2 0.326113
1 0.326120
2 0.326176
1 0.326194
2 0.326268
1 0.326559
1 0.326820
1 0.326861
2 0.327049
1 0.327084
1 0.327457
1 0.327637
1 0.327771
1 0.327900
1 0.327945
1 0.328112
1 0.328172
1 0.328299
1 0.328338
1 0.328548
1 0.328590
1 0.328601
1 0.328755
1 0.328810
1 0.328909
1 0.329110
1 0.329158
1 0.329390
2 0.329660
1 0.329678
1 0.329821
1 0.329831
1 0.329952
2 0.330031
4 0.330198
1 0.330230
1 0.330333
1 0.330445
1 0.330468
2 0.330516
1 0.330520
1 0.330603
7 0.330689
7 0.330689
1 0.330712
1 0.330772
2 0.330788
1 0.330825
1 0.330971
1 0.331097
1 0.331208
1 0.331252
2 0.331265
2 0.331367
1 0.331405
2 0.331447
1 0.331555
1 0.331618
1 0.331659
1 0.331747
2 0.331769
2 0.331798
1 0.331841
2 0.331863
1 0.331894
1 0.331989
1 0.332112
2 0.332136
1 0.332147
2 0.332165
1 0.332210
1 0.332253
2 0.332297
2 0.332326
1 0.332504
1 0.332631
2 0.332767
1 0.332785
1 0.332854
1 0.333034
1 0.333112
1 0.333122
1 0.333155
1 0.333166
2 0.333200
1 0.333246
1 0.333338
1 0.333381
1 0.333444
1 0.333483
1 0.333549
1 0.333712
1 0.333752
1 0.333762
1 0.333773
1 0.333786
1 0.334028
1 0.334077
1 0.334113
1 0.334162
1 0.334198
1 0.334246
1 0.334354
1 0.334366
1 0.334381
2 0.334419
1 0.334420
1 0.334425
1 0.334601
1 0.334642
1 0.334692
1 0.334778
1 0.334924
1 0.334948
1 0.334980
1 0.335017
1 0.335073
1 0.335096
8 0.335148
1 0.335212
2 0.335302
1 0.335339
1 0.335401
2 0.335469
1 0.335469
1 0.335493
1 0.335826
1 0.335882
1 0.335989
2 0.336020
2 0.336064
2 0.336223
2 0.336289
1 0.336392
2 0.336444
1 0.336536
1 0.336581
2 0.336650
2 0.336739
2 0.336990
2 0.337312
1 0.337413
1 0.337424
2 0.337449
1 0.337572
1 0.337882
1 0.337883
2 0.337917
2 0.338013
1 0.338021
2 0.338035
1 0.338158
1 0.338239
7 0.338266
7 0.338266
1 0.338270
2 0.338632
1 0.338681
1 0.338776
1 0.338950
1 0.339028
4 0.339121
1 0.339239
1 0.339389
2 0.339521
1 0.339578
1 0.339960
1 0.340285
1 0.341065
1 0.341113
1 0.341193
1 0.341765
1 0.341795
1 0.341951
1 0.342033
1 0.342639
1 0.342865
1 0.343018
1 0.343046
1 0.343234
1 0.343412
1 0.343438
2 0.343481
1 0.343653
1 0.343855
1 0.344037
1 0.344115
1 0.344497
1 0.344556
1 0.344613
1 0.344902
1 0.344949
1 0.345020
1 0.345305
1 0.345343
1 0.345688
1 0.345784
1 0.345793
1 0.345843
1 0.345972
1 0.346167
1 0.346179
1 0.346316
1 0.346404
1 0.346566
1 0.346760
1 0.347002
1 0.347020
1 0.347032
1 0.347060
1 0.347070
1 0.347155
1 0.347205
1 0.347213
1 0.347602
1 0.347927
1 0.347990
1 0.348056
3 0.348075
3 0.348078
1 0.348113
3 0.348206
1 0.348418
1 0.348462
1 0.348649
1 0.348765
1 0.348810
1 0.348862
1 0.349119
1 0.349643
1 0.349727
1 0.349979
1 0.349990
1 0.350021
1 0.350133
1 0.350220
1 0.350305
1 0.350465
1 0.350574
1 0.350657
1 0.350682
1 0.350901
1 0.351265
1 0.351445
1 0.351636
1 0.351718
1 0.351743
2 0.351764
1 0.352164
1 0.352243
1 0.352312
1 0.352370
1 0.352868
1 0.353035
1 0.353105
2 0.353603
2 0.353672
1 0.353841
1 0.354053
1 0.354177
1 0.354476
1 0.355343
1 0.355402
1 0.355773
1 0.355790
2 0.355955
1 0.356028
1 0.356064
1 0.356479
1 0.356533
1 0.356794
2 0.356872
1 0.356932
2 0.357355
1 0.357575
1 0.357633
2 0.357736
1 0.357950
2 0.358167
2 0.358195
1 0.358298
1 0.358398
2 0.358780
8 0.359039
8 0.359039
2 0.359066
2 0.359150
2 0.359214
6 0.359304
2 0.359511
2 0.359586
8 0.359729
8 0.359729
2 0.359836
1 0.359944
8 0.359950
8 0.359950
1 0.360006
1 0.360242
1 0.360267
8 0.360639
8 0.360643
2 0.360647
1 0.360782
2 0.361486
8 0.361556
2 0.361638
1 0.361849
1 0.362234
1 0.362413
1 0.362643
2 0.363014
2 0.363178
1 0.363406
1 0.363633
1 0.363746
2 0.364345
1 0.364363
2 0.364382
2 0.364479
1 0.364573
2 0.364635
1 0.364795
1 0.364859
1 0.365017
1 0.365172
2 0.365284
1 0.365284
2 0.365284
2 0.365468
1 0.365784
1 0.365861
8 0.366155
8 0.366155
1 0.366376
2 0.366529
2 0.366758
8 0.366872
2 0.367053
2 0.367631
2 0.367767
2 0.367938
1 0.368111
1 0.368414
1 0.368981
1 0.369015
1 0.369138
1 0.369171
1 0.369405
2 0.369809
2 0.370184
2 0.370911
1 0.371317
1 0.371357
1 0.371530
1 0.371728
2 0.371737
1 0.371815
1 0.371880
1 0.372570
1 0.373080
1 0.373130
1 0.373457
1 0.373753
1 0.373776
1 0.374716
1 0.375104
1 0.375223
1 0.375623
1 0.376104
1 0.377014
2 0.377942
1 0.378149
1 0.378460
1 0.379226
1 0.379561
1 0.380163
1 0.380962
1 0.381281
1 0.381281
1 0.381337
1 0.381614
1 0.381890
1 0.382028
1 0.382045
1 0.382349
1 0.382357
1 0.382601
1 0.382645
4 0.382771
1 0.382839
2 0.383416
1 0.383446
1 0.383446
1 0.383548
1 0.383751
1 0.383762
1 0.383836
2 0.384414
1 0.384596
1 0.384651
1 0.384778
1 0.384917
2 0.385251
1 0.385291
1 0.385518
1 0.385615
2 0.385848
1 0.385920
1 0.386046
2 0.386047
2 0.386069
1 0.386100
1 0.386340
1 0.386372
1 0.386481
1 0.386483
2 0.386533
1 0.386637
1 0.387073
2 0.387214
1 0.387298
1 0.387526
1 0.387543
1 0.387682
1 0.387935
1 0.387939
2 0.387944
1 0.388084
1 0.388490
1 0.388512
1 0.388532
1 0.388653
1 0.388764
2 0.388854
1 0.389121
2 0.389123
1 0.389197
1 0.389590
1 0.389608
1 0.390008
1 0.390079
1 0.390131
2 0.390316
1 0.390576
1 0.390754
1 0.390859
1 0.391292
1 0.391606
1 0.391932
1 0.392421
2 0.392459
2 0.392527
1 0.392880
1 0.392894
2 0.393029
1 0.393127
1 0.393311
1 0.393313
1 0.393371
1 0.393449
2 0.393601
2 0.393795
2 0.393796
1 0.393970
1 0.394013
1 0.394042
2 0.394060
1 0.394208
1 0.394251
2 0.394317
2 0.394317
2 0.394445
1 0.394478
2 0.394651
1 0.394729
1 0.395111
2 0.395239
1 0.395339
2 0.395451
2 0.395813
2 0.395889
2 0.395922
1 0.395931
2 0.396682
1 0.396932
2 0.397158
2 0.397169
2 0.397491
2 0.397520
1 0.397634
1 0.397928
1 0.398896
2 0.399018
1 0.399494
2 0.399663
2 0.399664
1 0.399773
2 0.399912
1 0.400818
1 0.400897
2 0.400956
2 0.400974
2 0.401561
1 0.401890
1 0.402153
1 0.402435
1 0.402481
1 0.403176
1 0.403251
1 0.403309
1 0.403403
1 0.403536
1 0.403551
1 0.403800
1 0.404030
3 0.404165
3 0.404165
3 0.404165
2 0.404380
1 0.404495
2 0.404739
1 0.404762
1 0.404894
1 0.405109
2 0.405186
1 0.405297
1 0.405374
1 0.405569
1 0.405774
1 0.406125
3 0.406236
1 0.406303
1 0.406377
1 0.406815
1 0.406841
1 0.406879
3 0.406981
3 0.406985
4 0.407397
1 0.407611
1 0.407626
1 0.407972
1 0.408172
1 0.408354
1 0.408618
1 0.408718
1 0.408782
1 0.408830
1 0.408863
1 0.409427
1 0.409602
1 0.409800
1 0.409952
1 0.410147
1 0.410168
1 0.410399
1 0.410585
1 0.410853
1 0.410861
1 0.412771
1 0.413121
1 0.413415
1 0.413791
1 0.413795
1 0.414144
1 0.414744
1 0.414855
1 0.415252
1 0.415351
1 0.415591
1 0.415691
1 0.415814
1 0.415953
1 0.416287
1 0.416302
1 0.416636
1 0.417129
1 0.417271
1 0.417865
1 0.417874
1 0.418010
1 0.418091
2 0.418550
1 0.418591
1 0.418760
1 0.418817
1 0.418878
1 0.419182
1 0.419471
1 0.419487
1 0.419628
1 0.419691
1 0.419763
1 0.420065
1 0.420570
1 0.420639
1 0.420796
1 0.421107
1 0.421211
1 0.421351
1 0.421367
1 0.421727
1 0.421941
1 0.421958
1 0.422089
1 0.422257
1 0.422265
1 0.422304
1 0.422539
1 0.422604
1 0.422609
1 0.422673
1 0.422688
3 0.422697
1 0.422865
3 0.423056
3 0.423057
1 0.423283
1 0.423311
1 0.423362
1 0.423478
1 0.423647
1 0.423900
1 0.423924
1 0.424075
1 0.424734
2 0.424802
18 0.424810
1 0.425389
1 0.425849
1 0.426085
1 0.426150
1 0.426251
2 0.426482
1 0.426912
1 0.427011
1 0.427161
1 0.427198
1 0.427541
1 0.427541
1 0.427613
2 0.428113
1 0.428324
1 0.428445
1 0.428476
1 0.428493
1 0.428548
1 0.428703
1 0.428776
2 0.429597
2 0.430692
1 0.430986
1 0.431051
3 0.431067
1 0.431069
2 0.431530
2 0.432195
1 0.432359
2 0.432621
1 0.433046
1 0.433062
1 0.433294
1 0.433949
2 0.433989
1 0.434184
1 0.434974
1 0.434974
1 0.435335
1 0.435556
16 0.435555
2 0.435582
1 0.435808
1 0.435867
1 0.435988
1 0.436030
1 0.436088
1 0.436615
2 0.437569
1 0.437640
1 0.437654
1 0.437752
1 0.438248
2 0.438604
18 0.438790
1 0.439083
1 0.439293
8 0.439463
8 0.439463
1 0.439593
1 0.439717
1 0.439936
2 0.440162
1 0.440162
1 0.440164
1 0.440566
1 0.441504
2 0.441679
1 0.441973
2 0.442191
1 0.442652
1 0.443013
1 0.443176
2 0.443260
2 0.443452
1 0.449747
2 0.450521
1 0.451264
1 0.451710
2 0.452110
1 0.452212
1 0.452319
1 0.452508
1 0.452509
2 0.453120
16 0.453165
16 0.453170
1 0.453297
1 0.453367
1 0.453549
1 0.454383
1 0.454426
1 0.455056
1 0.455394
2 0.455447
1 0.455850
1 0.455909
2 0.456112
1 0.456399
1 0.456956
1 0.457297
1 0.457526
4 0.457794
1 0.458006
1 0.458025
1 0.458331
1 0.458630
1 0.458905
1 0.459177
1 0.459422
4 0.459569
4 0.459569
1 0.459579
1 0.459598
1 0.459697
1 0.459943
1 0.459974
2 0.460279
1 0.460520
1 0.460601
1 0.460814
1 0.461081
1 0.461124
1 0.461170
4 0.461364
4 0.461394
1 0.461508
4 0.461540
4 0.461601
1 0.462111
4 0.462159
4 0.462220
1 0.462941
1 0.463047
1 0.463583
1 0.463827
3 0.463911
4 0.464074
1 0.464074
1 0.464113
4 0.464130
4 0.464130
1 0.464177
3 0.464341
1 0.464843
3 0.464945
1 0.465279
1 0.465372
1 0.465581
1 0.465645
1 0.465684
1 0.466299
2 0.466370
1 0.466556
1 0.466713
1 0.467000
2 0.467171
6 0.467443
6 0.467443
1 0.467471
1 0.468173
1 0.468825
2 0.469959
1 0.470260
1 0.470825
1 0.471063
1 0.471304
1 0.471517
1 0.471562
1 0.471756
1 0.471835
1 0.472015
1 0.472063
1 0.472213
1 0.473009
1 0.473053
1 0.473055
1 0.473341
1 0.473362
1 0.473543
1 0.473641
1 0.473897
2 0.474052
3 0.474228
1 0.474235
1 0.474515
1 0.474743
1 0.475029
1 0.475449
1 0.476027
1 0.476441
1 0.477279
2 0.477444
1 0.478069
3 0.478220
1 0.478566
2 0.478797
2 0.479091
1 0.479285
1 0.479426
2 0.480437
2 0.481384
2 0.481695
2 0.482148
7 0.482198
7 0.482198
2 0.482358
1 0.482863
2 0.483407
1 0.483501
1 0.484078
2 0.484113
1 0.484181
1 0.484221
1 0.484903
1 0.485342
1 0.485404
2 0.485816
2 0.485998
1 0.486050
1 0.486596
1 0.486617
2 0.487104
4 0.487433
1 0.487663
1 0.487949
1 0.487971
1 0.488212
1 0.488473
1 0.488500
1 0.489174
1 0.489391
1 0.489435
1 0.489743
1 0.490299
1 0.490804
1 0.491112
1 0.492399
1 0.492421
3 0.492467
1 0.493563
1 0.493710
1 0.493732
1 0.494226
1 0.494270
3 0.494546
2 0.495158
1 0.495306
1 0.495545
1 0.495545
1 0.497506
2 0.497561
1 0.498175
7 0.498480
7 0.498480
1 0.498482
2 0.498913
1 0.499154
3 0.499428
1 0.499639
3 0.499875
3 0.499875
3 0.499875
1 0.500650
3 0.500820
1 0.501817
1 0.501888
1 0.501980
1 0.502153
1 0.502194
1 0.502225
1 0.502292
1 0.502802
3 0.502807
3 0.502972
1 0.503165
2 0.503242
3 0.503348
1 0.503410
4 0.503532
1 0.503844
3 0.503858
1 0.504157
7 0.504424
7 0.504424
1 0.504585
1 0.504749
1 0.505447
1 0.505539
1 0.505566
1 0.505589
1 0.505818
1 0.505855
1 0.506332
1 0.506572
1 0.506779
1 0.507003
1 0.507025
1 0.507158
1 0.507167
1 0.507412
1 0.507723
1 0.508162
1 0.508250
1 0.508298
1 0.508514
1 0.508696
1 0.508811
1 0.508855
1 0.508926
1 0.509133
1 0.509387
1 0.509491
1 0.509507
1 0.509764
1 0.509814
1 0.509883
1 0.510060
1 0.510070
1 0.510255
1 0.510706
1 0.510879
1 0.511049
1 0.511428
1 0.511808
1 0.511818
1 0.512034
8 0.512316
8 0.512316
1 0.512581
1 0.513175
1 0.513300
1 0.513422
3 0.514504
3 0.514504
3 0.514504
1 0.514851
1 0.515842
4 0.518919
1 0.519523
1 0.520370
1 0.521199
1 0.521279
1 0.521663
1 0.521978
1 0.522032
1 0.522108
1 0.522110
7 0.522269
2 0.524127
1 0.525984
1 0.528645
1 0.528724
2 0.529679
1 0.530344
1 0.531615
1 0.531706
2 0.531984
1 0.532454
1 0.532524
1 0.532686
1 0.532723
1 0.533327
2 0.533572
1 0.534091
2 0.534247
1 0.534255
4 0.534293
2 0.534355
1 0.534446
1 0.535081
1 0.535121
1 0.535176
1 0.535727
1 0.535758
1 0.535831
2 0.535869
1 0.537686
2 0.539092
1 0.539243
1 0.539357
1 0.540083
1 0.540423
2 0.540559
1 0.541766
1 0.541792
1 0.542383
2 0.542388
1 0.542707
1 0.543093
1 0.543449
1 0.543475
2 0.543525
1 0.543979
1 0.544055
1 0.544224
1 0.544413
1 0.544530
1 0.544771
1 0.544891
1 0.545039
1 0.545288
1 0.545381
1 0.545675
1 0.546647
1 0.546674
1 0.546993
1 0.547023
1 0.547371
1 0.547617
4 0.547924
1 0.548352
1 0.548552
1 0.548615
4 0.550327
1 0.551575
1 0.551650
1 0.551692
1 0.552125
1 0.552204
1 0.552763
1 0.552791
2 0.552832
1 0.553800
6 0.554112
6 0.554112
1 0.554260
1 0.554797
1 0.555123
1 0.555195
1 0.555340
2 0.555377
1 0.555514
1 0.555554
1 0.555907
1 0.556268
1 0.556643
1 0.557279
1 0.558132
1 0.559292
1 0.559493
1 0.560574
1 0.561047
1 0.561168
1 0.562158
4 0.562229
1 0.562530
1 0.562559
1 0.563261
1 0.563643
2 0.564257
1 0.564665
1 0.564794
1 0.564915
1 0.565114
2 0.565947
2 0.565993
1 0.566329
2 0.566873
1 0.567031
2 0.567062
1 0.567340
4 0.567908
1 0.568176
1 0.568578
2 0.568578
1 0.568843
1 0.568846
1 0.569295
1 0.570176
4 0.570739
4 0.570841
1 0.571022
1 0.571337
1 0.571890
4 0.571998
1 0.572253
1 0.572571
1 0.573681
1 0.574025
1 0.574092
1 0.574298
4 0.577318
1 0.580385
2 0.580836
1 0.582514
2 0.589165
1 0.589621
6 0.590460
4 0.591010
1 0.592071
1 0.593288
1 0.594215
1 0.594429
1 0.594697
1 0.595271
1 0.595378
1 0.596312
1 0.596987
1 0.597014
1 0.597082
1 0.598054
1 0.598518
1 0.599008
1 0.599056
1 0.599451
1 0.600380
1 0.601892
1 0.601893
1 0.602332
4 0.602732
1 0.602782
1 0.603191
1 0.603595
1 0.603691
1 0.604321
1 0.605056
2 0.606094
1 0.606310
1 0.607011
1 0.608124
1 0.608762
1 0.609549
1 0.609758
1 0.611016
1 0.611252
1 0.611445
1 0.612757
1 0.614792
1 0.615289
2 0.617766
2 0.617992
1 0.617995
1 0.619539
1 0.619540
1 0.620015
1 0.621238
2 0.622573
1 0.623345
2 0.623730
3 0.624004
2 0.624060
1 0.624115
1 0.624151
1 0.624624
2 0.624737
1 0.625167
3 0.625339
3 0.625341
3 0.625597
3 0.625774
1 0.626065
1 0.626225
1 0.626396
1 0.627165
1 0.627488
1 0.627803
1 0.628139
2 0.628150
1 0.628184
1 0.628188
2 0.628510
1 0.628590
1 0.628648
1 0.628981
1 0.629477
1 0.629938
2 0.630246
2 0.630436
1 0.630739
1 0.630774
1 0.630858
3 0.630934
2 0.631127
2 0.631166
1 0.631169
1 0.631849
1 0.632024
2 0.632259
1 0.632378
1 0.632448
2 0.632686
1 0.632896
1 0.633371
2 0.633881
2 0.634381
1 0.634656
2 0.634872
2 0.636075
2 0.636304
2 0.636381
1 0.636400
1 0.636464
2 0.637224
1 0.637786
2 0.637805
1 0.637859
1 0.638057
2 0.638513
1 0.640031
15 0.640600
15 0.640600
1 0.640993
1 0.641510
2 0.642208
1 0.642381
1 0.642416
2 0.642711
2 0.643026
2 0.643064
1 0.643574
1 0.643596
1 0.643950
1 0.644012
1 0.644435
1 0.644850
1 0.644985
1 0.645264
1 0.645371
1 0.646331
2 0.646481
1 0.646490
2 0.647330
2 0.647515
2 0.647959
1 0.648677
1 0.649062
1 0.649109
1 0.649715
2 0.649832
2 0.650226
2 0.651795
1 0.652736
2 0.653306
2 0.653858
2 0.654224
2 0.654438
1 0.654968
4 0.654985
2 0.655204
2 0.655717
1 0.655964
1 0.656001
1 0.656001
1 0.656024
2 0.656049
2 0.657049
1 0.657111
2 0.657353
1 0.657717
2 0.657722
2 0.657762
1 0.657993
2 0.658309
2 0.659904
1 0.660198
2 0.660641
2 0.661229
2 0.661252
2 0.661296
2 0.661991
2 0.662082
1 0.662204
1 0.664466
2 0.664805
2 0.664826
2 0.665573
2 0.666039
2 0.666084
2 0.670107
1 0.670793
2 0.670795
1 0.670936
1 0.671610
1 0.671645
1 0.671953
2 0.672023
1 0.672204
2 0.672360
1 0.673262
1 0.673341
2 0.673802
1 0.673904
1 0.673974
1 0.674131
1 0.675297
1 0.677101
1 0.677168
1 0.677171
1 0.678816
1 0.679563
1 0.679626
1 0.679648
1 0.679676
1 0.679684
1 0.679912
1 0.680149
1 0.680556
1 0.680650
1 0.681899
1 0.682138
2 0.682568
1 0.683139
1 0.683691
2 0.684411
2 0.684498
2 0.685627
2 0.685842
2 0.685897
2 0.687399
1 0.687613
2 0.687758
1 0.687926
1 0.688293
1 0.688700
1 0.691647
1 0.692591
1 0.694928
1 0.695104
1 0.695234
1 0.696358
2 0.697010
4 0.697471
1 0.698748
1 0.701213
2 0.704543
1 0.705866
1 0.707570
1 0.707660
1 0.708496
1 0.709969
2 0.710048
1 0.710487
1 0.711002
1 0.712912
1 0.712972
1 0.714007
2 0.715317
1 0.717106
2 0.719283
2 0.719433
1 0.720030
1 0.721140
1 0.721814
1 0.721829
1 0.722630
2 0.724320
2 0.724448
2 0.724450
1 0.724604
1 0.724681
1 0.725367
1 0.725958
1 0.726703
1 0.726704
4 0.726956
2 0.727666
1 0.727748
1 0.727966
1 0.728947
2 0.729524
1 0.730262
2 0.731140
18 0.732060
1 0.732222
1 0.732574
2 0.732921
1 0.733451
1 0.734061
3 0.734102
3 0.734677
3 0.734677
1 0.735984
1 0.736622
1 0.738115
2 0.742614
2 0.742816
2 0.744186
2 0.744439
3 0.745120
2 0.745302
1 0.745518
1 0.746048
1 0.746593
2 0.746693
1 0.747691
2 0.748399
2 0.748539
2 0.749528
1 0.749781
1 0.750531
1 0.750593
1 0.751320
1 0.751400
1 0.751400
1 0.751898
1 0.752380
1 0.752613
1 0.752647
1 0.752872
2 0.752884
1 0.753666
1 0.754688
1 0.754817
3 0.755023
1 0.755245
1 0.755415
1 0.755602
1 0.755759
1 0.756140
1 0.756555
1 0.756665
2 0.757197
1 0.757540
1 0.757650
1 0.758444
1 0.758655
1 0.758656
1 0.759843
1 0.760629
4 0.761470
4 0.761470
1 0.761954
1 0.762604
1 0.762983
4 0.764171
4 0.764171
4 0.764218
4 0.764218
4 0.765609
4 0.765609
1 0.766467
1 0.766780
1 0.766944
4 0.768050
4 0.768050
4 0.768609
4 0.768609
4 0.769141
4 0.769141
4 0.769141
1 0.769754
1 0.769854
1 0.769989
1 0.770078
4 0.770588
4 0.770588
4 0.770588
4 0.770627
4 0.770627
4 0.770627
2 0.771129
4 0.771686
4 0.771686
4 0.771686
4 0.772828
4 0.772828
4 0.772828
1 0.772910
1 0.773189
1 0.774029
1 0.774331
1 0.774343
1 0.774499
1 0.775249
1 0.775494
1 0.777318
1 0.778633
1 0.778731
1 0.779684
1 0.780086
1 0.780257
1 0.781321
1 0.782370
1 0.783290
1 0.786432
1 0.786741
2 0.786839
3 0.787081
3 0.787081
3 0.787081
1 0.787094
1 0.789675
1 0.790161
1 0.790225
2 0.790411
1 0.791021
1 0.791794
2 0.792160
1 0.792777
1 0.792874
1 0.793480
1 0.794168
2 0.795919
1 0.797391
1 0.797997
1 0.798601
1 0.798652
1 0.799212
1 0.799834
1 0.800365
1 0.800466
1 0.801319
2 0.804450
1 0.804574
1 0.804604
3 0.804701
3 0.804701
3 0.804701
1 0.805281
2 0.807023
2 0.808555
2 0.810001
1 0.810104
1 0.810833
1 0.811314
2 0.812607
1 0.814197
2 0.814579
1 0.814932
2 0.815341
1 0.816799
1 0.817175
2 0.817292
1 0.818355
1 0.818551
2 0.818586
1 0.819705
1 0.819924
2 0.820451
2 0.820532
1 0.821049
2 0.821164
2 0.822680
2 0.822746
2 0.822853
3 0.822883
3 0.822883
3 0.822883
2 0.823031
2 0.823080
1 0.823116
1 0.824129
1 0.824340
2 0.824447
2 0.825365
2 0.825948
2 0.826344
2 0.826361
2 0.827163
2 0.827355
2 0.827518
2 0.827654
2 0.827793
1 0.828546
2 0.828898
2 0.829962
2 0.830061
2 0.830994
2 0.831085
2 0.831350
2 0.831595
2 0.831675
1 0.831884
1 0.832703
2 0.832891
2 0.833440
2 0.833734
2 0.834265
2 0.834957
2 0.834988
2 0.836393
1 0.836647
2 0.837147
2 0.837331
2 0.837402
2 0.837931
2 0.837937
2 0.837978
1 0.838011
2 0.838289
2 0.838367
1 0.838486
2 0.838663
1 0.839914
2 0.840526
2 0.840796
1 0.841458
2 0.842002
1 0.842873
2 0.842918
2 0.842958
2 0.843032
1 0.843722
1 0.843789
2 0.844269
2 0.844272
2 0.845286
2 0.846726
2 0.848501
2 0.848885
2 0.849044
2 0.849163
3 0.853573
3 0.853573
3 0.853573
2 0.854219
2 0.855215
1 0.856627
1 0.860601
2 0.863170
1 0.869364
2 0.869475
1 0.869685
1 0.872692
2 0.872789
1 0.876109
1 0.876110
1 0.876390
1 0.876392
1 0.877740
1 0.877743
1 0.879714
2 0.881131
2 0.881234
3 0.881667
2 0.881739
2 0.882137
1 0.882627
3 0.883228
3 0.883225
1 0.883676
2 0.883860
2 0.884550
3 0.886818
3 0.886835
3 0.888402
2 0.888741
2 0.889205
2 0.889498
2 0.890935
2 0.891560
2 0.892323
2 0.893991
2 0.894328
2 0.897363
2 0.906197
2 0.906291
2 0.908278
2 0.908560
2 0.908743
2 0.911179
2 0.913731
2 0.915119
2 0.917067
2 0.917895
2 0.920196
2 0.925458
2 0.925642
2 0.928995
15 0.929400
15 0.929400
2 0.931484
2 0.935168
2 0.936005
2 0.937367
3 0.937434
1 0.938210
2 0.938938
2 0.945000
3 0.945003
2 0.952854
2 0.954431
2 0.957228
2 0.957237
2 0.958020
2 0.958818
2 0.958827
2 0.960144
2 0.960338
2 0.960871
2 0.961769
2 0.963372
2 0.963876
2 0.964656
2 0.966205
2 0.966214
2 0.967786
2 0.969191
2 0.969201
2 0.969285
2 0.969295
2 0.969386
2 0.970567
2 0.970604
1 0.971996
1 0.972323
2 0.972813
2 0.973788
2 0.973940
2 0.974716
2 0.975994
2 0.976325
2 0.976712
2 0.976965
2 0.977019
2 0.977019
2 0.977618
1 0.978070
2 0.978948
2 0.980641
2 0.981039
2 0.981097
2 0.981419
2 0.981431
2 0.981618
2 0.982546
2 0.986279
2 0.989683
2 0.989684
2 0.990230
2 0.990288
2 0.991063
1 0.991432
2 0.993911
1 0.994974
2 0.995066
1 0.997908
2 0.999172
2 1.001462
1 1.002780
2 1.004144
1 1.006026
1 1.015823
1 1.023620
1 1.052949
2 1.066354
1 1.068698
1 1.070759
1 1.071391
1 1.071978
1 1.072957
1 1.073107
1 1.075077
1 1.077064
2 1.078338
1 1.079434
1 1.079437
1 1.092204
1 1.099664
1 1.103548
1 1.105261
1 1.107420
1 1.111621
1 1.121022
1 1.147853
1 1.159708
1 1.168290
1 1.171677
1 1.177610
1 1.180285
1 1.185828
1 1.187467
1 1.187986
1 1.215663
1 1.225628
1 1.232364
1 1.237434
1 1.290859
1 1.303005
1 1.308197
1 1.310344
1 1.349371
1 1.351054
1 1.358219
2 1.360258
1 1.360583
2 1.370121
1 1.372936
2 1.375283
2 1.375355
1 1.376508
2 1.385439
1 1.387405
1 1.391000
2 1.395356
1 1.398806
1 1.398909
1 1.421510
1 1.425212
1 1.436551
1 1.437200
1 1.444542
1 1.444673
1 1.448485
1 1.500772
1 1.504158
1 1.510817
1 1.578864
1 1.581136
1 1.603741
1 1.603745
1 1.607250
1 1.611597
1 1.620102
1 1.622155
1 1.623436
1 1.626484
1 1.637161
1 1.637553
1 1.641647
1 1.644785
1 1.645469
1 1.645612
1 1.646327
1 1.649264
1 1.654552
1 1.663090
1 1.665916
1 1.669219
1 1.671156
1 1.672786
1 1.675673
1 1.719496
1 1.721780
9 1.735780
9 1.735780
1 1.737501
1 1.744938
1 1.752760
1 1.753322
1 1.759562
1 1.763334
1 1.768544
1 1.769708
1 1.770500
1 1.770507
1 1.771891
1 1.778105
1 1.778793
1 1.787792
1 1.790864
1 1.792532
1 1.795744
1 1.796376
1 1.798260
1 1.798724
1 1.805595
1 1.806022
1 1.806622
1 1.809139
1 1.809323
1 1.809326
1 1.815013
8 1.815600
1 1.822223
1 1.823156
1 1.823744
1 1.824025
1 1.828583
1 1.846082
1 1.852899
1 1.855435
1 1.870918
9 1.894300
1 1.938768
1 1.938774
1 1.951898
1 1.961611
1 1.981269
1 1.984545
1 1.986082
1 1.996466
1 2.014795
2 2.032490
2 2.047680
1 2.050530
2 2.057400
1 2.069555
1 2.070960
2 2.076480
2 2.078990
2 2.082090
1 2.109395
2 2.111870
2 2.125030
1 2.126540
1 2.128970
1 2.138435
1 2.146100
1 2.147420
1 2.149070
1 2.149080
1 2.161200
2 2.162110
1 2.163125
1 2.164000
1 2.171230
1 2.172555
1 2.173635
1 2.181245
1 2.181800
1 2.183985
1 2.184875
1 2.203025
1 2.205815
1 2.207135
1 2.221325
1 2.227280
1 2.239620
1 2.240085
6 2.243600
1 2.255750
1 2.264320
1 2.266300
1 2.266770
1 2.269915
1 2.299255
5 2.311800
5 2.311800
1 2.312630
1 2.328620
1 2.328640
1 2.341115
1 2.360385
1 2.378475
1 2.381585
1 2.389620
1 2.389625
14 2.394100
1 2.408135
1 2.411790
1 2.411795
1 2.430200
1 2.455140
1 2.461790
1 2.487575
1 2.495255
1 2.515465
1 2.515515
1 2.539985
1 2.550025
1 2.561935
1 2.615255
1 2.616920
1 2.618530
1 2.646360
1 2.648225
1 2.652735
1 2.681245
1 2.750140
1 2.894400
1 2.905995
1 2.916735
1 2.943175
6 2.988600
6 2.988600
1 3.032095
8 3.090400
8 3.090400
1 3.118105
1 3.118145
1 3.120460
9 3.167600
9 3.167600
1 3.212930
1 3.275840
1 3.318290
1 3.332600
1 3.338890
8 4.401600
9 4.712500
9 4.712500
6 9.000900
7 10.943300
7 10.943300
7 14.762300
7 14.762300
8 18.474001
8 21.235001
8 21.235001
2 95.949997
2 123.915001
8 142.039993
2 188.960007
2 364.959991
End Spectral Lines:
