Symbol: Cr
Atomic Number: 24
Atomic Mass: 51.996100
Start Spectral Index: 24
1 831
2 222
3 136
4 188
5 193
6 102
7 143
8 36
9 58
10 75
11 86
12 127
13 115
14 186
15 106
16 40
17 49
18 61
19 75
20 72
21 66
22 69
23 108
24 21
End Spectral Index:
Order of Magnitude: 0.000001
Start Spectral Lines:
24 0.000164
24 0.000167
23 0.000172
23 0.000172
23 0.000176
23 0.000176
24 0.000177
24 0.000177
23 0.000186
23 0.000186
23 0.000209
24 0.000209
23 0.000209
24 0.000210
23 0.000210
23 0.000210
23 0.000210
23 0.000210
23 0.000210
23 0.000210
23 0.000211
23 0.000211
23 0.000211
23 0.000211
23 0.000211
23 0.000211
23 0.000211
23 0.000211
23 0.000211
23 0.000212
23 0.000212
23 0.000212
23 0.000212
23 0.000213
23 0.000218
22 0.000218
22 0.000218
22 0.000218
22 0.000218
22 0.000218
22 0.000218
22 0.000218
22 0.000218
22 0.000219
22 0.000219
23 0.000219
22 0.000219
22 0.000219
22 0.000219
23 0.000219
22 0.000219
22 0.000220
22 0.000220
22 0.000220
22 0.000220
22 0.000220
22 0.000220
22 0.000220
22 0.000220
23 0.000220
22 0.000221
21 0.000221
22 0.000221
22 0.000221
21 0.000221
22 0.000221
21 0.000221
22 0.000221
22 0.000221
22 0.000221
21 0.000221
21 0.000222
20 0.000222
20 0.000222
20 0.000222
20 0.000211
22 0.000223
19 0.000223
19 0.000224
19 0.000224
22 0.000224
19 0.000224
24 0.000745
24 0.000752
23 0.000792
23 0.000792
23 0.000806
23 0.000808
23 0.000813
23 0.000821
24 0.000834
24 0.000842
22 0.000851
22 0.000852
22 0.000878
22 0.000880
23 0.000884
22 0.000884
22 0.000885
23 0.000885
22 0.000887
23 0.000900
23 0.000901
23 0.000901
23 0.000901
23 0.000905
23 0.000907
23 0.000908
23 0.000912
23 0.000919
23 0.000921
22 0.000949
22 0.000949
22 0.000981
22 0.000986
22 0.000987
22 0.000990
22 0.000996
20 0.001071
20 0.001084
20 0.001094
20 0.001104
24 0.001122
24 0.001136
23 0.001185
23 0.001207
23 0.001209
23 0.001209
23 0.001209
23 0.001220
23 0.001221
23 0.001227
23 0.001239
23 0.001241
23 0.001251
22 0.001262
22 0.001266
17 0.001279
21 0.001287
17 0.001291
21 0.001298
21 0.001298
21 0.001298
21 0.001298
21 0.001302
21 0.001302
21 0.001302
21 0.001306
21 0.001311
22 0.001315
21 0.001320
22 0.001329
15 0.001329
22 0.001331
22 0.001339
15 0.001342
21 0.001344
21 0.001355
22 0.001355
21 0.001360
21 0.001360
21 0.001365
21 0.001367
21 0.001368
21 0.001368
21 0.001368
21 0.001376
21 0.001375
21 0.001375
21 0.001378
21 0.001384
21 0.001384
21 0.001384
15 0.001386
21 0.001387
21 0.001391
21 0.001394
21 0.001395
15 0.001399
21 0.001400
20 0.001404
21 0.001404
20 0.001407
20 0.001407
20 0.001407
20 0.001412
20 0.001412
20 0.001412
20 0.001415
20 0.001415
21 0.001417
20 0.001417
20 0.001421
20 0.001421
21 0.001425
20 0.001432
20 0.001437
20 0.001440
20 0.001444
20 0.001446
20 0.001447
20 0.001451
20 0.001453
20 0.001463
20 0.001466
20 0.001466
20 0.001469
15 0.001506
15 0.001521
18 0.001552
18 0.001552
18 0.001561
17 0.001622
17 0.001625
17 0.001631
17 0.001631
17 0.001633
17 0.001646
17 0.001662
17 0.001670
17 0.001681
17 0.001684
15 0.001689
15 0.001696
16 0.001703
16 0.001707
17 0.001720
16 0.001724
16 0.001730
16 0.001737
16 0.001737
16 0.001744
16 0.001751
16 0.001759
16 0.001760
16 0.001763
16 0.001766
16 0.001767
16 0.001770
16 0.001773
16 0.001779
16 0.001779
16 0.001783
16 0.001786
17 0.001789
16 0.001793
17 0.001796
17 0.001797
16 0.001799
16 0.001802
17 0.001802
17 0.001809
17 0.001822
17 0.001822
17 0.001823
17 0.001834
17 0.001832
17 0.001839
15 0.001850
17 0.001852
17 0.001852
16 0.001878
15 0.001878
15 0.001901
16 0.001904
16 0.001925
16 0.001944
16 0.001951
16 0.001954
16 0.001971
16 0.001971
16 0.001981
16 0.001981
16 0.001981
16 0.001985
16 0.001995
16 0.001999
15 0.002086
15 0.002115
15 0.002121
14 0.002147
14 0.002177
24 0.002201
24 0.002217
24 0.002223
23 0.002352
23 0.002355
23 0.002382
23 0.002398
23 0.002412
23 0.002426
22 0.002596
22 0.002613
22 0.002615
22 0.002620
22 0.002639
24 0.003208
24 0.003240
24 0.003250
23 0.003407
23 0.003419
23 0.003460
23 0.003461
23 0.003465
23 0.003465
23 0.003490
23 0.003495
23 0.003526
23 0.003535
14 0.003545
14 0.003545
23 0.003545
23 0.003550
23 0.003557
23 0.003563
23 0.003564
23 0.003564
23 0.003566
23 0.003572
14 0.003647
14 0.003647
22 0.003693
22 0.003693
22 0.003755
14 0.003760
22 0.003765
22 0.003802
14 0.003804
14 0.003804
14 0.003805
14 0.003868
22 0.003869
14 0.003890
22 0.003910
14 0.003980
14 0.004002
14 0.004002
14 0.004078
14 0.004080
13 0.004091
14 0.004156
14 0.004179
14 0.004180
14 0.004221
14 0.004245
14 0.004360
13 0.004372
14 0.004460
14 0.004460
14 0.004487
14 0.004487
14 0.004583
14 0.004604
14 0.004613
14 0.004641
14 0.004641
14 0.004645
14 0.004647
14 0.004653
13 0.004728
13 0.004717
13 0.004778
14 0.004830
14 0.004834
14 0.004834
14 0.004899
14 0.004899
14 0.004903
13 0.004901
13 0.004959
14 0.005081
14 0.005116
14 0.005117
14 0.005232
14 0.005236
14 0.005237
13 0.005301
13 0.005340
13 0.005351
14 0.005364
14 0.005367
14 0.005369
14 0.005376
13 0.005377
14 0.005416
13 0.005618
13 0.005698
13 0.005712
13 0.005712
15 0.005778
15 0.005801
15 0.005811
15 0.005820
15 0.005835
15 0.005832
15 0.005848
15 0.005858
14 0.006070
14 0.006076
14 0.006076
15 0.006146
15 0.006164
15 0.006175
15 0.006223
15 0.006232
15 0.006238
15 0.006249
15 0.006275
15 0.006284
15 0.006296
15 0.006306
15 0.006306
14 0.006332
14 0.006354
15 0.006364
14 0.006393
14 0.006400
14 0.006404
13 0.006502
13 0.006506
13 0.006520
13 0.006597
13 0.006698
14 0.006859
14 0.006921
14 0.006927
15 0.007043
15 0.007073
13 0.007079
13 0.007098
13 0.007097
13 0.007140
13 0.007143
7 0.007174
15 0.007184
13 0.007193
15 0.007197
13 0.007207
15 0.007216
13 0.007213
15 0.007251
13 0.007279
15 0.007269
15 0.007285
13 0.007294
15 0.007294
15 0.007297
15 0.007329
13 0.007316
15 0.007363
15 0.007388
15 0.007417
15 0.007421
23 0.007423
15 0.007469
15 0.007474
15 0.007481
7 0.007487
23 0.007488
15 0.007498
15 0.007506
15 0.007508
15 0.007524
15 0.007530
15 0.007545
15 0.007560
15 0.007569
15 0.007574
12 0.007591
15 0.007589
15 0.007612
15 0.007616
13 0.007617
15 0.007637
23 0.007644
12 0.007649
23 0.007707
23 0.007722
15 0.007789
15 0.007861
14 0.007913
14 0.007913
14 0.008092
11 0.008101
11 0.008119
11 0.008121
7 0.008149
11 0.008158
22 0.008160
14 0.008182
7 0.008198
11 0.008203
22 0.008224
13 0.008280
11 0.008330
13 0.008462
14 0.008466
13 0.008490
14 0.008504
14 0.008505
13 0.008556
14 0.008606
14 0.008616
14 0.008618
13 0.008689
14 0.008692
14 0.008692
17 0.008959
13 0.008999
19 0.009000
13 0.009002
13 0.009017
18 0.009063
13 0.009085
12 0.009088
13 0.009115
13 0.009175
13 0.009179
13 0.009185
13 0.009201
7 0.009213
13 0.009218
13 0.009239
18 0.009251
13 0.009260
7 0.009297
14 0.009303
18 0.009333
13 0.009342
14 0.009346
14 0.009350
18 0.009417
9 0.009431
17 0.009449
17 0.009471
19 0.009551
18 0.009576
19 0.009589
7 0.009592
14 0.009605
14 0.009605
12 0.009611
14 0.009612
9 0.009619
12 0.009635
14 0.009635
9 0.009649
12 0.009650
9 0.009653
7 0.009676
14 0.009685
13 0.009693
9 0.009720
17 0.009719
13 0.009724
20 0.009749
18 0.009768
20 0.009773
15 0.009789
9 0.009799
9 0.009809
11 0.009848
11 0.009892
11 0.009910
11 0.009911
18 0.009938
14 0.009944
14 0.009945
14 0.009946
11 0.009949
11 0.009969
11 0.010010
11 0.010011
7 0.010059
19 0.010070
14 0.010083
11 0.010090
14 0.010104
12 0.010119
14 0.010142
12 0.010148
7 0.010157
20 0.010163
17 0.010193
18 0.010232
8 0.010242
14 0.010272
14 0.010284
8 0.010302
15 0.010330
8 0.010338
8 0.010349
8 0.010391
7 0.010413
19 0.010420
14 0.010449
14 0.010457
14 0.010457
15 0.010459
18 0.010498
7 0.010514
11 0.010526
11 0.010565
8 0.010569
18 0.010591
10 0.010650
16 0.010663
8 0.010669
18 0.010685
10 0.010712
10 0.010743
10 0.010770
19 0.010771
14 0.010776
14 0.010776
10 0.010790
14 0.010786
18 0.010837
19 0.010934
19 0.010968
14 0.010979
10 0.010982
10 0.011039
18 0.011039
19 0.011039
14 0.011041
14 0.011044
10 0.011101
14 0.011115
10 0.011108
14 0.011118
19 0.011119
14 0.011120
19 0.011194
18 0.011226
10 0.011331
10 0.011370
18 0.011401
19 0.011401
7 0.011424
11 0.011511
10 0.011529
16 0.011535
7 0.011541
20 0.011609
17 0.011659
7 0.011665
10 0.011675
10 0.011709
11 0.011712
17 0.011721
9 0.011744
14 0.011761
9 0.011794
20 0.011799
9 0.011817
19 0.011832
14 0.011835
19 0.011868
19 0.011884
18 0.011921
9 0.011927
20 0.011929
9 0.011931
9 0.011958
18 0.011965
19 0.012087
17 0.012090
9 0.012129
9 0.012179
20 0.012229
18 0.012258
9 0.012272
9 0.012298
17 0.012297
9 0.012321
18 0.012384
8 0.012418
17 0.012500
14 0.012532
17 0.012539
14 0.012542
18 0.012544
14 0.012545
18 0.012552
8 0.012573
19 0.012596
19 0.012625
19 0.012630
19 0.012618
9 0.012731
9 0.012742
9 0.012753
9 0.012788
9 0.012795
19 0.012795
18 0.012814
19 0.012844
20 0.012842
19 0.012863
19 0.012899
20 0.012927
18 0.012954
9 0.012977
17 0.012976
9 0.012999
8 0.013000
20 0.013079
19 0.013100
9 0.013108
20 0.013132
20 0.013153
8 0.013164
19 0.013214
8 0.013232
17 0.013280
18 0.013308
14 0.013317
14 0.013331
14 0.013336
8 0.013340
20 0.013382
19 0.013407
8 0.013408
8 0.013494
19 0.013495
8 0.013518
20 0.013527
8 0.013589
14 0.013598
14 0.013602
14 0.013602
18 0.013660
19 0.013789
19 0.013814
19 0.013852
19 0.013884
18 0.013999
19 0.014055
21 0.014072
20 0.014075
18 0.014082
19 0.014092
8 0.014317
18 0.014355
19 0.014359
6 0.014479
6 0.014496
8 0.014637
7 0.014650
8 0.014663
6 0.014678
6 0.014698
8 0.014720
8 0.014730
17 0.014742
8 0.014749
20 0.014764
18 0.014774
14 0.014849
19 0.014868
7 0.014871
20 0.014899
14 0.014910
6 0.014971
18 0.014991
21 0.014991
6 0.014992
18 0.014997
19 0.015127
18 0.015190
19 0.015239
20 0.015286
6 0.015420
6 0.015442
21 0.015461
19 0.015491
18 0.015547
20 0.015602
14 0.015637
14 0.015637
14 0.015710
18 0.015740
14 0.015835
14 0.015843
19 0.016004
19 0.016033
19 0.016125
20 0.016133
6 0.016166
6 0.016169
6 0.016169
6 0.016184
6 0.016191
6 0.016193
6 0.016256
6 0.016276
6 0.016301
6 0.016351
6 0.016380
19 0.016397
19 0.016406
6 0.016416
6 0.016430
6 0.016456
20 0.016463
6 0.016483
18 0.016490
14 0.016499
21 0.016503
19 0.016549
14 0.016570
14 0.016574
7 0.016649
7 0.016656
7 0.016693
7 0.016702
7 0.016750
7 0.016750
20 0.016798
17 0.016802
6 0.016809
6 0.016835
7 0.016852
21 0.016862
7 0.016909
19 0.016940
6 0.016943
14 0.016963
19 0.016975
18 0.016981
7 0.016984
20 0.016989
7 0.017009
14 0.017012
7 0.017014
21 0.017015
7 0.017039
6 0.017057
7 0.017085
7 0.017098
6 0.017140
6 0.017221
6 0.017249
6 0.017284
20 0.017346
6 0.017397
7 0.017407
6 0.017417
7 0.017429
7 0.017532
20 0.017540
21 0.017545
6 0.017576
7 0.017581
18 0.017590
6 0.017604
7 0.017605
7 0.017630
20 0.017640
7 0.017661
9 0.017686
7 0.017692
7 0.017770
7 0.017789
7 0.017885
19 0.017919
20 0.017921
7 0.017968
7 0.017978
19 0.018039
9 0.018057
20 0.018093
21 0.018449
18 0.018467
19 0.018584
14 0.018701
14 0.018725
14 0.018750
20 0.018780
14 0.018813
14 0.018813
14 0.018825
14 0.018918
14 0.019000
14 0.019000
21 0.019099
14 0.019112
14 0.019222
14 0.019227
14 0.019228
20 0.019291
18 0.019352
18 0.019748
21 0.019761
12 0.019777
19 0.019911
12 0.019934
14 0.020008
14 0.020100
6 0.020101
14 0.020118
6 0.020122
6 0.020139
8 0.020152
6 0.020160
19 0.020181
19 0.020189
6 0.020206
6 0.020242
6 0.020274
7 0.020283
11 0.020394
19 0.020394
6 0.020468
19 0.020485
14 0.020491
8 0.020500
14 0.020500
6 0.020509
6 0.020509
19 0.020532
8 0.020562
8 0.020709
6 0.020749
6 0.020768
6 0.020790
9 0.020852
8 0.020861
9 0.020942
10 0.020978
9 0.021061
19 0.021097
9 0.021131
8 0.021141
9 0.021198
12 0.021266
8 0.021302
20 0.021305
11 0.021431
9 0.021502
9 0.021598
14 0.021609
8 0.021669
10 0.021671
14 0.021680
14 0.021692
14 0.021697
20 0.021699
14 0.021738
10 0.021771
10 0.021883
10 0.021889
9 0.022001
10 0.022041
12 0.022089
10 0.022119
8 0.022140
12 0.022145
14 0.022179
18 0.022198
14 0.022218
12 0.022250
12 0.022250
22 0.022302
14 0.022314
14 0.022348
14 0.022362
14 0.022365
10 0.022388
9 0.022388
10 0.022472
23 0.022542
10 0.022622
6 0.022622
11 0.022648
6 0.022720
10 0.022741
10 0.022749
6 0.022769
13 0.022861
10 0.022864
10 0.022870
11 0.023029
10 0.023121
11 0.023219
10 0.023298
11 0.023328
10 0.023380
11 0.023502
11 0.023552
11 0.023572
19 0.023604
11 0.023722
14 0.023902
14 0.023902
14 0.023922
15 0.024010
11 0.024078
7 0.024139
14 0.024140
14 0.024149
14 0.024166
11 0.024188
10 0.024220
7 0.024246
7 0.024258
7 0.024295
12 0.024302
12 0.024336
10 0.024410
10 0.024414
10 0.024419
7 0.024457
12 0.024470
7 0.024543
12 0.024551
12 0.024546
11 0.024570
12 0.024593
12 0.024629
7 0.024660
10 0.024697
12 0.024708
10 0.024768
18 0.024807
10 0.024841
13 0.024868
12 0.024938
12 0.024959
11 0.025028
7 0.025031
7 0.025113
12 0.025123
12 0.025158
12 0.025174
12 0.025229
10 0.025272
7 0.025284
13 0.025298
12 0.025308
10 0.025417
7 0.025418
12 0.025478
7 0.025521
12 0.025536
7 0.025544
12 0.025545
7 0.025555
11 0.025631
12 0.025638
12 0.025706
12 0.025729
7 0.025742
7 0.025768
12 0.025805
20 0.025859
7 0.025918
7 0.025936
7 0.025943
12 0.025947
7 0.025964
13 0.025966
21 0.025993
12 0.026012
12 0.026042
13 0.026136
7 0.026160
13 0.026198
13 0.026235
6 0.026408
13 0.026473
6 0.026472
13 0.026504
7 0.026617
12 0.026641
19 0.026740
13 0.026774
13 0.026795
13 0.026839
13 0.026882
7 0.026885
7 0.026904
7 0.026939
13 0.026941
13 0.026949
6 0.026979
7 0.027090
7 0.027107
20 0.027186
12 0.027182
12 0.027236
13 0.027262
12 0.027323
13 0.027322
7 0.027327
12 0.027348
13 0.027372
7 0.027395
12 0.027430
13 0.027434
7 0.027556
7 0.027563
7 0.027575
13 0.027577
7 0.027579
7 0.027592
13 0.027599
12 0.027619
13 0.027645
12 0.027681
19 0.027811
12 0.027815
13 0.027885
12 0.027894
6 0.027918
13 0.027948
22 0.027974
13 0.027985
6 0.028014
7 0.028058
11 0.028057
7 0.028082
6 0.028089
19 0.028133
14 0.028167
12 0.028190
20 0.028203
13 0.028284
12 0.028435
11 0.028499
15 0.028519
12 0.028611
14 0.028630
21 0.028651
12 0.028700
14 0.028718
20 0.028758
12 0.028809
12 0.028844
14 0.028972
15 0.029022
11 0.029031
21 0.029099
7 0.029174
21 0.029318
12 0.029466
12 0.029476
13 0.029690
13 0.029762
14 0.029789
11 0.029806
15 0.029812
15 0.029803
12 0.029867
13 0.029883
14 0.030010
12 0.030012
14 0.030014
15 0.030031
14 0.030033
12 0.030118
14 0.030191
12 0.030375
13 0.030396
15 0.030521
12 0.030582
15 0.030581
12 0.030582
13 0.030586
13 0.030644
21 0.030680
21 0.030680
12 0.030732
15 0.030888
13 0.031055
12 0.031159
19 0.031171
12 0.031188
12 0.031297
12 0.031295
15 0.031332
15 0.031552
12 0.031643
12 0.031648
15 0.031740
15 0.031770
15 0.031842
12 0.031873
15 0.032015
12 0.032020
15 0.032125
15 0.032296
23 0.032481
12 0.032518
15 0.032589
9 0.032727
12 0.032739
13 0.032827
12 0.033169
12 0.033188
12 0.033213
10 0.033302
12 0.033464
12 0.033501
6 0.033512
6 0.033619
12 0.033625
13 0.033630
12 0.033646
6 0.033719
10 0.033749
12 0.033776
12 0.033810
12 0.033869
12 0.033923
12 0.033939
11 0.033947
10 0.034019
12 0.034133
13 0.034273
12 0.034472
12 0.034540
12 0.034557
12 0.034588
15 0.034617
14 0.034679
14 0.034701
12 0.034717
12 0.034720
14 0.034721
15 0.034818
10 0.035110
13 0.035115
13 0.035274
13 0.035384
7 0.035501
10 0.035511
13 0.035609
12 0.035611
12 0.035628
12 0.035680
12 0.035712
21 0.035712
11 0.035920
12 0.036115
13 0.036265
12 0.036287
9 0.036327
14 0.036340
13 0.036400
10 0.036571
11 0.036608
13 0.036648
11 0.036649
13 0.036679
11 0.036694
14 0.036704
13 0.036792
13 0.036810
20 0.036813
13 0.036922
11 0.037098
10 0.037109
13 0.037130
15 0.037347
11 0.037491
13 0.037511
11 0.037536
7 0.037542
10 0.037558
7 0.037607
13 0.037765
7 0.037769
18 0.037800
13 0.037880
7 0.037915
7 0.038022
13 0.038070
7 0.038089
21 0.038162
6 0.038358
6 0.038501
13 0.038740
14 0.038993
15 0.039094
15 0.039290
12 0.039303
10 0.039447
10 0.039599
7 0.039629
10 0.039818
19 0.039820
10 0.039970
14 0.040006
14 0.040032
7 0.040045
14 0.040046
7 0.040166
15 0.040217
15 0.040503
15 0.040502
12 0.040546
7 0.040637
7 0.040714
9 0.040764
7 0.040792
7 0.040802
15 0.040840
12 0.040890
21 0.040980
12 0.041100
15 0.041114
12 0.041143
10 0.041165
14 0.041202
11 0.041263
12 0.041290
8 0.041311
14 0.041437
7 0.041458
9 0.041460
14 0.041497
12 0.041504
14 0.041622
20 0.041635
15 0.041657
10 0.041669
12 0.041701
9 0.041829
12 0.041840
9 0.041893
7 0.041911
12 0.042035
12 0.042040
6 0.042050
9 0.042106
11 0.042208
11 0.042228
15 0.042235
12 0.042290
6 0.042356
9 0.042415
12 0.042525
12 0.042653
10 0.042758
12 0.042854
8 0.043071
11 0.043118
9 0.043244
5 0.043312
11 0.043389
11 0.043409
5 0.043418
5 0.043431
5 0.043514
5 0.043563
5 0.043635
5 0.043660
13 0.043731
5 0.043742
5 0.043766
5 0.043863
5 0.043861
5 0.043863
15 0.043908
7 0.044013
7 0.044024
15 0.044086
5 0.044105
23 0.044125
7 0.044158
7 0.044168
18 0.044210
5 0.044224
10 0.044306
5 0.044575
5 0.044667
10 0.044753
7 0.044780
7 0.044788
7 0.044873
7 0.044939
10 0.044948
13 0.044982
7 0.045032
5 0.045114
5 0.045161
13 0.045169
7 0.045318
5 0.045627
5 0.045636
5 0.045664
5 0.045674
5 0.045703
5 0.045750
12 0.045778
12 0.046079
13 0.046169
13 0.046297
5 0.046402
13 0.046486
5 0.046931
5 0.046963
5 0.046990
23 0.047019
5 0.047057
5 0.047070
12 0.047085
5 0.047098
15 0.047135
23 0.047263
12 0.047403
13 0.048216
11 0.048327
11 0.049161
17 0.049370
21 0.050589
12 0.050807
13 0.051401
11 0.051912
12 0.052066
12 0.052329
5 0.052974
12 0.054128
12 0.055550
13 0.056018
6 0.056257
4 0.057505
4 0.057624
4 0.057662
11 0.057800
5 0.058242
5 0.058415
5 0.058632
5 0.059492
4 0.059509
5 0.059673
5 0.059705
5 0.059817
5 0.059886
5 0.059899
5 0.059999
11 0.060085
5 0.060114
6 0.060202
12 0.060540
6 0.060724
4 0.061264
4 0.061375
6 0.061403
4 0.061403
4 0.061490
4 0.061534
4 0.061560
4 0.061682
4 0.061823
4 0.061913
4 0.062066
4 0.062136
4 0.062209
4 0.062354
4 0.062504
4 0.062599
4 0.062926
4 0.062974
4 0.063030
5 0.063088
4 0.063262
13 0.063479
4 0.063734
4 0.063755
4 0.063813
4 0.063854
5 0.064018
5 0.064094
5 0.064244
5 0.064557
5 0.064808
5 0.064940
5 0.065611
5 0.065769
5 0.065790
5 0.065870
5 0.066007
5 0.066028
5 0.066166
18 0.066305
4 0.066655
4 0.066730
5 0.066810
4 0.067755
5 0.068460
4 0.068712
5 0.068742
4 0.068846
4 0.069392
4 0.069521
15 0.070296
4 0.070598
21 0.071083
4 0.071290
6 0.072077
18 0.072205
18 0.072256
6 0.072368
19 0.073105
17 0.074088
17 0.074075
7 0.074189
5 0.075452
6 0.075679
5 0.076416
5 0.076826
6 0.077322
5 0.077407
5 0.077531
5 0.077674
5 0.077788
5 0.077826
5 0.077920
5 0.078046
17 0.078113
5 0.078621
14 0.078760
5 0.078949
5 0.079187
18 0.079320
7 0.080127
5 0.081414
7 0.081547
14 0.081710
5 0.081724
5 0.081881
5 0.081879
5 0.081916
7 0.082024
7 0.082178
14 0.082240
5 0.082560
5 0.082952
24 0.083084
5 0.083231
7 0.083665
5 0.083716
7 0.084175
5 0.084220
7 0.084499
7 0.084852
5 0.085952
7 0.086304
7 0.086580
7 0.086962
7 0.087098
7 0.087129
19 0.087489
18 0.087996
18 0.087996
7 0.088101
7 0.092652
7 0.093649
6 0.094261
21 0.095529
6 0.095701
6 0.095909
5 0.096871
3 0.096926
5 0.097806
19 0.097906
19 0.097905
5 0.097960
5 0.097993
5 0.098274
5 0.098604
11 0.099770
5 0.099771
18 0.099960
18 0.099960
3 0.100086
11 0.100100
3 0.100104
5 0.100202
3 0.100296
3 0.101714
3 0.101731
3 0.101757
3 0.102833
5 0.102984
3 0.103047
3 0.103089
5 0.103110
3 0.103323
3 0.103345
5 0.103345
3 0.103369
5 0.103504
3 0.103593
3 0.103603
3 0.104017
3 0.104053
5 0.104254
5 0.104255
5 0.104504
3 0.104506
3 0.104514
5 0.104573
5 0.104629
5 0.104637
5 0.104655
5 0.104749
5 0.104823
5 0.105090
5 0.105499
4 0.105589
4 0.105785
5 0.105830
3 0.105913
3 0.106015
5 0.106065
3 0.106104
3 0.106268
5 0.106293
3 0.106432
3 0.106443
3 0.106623
3 0.106841
5 0.107337
6 0.108669
5 0.108908
22 0.109890
3 0.110061
3 0.110143
3 0.110288
5 0.110339
6 0.110393
5 0.110430
5 0.110624
6 0.110722
5 0.110833
5 0.110973
5 0.111245
6 0.111412
5 0.111435
5 0.111648
3 0.111719
5 0.111756
5 0.111816
5 0.111851
5 0.112107
5 0.112225
5 0.112609
5 0.112763
3 0.113275
5 0.113477
3 0.113667
5 0.113753
5 0.113818
5 0.114049
5 0.114667
3 0.116143
7 0.116351
7 0.116395
6 0.116414
6 0.116722
7 0.117014
6 0.117747
7 0.118192
7 0.118656
3 0.118765
7 0.118964
7 0.119087
7 0.119349
7 0.119349
5 0.119395
5 0.119604
7 0.119848
5 0.120083
5 0.120156
5 0.120413
20 0.120589
20 0.120545
3 0.120638
7 0.120787
3 0.120913
5 0.121050
3 0.121112
19 0.121274
3 0.122107
3 0.122190
3 0.122565
3 0.122865
3 0.123188
3 0.123296
3 0.123620
3 0.123851
3 0.125261
6 0.125583
3 0.125902
5 0.125998
6 0.126112
3 0.126186
3 0.126234
5 0.126350
3 0.126361
3 0.126421
6 0.126474
6 0.128144
6 0.128144
6 0.128143
3 0.128705
7 0.130255
7 0.130770
7 0.131231
7 0.131988
18 0.132827
18 0.133710
18 0.133710
17 0.134035
6 0.134274
6 0.136050
4 0.136739
4 0.137505
7 0.139337
4 0.140182
16 0.141060
16 0.141060
4 0.141742
6 0.141766
7 0.142664
11 0.144001
7 0.144845
3 0.145527
6 0.145528
5 0.146586
5 0.147776
5 0.148165
5 0.148276
5 0.148466
4 0.148505
10 0.148902
5 0.148971
9 0.149577
5 0.149797
5 0.151903
10 0.156410
21 0.156490
5 0.157969
3 0.158460
11 0.158730
23 0.159000
5 0.159172
4 0.159504
4 0.159559
3 0.160319
5 0.160320
23 0.160500
5 0.160703
5 0.161133
5 0.162260
5 0.163098
5 0.163850
5 0.163940
5 0.164405
5 0.165260
5 0.165564
17 0.165629
17 0.165630
4 0.165808
4 0.167266
3 0.167925
4 0.168607
3 0.169028
4 0.169088
3 0.169289
9 0.169394
3 0.169664
3 0.170148
5 0.170564
5 0.170596
3 0.170743
3 0.170778
17 0.172206
4 0.172526
4 0.172707
5 0.172850
4 0.173204
4 0.173398
4 0.173416
4 0.173919
4 0.174688
4 0.174713
4 0.175564
4 0.175851
3 0.176281
15 0.176450
3 0.176692
3 0.176917
4 0.176964
4 0.177782
4 0.179109
4 0.180272
4 0.181241
4 0.181923
4 0.182621
4 0.182686
3 0.182726
5 0.183747
4 0.184014
4 0.185189
4 0.186311
4 0.187389
4 0.188169
4 0.188169
4 0.188316
4 0.188763
4 0.189013
4 0.189613
4 0.190160
6 0.190748
4 0.190767
4 0.190767
4 0.192193
6 0.192409
6 0.193279
6 0.193398
4 0.193763
4 0.194659
5 0.195517
4 0.196718
4 0.197207
4 0.199025
1 0.199995
3 0.203704
3 0.204029
4 0.204357
6 0.204547
6 0.204542
6 0.204547
3 0.204789
2 0.205618
4 0.205639
2 0.206215
2 0.206608
19 0.209180
1 0.209560
1 0.209606
1 0.209655
3 0.211440
3 0.211450
3 0.211493
3 0.211520
3 0.211554
3 0.211820
3 0.212420
6 0.213710
3 0.213978
3 0.214182
3 0.214483
3 0.214784
3 0.214824
3 0.214933
3 0.215016
3 0.215344
21 0.215750
3 0.215785
3 0.216454
3 0.216693
3 0.217138
6 0.217732
3 0.218439
3 0.218569
3 0.219077
3 0.219145
3 0.219227
3 0.219858
3 0.219931
3 0.220391
3 0.220939
3 0.222741
3 0.223250
3 0.223450
3 0.223660
3 0.223828
3 0.224480
3 0.225215
3 0.225862
3 0.227400
3 0.227613
3 0.227708
3 0.227817
3 0.228514
3 0.228994
3 0.229137
3 0.229626
4 0.229992
4 0.230030
3 0.231070
3 0.231534
4 0.231756
3 0.231978
4 0.232477
3 0.232559
3 0.234123
1 0.235503
4 0.236112
1 0.236544
1 0.236663
1 0.236753
1 0.237579
1 0.238405
1 0.238645
1 0.238995
4 0.240588
1 0.240935
1 0.240947
4 0.242406
3 0.245757
3 0.247363
1 0.247989
3 0.248052
3 0.248381
3 0.248901
1 0.249332
1 0.249584
6 0.249648
1 0.249706
1 0.250060
1 0.250328
1 0.250506
3 0.250717
1 0.250887
1 0.250974
1 0.251438
1 0.251768
1 0.251947
1 0.252028
1 0.252788
1 0.253121
3 0.253175
10 0.253490
10 0.253490
2 0.253510
3 0.253849
1 0.253971
3 0.254513
1 0.254547
3 0.254593
1 0.254640
1 0.255031
1 0.255383
1 0.255792
4 0.255860
4 0.255860
1 0.256146
3 0.256553
4 0.256632
4 0.256632
4 0.256960
1 0.257251
4 0.257739
4 0.257739
1 0.257842
1 0.257993
1 0.258543
4 0.258587
1 0.258897
1 0.259262
4 0.259712
1 0.260435
18 0.260710
3 0.261728
1 0.261905
1 0.262126
1 0.262364
4 0.262534
1 0.262610
3 0.262686
1 0.262738
1 0.263060
11 0.263260
5 0.263447
4 0.263694
3 0.264152
1 0.264291
3 0.264829
2 0.265437
3 0.265607
2 0.265938
4 0.266141
2 0.266252
2 0.266421
2 0.266447
2 0.266681
2 0.266950
1 0.267015
2 0.267260
1 0.267277
2 0.267362
1 0.267444
2 0.267796
1 0.267896
2 0.267959
1 0.268113
2 0.268114
2 0.268789
1 0.268884
2 0.268909
1 0.269105
2 0.269184
2 0.269432
10 0.269520
10 0.269520
1 0.269734
2 0.269871
2 0.269921
2 0.269949
1 0.270139
1 0.270279
1 0.270333
1 0.270428
2 0.270435
2 0.270466
1 0.270623
2 0.270959
2 0.271011
2 0.271311
1 0.271698
2 0.271832
2 0.271924
2 0.272356
2 0.272485
1 0.272731
2 0.272807
24 0.272900
23 0.273200
1 0.273271
9 0.273440
1 0.273728
1 0.274019
2 0.274091
1 0.274188
2 0.274284
1 0.274298
2 0.274445
2 0.274579
2 0.274702
1 0.274910
2 0.274979
11 0.275090
11 0.275090
2 0.275154
1 0.275241
2 0.275268
1 0.275368
2 0.275509
1 0.275571
1 0.275608
1 0.275756
1 0.275791
2 0.275854
11 0.275920
11 0.275920
2 0.275980
2 0.276021
2 0.276055
1 0.276257
2 0.276341
1 0.276388
1 0.276517
2 0.276736
1 0.276836
1 0.277073
1 0.277227
11 0.277410
11 0.277410
21 0.277780
2 0.277888
1 0.277996
2 0.278112
1 0.278151
11 0.278250
2 0.278652
2 0.278844
1 0.278866
2 0.279298
2 0.279949
11 0.280010
2 0.280160
24 0.280700
11 0.280870
2 0.281284
2 0.281919
5 0.281930
2 0.282284
2 0.282320
1 0.282758
2 0.283130
2 0.283509
2 0.283646
2 0.283731
2 0.283962
2 0.284085
2 0.284409
1 0.284686
5 0.284857
1 0.285013
2 0.285068
2 0.285220
2 0.285406
2 0.285591
2 0.285652
2 0.285760
2 0.285824
2 0.285975
2 0.286177
2 0.286341
2 0.286595
2 0.286617
2 0.286758
2 0.286794
2 0.286849
2 0.287128
1 0.287247
2 0.287432
2 0.287465
11 0.287500
11 0.287500
2 0.287683
2 0.287708
2 0.287882
2 0.287929
1 0.288011
2 0.288171
1 0.288199
19 0.288610
19 0.288620
1 0.288784
2 0.288959
1 0.289012
2 0.289067
1 0.289227
4 0.289378
4 0.289378
1 0.289410
1 0.289502
2 0.289731
1 0.289760
2 0.289852
2 0.289858
2 0.289938
1 0.290006
2 0.290033
11 0.290040
2 0.290482
1 0.290553
1 0.290634
1 0.290990
1 0.291175
1 0.291199
2 0.291253
4 0.291379
1 0.291458
2 0.291608
2 0.291631
3 0.291742
2 0.292210
2 0.292267
2 0.292794
2 0.292901
2 0.292916
4 0.293024
2 0.293030
2 0.293171
2 0.293356
2 0.293483
2 0.293600
2 0.294108
4 0.294113
2 0.294770
2 0.295421
2 0.295457
4 0.295788
2 0.296260
2 0.296691
4 0.296698
1 0.296851
1 0.297198
2 0.297277
4 0.297416
1 0.297635
2 0.297759
2 0.298061
1 0.298166
4 0.298178
4 0.298178
2 0.298619
1 0.298672
1 0.298687
1 0.298734
4 0.298903
1 0.298952
2 0.299006
4 0.299233
4 0.299233
1 0.299276
1 0.299493
1 0.299597
1 0.299745
1 0.299966
1 0.300176
1 0.300594
1 0.301391
1 0.301458
1 0.301564
1 0.301580
1 0.301607
1 0.301845
1 0.301938
1 0.301970
1 0.302155
1 0.302244
1 0.302522
2 0.302753
1 0.303004
1 0.303112
1 0.303223
2 0.303381
1 0.303507
1 0.303792
1 0.304066
1 0.304173
2 0.304179
2 0.304263
2 0.305103
1 0.305477
2 0.306041
1 0.306596
2 0.306805
1 0.307457
4 0.307760
1 0.307872
4 0.307897
4 0.307897
4 0.309354
4 0.309354
4 0.309493
1 0.309676
1 0.311024
1 0.311176
2 0.311955
1 0.312015
1 0.312061
2 0.312127
2 0.312351
2 0.312585
2 0.312593
2 0.312960
2 0.313297
4 0.313387
2 0.313759
2 0.314814
1 0.314935
1 0.315606
1 0.316152
1 0.316467
1 0.317049
11 0.317880
11 0.317880
2 0.318162
2 0.318235
1 0.318893
2 0.319800
1 0.319903
2 0.320952
2 0.321011
2 0.321833
1 0.323013
2 0.323499
1 0.323866
1 0.323901
1 0.324648
1 0.325278
1 0.325876
1 0.326092
2 0.329638
9 0.330210
9 0.330210
2 0.330797
2 0.332502
10 0.332740
10 0.332740
1 0.332755
2 0.332931
1 0.333001
2 0.333729
2 0.334076
2 0.334355
1 0.334430
1 0.334698
1 0.334770
2 0.334880
1 0.335003
1 0.335028
1 0.335256
1 0.335293
1 0.335399
2 0.335409
2 0.335947
2 0.336127
2 0.336274
1 0.336318
2 0.336902
1 0.337737
2 0.337931
1 0.338014
2 0.338034
2 0.338080
2 0.338365
2 0.339240
2 0.339396
2 0.339481
2 0.339527
2 0.340338
2 0.340430
2 0.340974
2 0.342219
2 0.342372
2 0.343429
1 0.343458
1 0.343509
1 0.343718
1 0.344211
1 0.344243
1 0.344478
1 0.344661
1 0.344801
1 0.344842
1 0.344875
1 0.345432
1 0.345473
1 0.345659
1 0.346142
1 0.346624
1 0.346801
1 0.346871
1 0.347058
1 0.347375
1 0.347390
1 0.347460
1 0.348230
1 0.348254
1 0.349597
2 0.349638
1 0.351154
2 0.351284
1 0.355165
1 0.355954
1 0.356718
1 0.357466
1 0.357506
1 0.357582
1 0.357596
1 0.357971
1 0.358535
2 0.358632
1 0.359451
1 0.360270
1 0.360360
1 0.360477
2 0.360481
1 0.360635
10 0.360920
10 0.360920
1 0.360943
1 0.361051
1 0.361108
1 0.361364
1 0.361667
1 0.363388
1 0.363631
1 0.363763
1 0.364084
1 0.364143
1 0.364251
1 0.364287
1 0.364720
1 0.364957
1 0.365004
1 0.365495
1 0.365730
1 0.366388
1 0.366425
1 0.366702
1 0.366768
1 0.366907
1 0.367737
2 0.367873
2 0.367894
1 0.368087
1 0.368274
1 0.368660
1 0.368785
1 0.368830
1 0.368859
1 0.368951
2 0.371401
1 0.371759
10 0.372690
10 0.372690
1 0.373187
1 0.373309
1 0.374403
1 0.374464
1 0.374494
1 0.374555
1 0.374968
1 0.375007
1 0.375823
1 0.375873
23 0.375900
1 0.375911
1 0.376850
1 0.376931
1 0.376980
1 0.378994
1 0.379153
1 0.379246
1 0.379322
1 0.379437
1 0.379496
1 0.379569
1 0.379821
1 0.379880
1 0.380587
1 0.380791
1 0.380901
1 0.381651
23 0.381700
1 0.381956
1 0.382064
1 0.382461
1 0.382751
1 0.383112
1 0.384237
1 0.385007
1 0.385054
1 0.385113
1 0.385331
1 0.385531
1 0.385638
1 0.385666
1 0.385872
1 0.387563
1 0.388439
1 0.388476
1 0.388632
1 0.388789
1 0.389303
1 0.389514
1 0.389875
1 0.390322
1 0.390402
1 0.390427
23 0.390600
1 0.390987
1 0.391293
1 0.391311
1 0.391695
1 0.391736
1 0.391871
1 0.392027
1 0.392213
1 0.392776
1 0.392975
1 0.394260
1 0.395222
1 0.395352
1 0.395428
1 0.396481
1 0.397018
1 0.397087
1 0.397238
1 0.397714
1 0.397778
1 0.397981
1 0.398093
1 0.398236
1 0.398503
1 0.398547
1 0.399112
1 0.399224
1 0.399280
1 0.399397
1 0.399510
11 0.399770
11 0.399795
1 0.400257
2 0.401360
1 0.401580
1 0.402340
1 0.402615
1 0.402731
1 0.402824
1 0.403182
18 0.403985
18 0.403970
1 0.404023
1 0.404044
1 0.404337
1 0.404993
1 0.405092
1 0.405113
2 0.405522
1 0.405891
1 0.405991
1 0.406686
1 0.406809
1 0.407601
1 0.407721
1 0.407824
1 0.407883
1 0.408287
10 0.408420
2 0.408875
1 0.409882
1 0.410603
1 0.411074
1 0.411253
2 0.411437
1 0.412177
1 0.412298
1 0.412332
1 0.412455
1 0.412768
1 0.412846
1 0.412880
1 0.413253
1 0.415395
1 0.415499
1 0.416259
1 0.416479
1 0.416669
1 0.417102
1 0.417138
1 0.417395
1 0.417598
1 0.417712
1 0.418044
23 0.418400
1 0.418608
1 0.418754
1 0.419131
1 0.419245
1 0.419328
1 0.419484
1 0.419613
1 0.419841
1 0.419970
1 0.420476
1 0.420564
1 0.420955
1 0.421056
1 0.421095
1 0.421262
1 0.421438
1 0.421755
1 0.421882
23 0.421900
1 0.422276
1 0.422392
1 0.423166
1 0.423345
1 0.423567
1 0.423720
1 0.423890
1 0.424014
1 0.424189
1 0.424403
1 0.424952
1 0.425343
1 0.425554
1 0.425670
1 0.425855
1 0.426255
1 0.426280
1 0.426357
1 0.426434
1 0.426998
1 0.427116
1 0.427227
1 0.427411
1 0.427600
1 0.427717
1 0.428161
1 0.428207
1 0.428421
1 0.428977
1 0.429093
1 0.429316
1 0.429475
1 0.429697
1 0.429730
1 0.429748
1 0.429784
1 0.429824
1 0.429895
1 0.429927
1 0.430092
1 0.430171
1 0.430239
1 0.430397
1 0.430666
1 0.430887
1 0.431091
1 0.431369
1 0.431913
1 0.432085
1 0.432245
1 0.432283
1 0.432629
1 0.432685
21 0.433090
1 0.433199
1 0.433378
1 0.433839
1 0.433878
1 0.434001
1 0.434066
1 0.434094
1 0.434135
1 0.434267
1 0.434438
1 0.434572
1 0.434634
1 0.434805
1 0.434873
1 0.435227
1 0.435298
1 0.435520
1 0.435797
1 0.435875
1 0.436085
1 0.436418
1 0.436436
1 0.436950
1 0.437015
1 0.437199
1 0.437211
1 0.437250
1 0.437448
1 0.437488
1 0.437539
1 0.437657
1 0.437803
1 0.437876
1 0.438101
1 0.438234
1 0.438408
1 0.438620
1 0.438866
1 0.439298
1 0.439477
1 0.439846
1 0.440105
1 0.440474
1 0.441154
1 0.441220
1 0.441233
1 0.441348
1 0.441424
1 0.441511
1 0.442393
1 0.442531
1 0.442551
1 0.442974
1 0.443116
1 0.443173
1 0.443342
1 0.443401
1 0.444351
1 0.444495
9 0.445170
9 0.445170
1 0.445979
1 0.446099
1 0.446200
1 0.446403
1 0.446592
1 0.446661
1 0.446884
1 0.447660
1 0.447828
1 0.448152
1 0.448161
1 0.448414
1 0.448931
1 0.449073
1 0.449180
1 0.449296
1 0.449310
1 0.449357
1 0.449651
1 0.449811
1 0.449998
1 0.450155
1 0.450237
1 0.450305
1 0.450435
1 0.450810
1 0.451126
1 0.451317
1 0.451563
1 0.451580
1 0.451669
1 0.452241
1 0.452609
1 0.452738
1 0.452773
1 0.452861
1 0.452874
1 0.453111
1 0.453176
1 0.453195
1 0.453201
1 0.453218
1 0.453248
1 0.453641
1 0.453698
1 0.453702
2 0.454087
1 0.454105
5 0.454149
1 0.454177
1 0.454200
1 0.454234
1 0.454278
1 0.454389
1 0.454502
1 0.454588
1 0.454661
1 0.454722
1 0.454993
1 0.455522
1 0.455611
2 0.455626
1 0.455656
1 0.455745
2 0.455993
1 0.456452
1 0.456471
1 0.456493
1 0.456544
1 0.456678
2 0.456702
1 0.457091
1 0.457225
1 0.457238
1 0.457296
1 0.457639
1 0.457958
1 0.458133
1 0.458370
1 0.458519
1 0.458537
1 0.458604
1 0.458620
1 0.458636
1 0.458743
2 0.458855
2 0.458948
2 0.459119
1 0.459268
2 0.459334
1 0.459383
1 0.459687
1 0.460139
1 0.460203
1 0.460231
1 0.460767
1 0.461234
1 0.461325
1 0.461465
1 0.461580
1 0.461742
2 0.461792
1 0.461867
2 0.462010
1 0.462083
1 0.462325
1 0.462376
1 0.462405
1 0.462721
1 0.462748
1 0.462977
1 0.463348
1 0.463456
2 0.463537
1 0.463848
1 0.463907
1 0.464081
1 0.464100
1 0.464279
1 0.464326
1 0.464746
1 0.464778
1 0.464810
5 0.464878
1 0.464941
1 0.464962
1 0.465017
1 0.465076
1 0.465258
1 0.465346
1 0.465605
1 0.465749
1 0.465811
1 0.466463
1 0.466514
1 0.466611
1 0.466721
1 0.466752
1 0.466782
1 0.467064
1 0.468185
1 0.468216
1 0.469069
1 0.469526
1 0.469646
1 0.469836
1 0.469871
2 0.469891
1 0.469978
1 0.469993
1 0.470026
1 0.470090
1 0.470192
1 0.470740
1 0.470907
1 0.470935
2 0.471641
1 0.471899
1 0.471975
1 0.472397
1 0.472443
1 0.472575
1 0.472847
1 0.473110
1 0.473203
1 0.473869
1 0.474242
1 0.474442
1 0.474662
1 0.475341
1 0.475605
1 0.475644
1 0.475745
1 0.475866
1 0.475891
1 0.476561
1 0.476596
1 0.476796
1 0.476858
1 0.476918
1 0.477199
1 0.477645
5 0.478985
5 0.478985
1 0.479067
1 0.479384
1 0.479749
1 0.479903
1 0.480238
1 0.480760
1 0.481208
2 0.481368
1 0.481563
1 0.481748
1 0.482065
9 0.482270
1 0.482526
2 0.482547
1 0.482688
1 0.483073
1 0.483298
2 0.483758
1 0.483822
4 0.483898
1 0.483977
4 0.484238
2 0.484959
2 0.485754
1 0.486256
1 0.486320
1 0.487216
1 0.487602
2 0.487783
1 0.488141
2 0.488597
1 0.488712
1 0.488732
1 0.488838
1 0.488990
4 0.489522
4 0.489870
1 0.490460
1 0.492365
1 0.493771
1 0.494388
1 0.494595
1 0.495510
1 0.495619
1 0.496631
1 0.496820
4 0.497288
1 0.501471
1 0.503396
1 0.503608
1 0.504645
1 0.505331
1 0.506732
1 0.506912
1 0.507433
2 0.509873
1 0.511217
1 0.511391
1 0.511455
1 0.512488
4 0.512734
4 0.512734
1 0.514107
4 0.514419
1 0.514610
1 0.516767
4 0.517847
4 0.517847
1 0.517887
1 0.518603
1 0.519345
1 0.519493
1 0.519791
1 0.520165
1 0.520596
1 0.520749
4 0.520779
1 0.520988
1 0.521559
4 0.522070
1 0.522320
1 0.522639
1 0.522835
2 0.523879
1 0.524043
1 0.524291
1 0.524484
2 0.524823
1 0.524902
2 0.525090
1 0.525638
1 0.525659
1 0.526322
1 0.526562
1 0.526663
1 0.526719
1 0.527348
4 0.527374
4 0.527374
1 0.527491
1 0.527664
1 0.527716
1 0.527750
2 0.528135
1 0.528176
1 0.528867
1 0.529487
4 0.529577
1 0.529816
1 0.529884
1 0.529944
1 0.529975
1 0.530222
1 0.530567
2 0.530989
2 0.531217
1 0.531435
2 0.531504
1 0.532027
4 0.532495
1 0.532984
1 0.533064
1 0.533121
1 0.534194
1 0.534626
23 0.534700
1 0.534729
2 0.534755
1 0.534981
2 0.537085
4 0.537285
4 0.537285
4 0.538014
4 0.538014
1 0.538848
1 0.538907
1 0.539189
1 0.540211
1 0.540650
1 0.541128
2 0.542243
4 0.542903
4 0.542903
1 0.544390
1 0.546549
1 0.548202
2 0.550360
2 0.551014
1 0.555011
1 0.556810
1 0.558315
1 0.558957
1 0.563019
1 0.564394
1 0.564980
1 0.565095
1 0.566561
1 0.568278
1 0.568406
1 0.569631
1 0.569991
1 0.570390
1 0.571422
1 0.571436
1 0.572140
1 0.574802
1 0.575529
23 0.578100
1 0.578280
1 0.578341
1 0.578470
1 0.578551
1 0.578661
1 0.578742
1 0.578959
1 0.579261
1 0.584027
1 0.584621
2 0.605515
2 0.613093
5 0.623400
5 0.623400
1 0.633185
1 0.636463
5 0.637900
5 0.637900
5 0.643800
5 0.643800
5 0.645500
5 0.659260
4 0.661480
1 0.663184
4 0.665060
1 0.666292
1 0.667109
4 0.670020
5 0.671180
4 0.673590
4 0.674940
1 0.688352
1 0.688432
1 0.688491
4 0.689790
4 0.691710
1 0.692604
1 0.692711
1 0.698040
1 0.698174
1 0.698276
4 0.702500
4 0.705340
4 0.708820
4 0.711250
1 0.717256
4 0.717360
4 0.718610
1 0.718750
4 0.719120
4 0.719120
4 0.719870
4 0.719870
4 0.723460
1 0.723819
4 0.729990
4 0.729990
4 0.734150
23 0.735300
1 0.735795
4 0.739280
1 0.740226
4 0.741290
23 0.746300
1 0.746437
23 0.751900
4 0.752030
5 0.758270
5 0.758270
4 0.766680
5 0.788660
5 0.788660
1 0.794422
2 0.800228
2 0.812753
12 0.815600
12 0.815600
1 0.816542
2 0.823193
5 0.830130
2 0.831077
11 0.834660
1 0.835057
2 0.835994
1 0.845258
1 0.845756
1 0.855121
1 0.891869
1 0.894166
1 0.894961
1 0.895822
1 0.897929
8 1.010900
8 1.010900
9 1.047200
5 1.132350
9 1.278600
9 1.278600
11 1.551800
11 1.551800
4 1.614650
4 1.618440
4 1.662980
4 1.689560
4 1.765380
11 1.806400
4 1.831200
4 1.858900
4 1.900400
4 2.013200
10 3.103700
10 3.103700
5 3.505100
5 4.018300
10 4.260800
10 4.260800
9 5.787000
11 6.369000
11 6.849000
11 6.849000
4 8.155900
4 8.253500
4 8.848000
5 15.785300
5 19.677000
4 25.700001
5 27.441999
4 31.348000
5 54.112000
11 90.900002
End Spectral Lines:
