Symbol: Mn
Atomic Number: 25
Atomic Mass: 54.938100
Start Spectral Index: 25
1 631
2 148
3 86
4 50
5 136
6 288
7 57
8 49
9 43
10 57
11 83
12 70
13 107
14 105
15 184
16 73
17 33
18 50
19 81
20 105
21 52
22 80
23 61
24 108
25 21
End Spectral Index:
Order of Magnitude: 0.000001
Start Spectral Lines:
25 0.000151
25 0.000154
24 0.000158
24 0.000158
24 0.000162
24 0.000162
25 0.000163
25 0.000163
24 0.000171
24 0.000171
24 0.000192
25 0.000192
24 0.000193
24 0.000193
25 0.000193
24 0.000193
24 0.000193
24 0.000194
24 0.000194
24 0.000194
24 0.000194
24 0.000194
24 0.000194
24 0.000194
24 0.000194
24 0.000194
24 0.000194
24 0.000194
24 0.000195
24 0.000195
24 0.000195
24 0.000195
24 0.000195
24 0.000196
24 0.000201
23 0.000201
24 0.000201
23 0.000201
23 0.000201
23 0.000201
23 0.000202
24 0.000202
23 0.000202
23 0.000202
23 0.000202
23 0.000202
23 0.000202
23 0.000202
23 0.000202
23 0.000202
24 0.000203
23 0.000203
23 0.000203
23 0.000203
23 0.000203
23 0.000203
23 0.000203
23 0.000203
23 0.000205
23 0.000206
25 0.000686
25 0.000693
24 0.000727
24 0.000728
24 0.000740
24 0.000741
24 0.000747
24 0.000754
25 0.000768
25 0.000776
23 0.000780
23 0.000780
23 0.000803
23 0.000805
23 0.000809
23 0.000810
24 0.000812
23 0.000812
24 0.000813
24 0.000826
24 0.000827
24 0.000827
24 0.000827
24 0.000831
24 0.000834
24 0.000834
24 0.000838
24 0.000843
24 0.000846
23 0.000868
23 0.000869
23 0.000897
23 0.000902
23 0.000902
23 0.000903
23 0.000912
25 0.001033
25 0.001047
24 0.001089
24 0.001108
24 0.001110
24 0.001110
24 0.001110
24 0.001121
24 0.001122
24 0.001126
24 0.001139
24 0.001139
24 0.001149
23 0.001156
23 0.001160
22 0.001178
22 0.001179
16 0.001185
22 0.001188
22 0.001187
22 0.001188
22 0.001188
22 0.001191
22 0.001191
22 0.001191
22 0.001196
16 0.001197
22 0.001197
22 0.001200
22 0.001200
22 0.001202
23 0.001202
22 0.001208
23 0.001216
22 0.001217
23 0.001218
22 0.001227
23 0.001228
22 0.001234
22 0.001237
16 0.001237
22 0.001239
22 0.001240
22 0.001243
23 0.001245
22 0.001246
22 0.001249
22 0.001249
22 0.001249
22 0.001249
22 0.001249
22 0.001251
16 0.001251
22 0.001252
22 0.001255
22 0.001255
22 0.001255
22 0.001256
22 0.001258
22 0.001263
22 0.001265
22 0.001266
22 0.001266
22 0.001268
22 0.001271
22 0.001272
22 0.001274
22 0.001276
22 0.001281
22 0.001282
22 0.001282
22 0.001294
22 0.001300
22 0.001320
22 0.001320
16 0.001346
20 0.001346
22 0.001358
16 0.001361
16 0.001410
19 0.001410
19 0.001410
18 0.001470
18 0.001475
18 0.001488
16 0.001524
18 0.001524
16 0.001531
17 0.001537
18 0.001540
17 0.001540
17 0.001557
17 0.001562
17 0.001567
17 0.001568
17 0.001573
17 0.001583
17 0.001587
17 0.001589
17 0.001593
17 0.001595
17 0.001596
17 0.001599
17 0.001604
17 0.001605
17 0.001609
18 0.001614
18 0.001618
18 0.001620
18 0.001626
17 0.001628
18 0.001633
18 0.001643
18 0.001644
18 0.001645
18 0.001652
18 0.001654
18 0.001658
18 0.001659
16 0.001662
18 0.001666
18 0.001671
18 0.001672
17 0.001688
16 0.001688
16 0.001709
17 0.001713
17 0.001730
17 0.001747
17 0.001754
17 0.001755
17 0.001772
17 0.001773
17 0.001779
17 0.001781
17 0.001799
16 0.001865
16 0.001894
25 0.002027
25 0.002043
25 0.002048
24 0.002160
24 0.002163
24 0.002187
24 0.002201
24 0.002215
24 0.002228
23 0.002374
23 0.002391
23 0.002393
23 0.002396
23 0.002414
25 0.002953
25 0.002985
25 0.002995
15 0.003080
24 0.003129
15 0.003138
24 0.003141
24 0.003176
24 0.003177
24 0.003180
24 0.003180
24 0.003206
24 0.003210
15 0.003223
15 0.003223
24 0.003236
24 0.003244
24 0.003257
24 0.003260
24 0.003267
24 0.003272
24 0.003273
24 0.003273
24 0.003275
24 0.003280
23 0.003340
23 0.003340
15 0.003353
15 0.003363
15 0.003363
15 0.003401
15 0.003421
23 0.003430
23 0.003470
23 0.003470
15 0.003502
15 0.003523
15 0.003525
23 0.003536
23 0.003577
15 0.003610
15 0.003612
15 0.003658
15 0.003680
15 0.003681
15 0.003711
15 0.003740
15 0.003741
15 0.003801
14 0.003854
15 0.003890
15 0.003929
15 0.003955
15 0.003955
15 0.004015
15 0.004029
15 0.004047
15 0.004047
15 0.004050
15 0.004059
15 0.004118
15 0.004124
14 0.004151
14 0.004172
15 0.004215
15 0.004219
15 0.004219
15 0.004271
15 0.004271
15 0.004275
14 0.004300
14 0.004374
15 0.004482
15 0.004515
15 0.004517
15 0.004566
15 0.004570
15 0.004570
15 0.004676
15 0.004679
15 0.004681
15 0.004727
14 0.004738
15 0.004766
14 0.004767
14 0.004793
14 0.004942
14 0.004963
14 0.005003
16 0.005185
16 0.005200
16 0.005215
16 0.005215
16 0.005235
15 0.005299
15 0.005303
15 0.005304
16 0.005483
16 0.005499
16 0.005509
16 0.005547
16 0.005552
16 0.005556
16 0.005566
15 0.005566
15 0.005572
16 0.005573
15 0.005577
16 0.005596
16 0.005603
16 0.005611
16 0.005621
16 0.005621
15 0.005629
16 0.005643
15 0.005649
16 0.005670
14 0.005711
14 0.005770
14 0.005780
14 0.005799
14 0.005819
14 0.005931
15 0.006071
15 0.006131
15 0.006138
14 0.006276
14 0.006270
14 0.006286
14 0.006310
14 0.006312
14 0.006322
14 0.006347
14 0.006348
14 0.006401
16 0.006422
14 0.006421
16 0.006515
16 0.006522
16 0.006547
16 0.006551
16 0.006593
16 0.006593
16 0.006604
16 0.006613
16 0.006621
16 0.006639
16 0.006650
13 0.006657
16 0.006671
16 0.006677
14 0.006701
16 0.006710
16 0.006715
13 0.006721
16 0.006731
24 0.006818
16 0.006868
24 0.006873
16 0.006906
15 0.006968
15 0.006968
24 0.007016
12 0.007086
24 0.007078
12 0.007090
24 0.007091
15 0.007102
12 0.007102
12 0.007131
12 0.007184
15 0.007191
14 0.007248
14 0.007408
14 0.007431
15 0.007443
23 0.007462
15 0.007471
15 0.007480
14 0.007498
11 0.007506
15 0.007519
11 0.007523
23 0.007526
15 0.007514
15 0.007531
23 0.007538
11 0.007548
11 0.007582
11 0.007588
14 0.007592
11 0.007638
15 0.007660
15 0.007660
11 0.007676
11 0.007686
11 0.007727
11 0.007740
11 0.007756
11 0.007806
14 0.007838
14 0.007841
14 0.007852
14 0.007905
13 0.007916
14 0.007971
14 0.007978
14 0.007981
14 0.008003
14 0.008008
14 0.008028
14 0.008048
14 0.008102
14 0.008102
15 0.008173
15 0.008216
15 0.008218
10 0.008283
10 0.008307
13 0.008311
13 0.008341
10 0.008352
13 0.008352
15 0.008362
15 0.008362
15 0.008369
14 0.008379
18 0.008405
14 0.008410
10 0.008429
20 0.008470
15 0.008477
12 0.008520
15 0.008526
19 0.008541
19 0.008557
12 0.008571
15 0.008666
15 0.008669
12 0.008670
15 0.008678
19 0.008705
9 0.008729
15 0.008729
13 0.008730
13 0.008740
15 0.008748
9 0.008758
9 0.008790
15 0.008780
9 0.008798
19 0.008808
9 0.008823
9 0.008841
19 0.008875
9 0.008889
9 0.008896
18 0.008903
19 0.008926
9 0.008942
18 0.008959
9 0.008979
20 0.008985
9 0.008991
9 0.009002
9 0.009012
12 0.009037
9 0.009060
20 0.009068
15 0.009069
12 0.009070
15 0.009083
9 0.009108
15 0.009115
15 0.009121
15 0.009123
21 0.009149
21 0.009154
11 0.009165
18 0.009190
11 0.009224
19 0.009271
11 0.009272
11 0.009275
20 0.009312
15 0.009378
15 0.009378
15 0.009387
11 0.009433
19 0.009446
20 0.009469
11 0.009539
21 0.009554
18 0.009623
19 0.009624
8 0.009632
15 0.009663
15 0.009684
15 0.009687
15 0.009688
15 0.009723
15 0.009726
8 0.009741
20 0.009751
11 0.009802
11 0.009806
19 0.009901
11 0.009902
11 0.009902
19 0.009917
22 0.009919
11 0.009936
17 0.010000
10 0.010017
19 0.010050
10 0.010059
10 0.010078
20 0.010108
10 0.010181
10 0.010185
19 0.010192
10 0.010203
20 0.010250
15 0.010292
10 0.010327
22 0.010331
10 0.010352
20 0.010353
15 0.010364
19 0.010413
20 0.010413
10 0.010432
10 0.010461
20 0.010467
10 0.010480
19 0.010490
20 0.010524
9 0.010526
10 0.010734
10 0.010734
10 0.010736
10 0.010739
10 0.010747
19 0.010768
20 0.010789
21 0.010814
18 0.010876
10 0.010893
10 0.010893
10 0.010897
10 0.010897
15 0.010930
17 0.010917
15 0.010940
15 0.010942
21 0.010978
9 0.010978
20 0.011100
20 0.011101
20 0.011104
9 0.011126
18 0.011139
9 0.011150
7 0.011189
7 0.011206
9 0.011242
20 0.011268
21 0.011288
19 0.011304
9 0.011308
18 0.011330
9 0.011363
19 0.011375
9 0.011402
7 0.011420
7 0.011438
9 0.011447
18 0.011538
21 0.011569
15 0.011582
19 0.011584
15 0.011596
15 0.011604
19 0.011617
20 0.011670
18 0.011725
19 0.011741
19 0.011773
7 0.011779
7 0.011798
18 0.011822
15 0.011847
9 0.011851
15 0.011853
15 0.011853
20 0.011885
21 0.011902
20 0.011912
20 0.011954
19 0.011976
19 0.012048
21 0.012050
20 0.012082
9 0.012112
21 0.012116
9 0.012135
9 0.012144
20 0.012149
20 0.012153
9 0.012163
19 0.012214
8 0.012218
18 0.012230
20 0.012296
21 0.012297
21 0.012323
20 0.012330
7 0.012379
19 0.012382
9 0.012385
7 0.012399
8 0.012408
21 0.012408
20 0.012458
21 0.012535
20 0.012541
18 0.012609
20 0.012646
19 0.012728
21 0.012736
20 0.012931
20 0.012955
20 0.013039
20 0.013042
19 0.013059
22 0.013060
19 0.013097
15 0.013148
20 0.013188
15 0.013208
20 0.013279
21 0.013290
7 0.013342
7 0.013364
7 0.013365
7 0.013388
7 0.013419
7 0.013463
8 0.013470
8 0.013480
7 0.013497
8 0.013508
20 0.013506
7 0.013515
8 0.013517
19 0.013532
7 0.013536
7 0.013539
7 0.013547
8 0.013554
7 0.013553
7 0.013561
7 0.013590
7 0.013618
15 0.013746
15 0.013746
8 0.013750
8 0.013781
8 0.013791
20 0.013830
7 0.013844
7 0.013870
15 0.013875
19 0.013935
7 0.013960
18 0.013965
7 0.013986
8 0.013991
15 0.013994
15 0.014006
7 0.014032
21 0.014055
8 0.014071
19 0.014103
7 0.014104
22 0.014109
6 0.014112
6 0.014119
6 0.014129
8 0.014129
21 0.014149
7 0.014176
8 0.014178
7 0.014203
7 0.014261
19 0.014269
20 0.014442
15 0.014500
19 0.014505
6 0.014512
20 0.014518
6 0.014517
6 0.014526
22 0.014528
6 0.014528
6 0.014530
6 0.014541
21 0.014545
15 0.014545
6 0.014545
15 0.014600
6 0.014612
19 0.014656
20 0.014810
6 0.014827
6 0.014848
19 0.014848
6 0.014885
6 0.014891
6 0.014900
6 0.015032
20 0.015071
20 0.015080
6 0.015162
6 0.015174
6 0.015177
6 0.015195
20 0.015190
6 0.015192
6 0.015195
6 0.015205
6 0.015209
6 0.015218
19 0.015293
20 0.015399
22 0.015428
21 0.015443
6 0.015499
6 0.015512
20 0.015512
20 0.015521
6 0.015532
6 0.015575
6 0.015579
6 0.015581
6 0.015591
6 0.015730
22 0.015758
19 0.015773
15 0.015780
6 0.015791
6 0.015814
15 0.015835
21 0.015851
22 0.015932
18 0.015938
20 0.016014
21 0.016042
7 0.016234
7 0.016266
7 0.016269
15 0.016321
15 0.016351
15 0.016351
6 0.016356
15 0.016359
15 0.016356
6 0.016366
15 0.016367
6 0.016374
6 0.016394
6 0.016405
6 0.016405
6 0.016419
6 0.016422
6 0.016425
6 0.016430
6 0.016436
6 0.016438
6 0.016442
22 0.016448
6 0.016457
6 0.016463
6 0.016464
6 0.016482
21 0.016483
21 0.016487
6 0.016489
21 0.016534
15 0.016534
6 0.016611
20 0.016712
20 0.016718
15 0.016720
15 0.016725
15 0.016725
15 0.016764
15 0.016773
6 0.016777
6 0.016796
6 0.016815
6 0.016828
6 0.016832
6 0.016835
6 0.016852
6 0.016855
6 0.016866
6 0.016869
21 0.016872
6 0.016874
19 0.016884
6 0.016889
6 0.016955
21 0.017002
6 0.017031
6 0.017091
6 0.017099
6 0.017135
6 0.017164
19 0.017322
20 0.017398
22 0.017519
15 0.017565
15 0.017665
15 0.017674
21 0.017800
6 0.017852
15 0.017880
15 0.017885
6 0.017957
6 0.018047
6 0.018062
6 0.018081
6 0.018118
6 0.018160
6 0.018161
22 0.018169
6 0.018170
6 0.018185
6 0.018190
6 0.018198
6 0.018205
6 0.018229
21 0.018249
7 0.018250
7 0.018269
19 0.018294
7 0.018295
7 0.018314
7 0.018371
13 0.018394
19 0.018397
6 0.018401
7 0.018416
7 0.018454
9 0.018480
8 0.018546
13 0.018573
6 0.018677
6 0.018680
6 0.018694
6 0.018728
6 0.018720
6 0.018725
6 0.018785
6 0.018776
6 0.018796
6 0.018810
6 0.018814
6 0.018816
6 0.018824
6 0.018844
20 0.018844
22 0.018822
9 0.018849
15 0.018860
12 0.018862
6 0.018872
15 0.018880
6 0.018886
15 0.018890
6 0.018909
6 0.018913
9 0.018918
6 0.018946
6 0.018957
6 0.018984
9 0.018999
20 0.019021
15 0.019030
6 0.019036
6 0.019048
6 0.019057
6 0.019061
6 0.019070
6 0.019075
6 0.019089
20 0.019091
6 0.019106
6 0.019109
6 0.019113
6 0.019123
9 0.019160
15 0.019160
15 0.019180
6 0.019205
10 0.019209
6 0.019210
20 0.019210
15 0.019220
6 0.019223
6 0.019233
6 0.019244
6 0.019267
15 0.019310
10 0.019322
6 0.019371
11 0.019401
10 0.019430
10 0.019439
9 0.019460
6 0.019486
15 0.019500
10 0.019501
15 0.019510
15 0.019520
20 0.019576
6 0.019580
10 0.019582
20 0.019591
6 0.019612
9 0.019639
6 0.019653
6 0.019681
6 0.019707
6 0.019741
6 0.019764
6 0.019785
13 0.019794
21 0.019802
10 0.019841
6 0.019880
6 0.019893
6 0.019895
12 0.019906
10 0.019909
6 0.019921
6 0.019925
6 0.019930
9 0.019931
6 0.019951
6 0.019961
6 0.019977
11 0.020069
11 0.020104
20 0.020124
6 0.020146
6 0.020194
11 0.020239
11 0.020239
6 0.020268
7 0.020284
10 0.020291
10 0.020311
6 0.020310
6 0.020407
7 0.020412
21 0.020413
11 0.020429
9 0.020441
7 0.020468
11 0.020499
13 0.020535
6 0.020549
19 0.020562
13 0.020604
13 0.020690
23 0.020693
11 0.020701
13 0.020713
10 0.020713
15 0.020750
15 0.020750
15 0.020770
11 0.020801
11 0.020958
24 0.020967
11 0.021006
11 0.021018
12 0.021042
15 0.021050
15 0.021060
15 0.021060
19 0.021096
11 0.021152
11 0.021164
6 0.021187
14 0.021277
12 0.021290
11 0.021388
12 0.021502
11 0.021593
12 0.021606
19 0.021657
11 0.021660
12 0.021720
10 0.021789
10 0.021810
12 0.021858
12 0.021870
12 0.021977
14 0.022165
20 0.022169
20 0.022229
20 0.022248
12 0.022358
11 0.022408
12 0.022481
13 0.022485
11 0.022540
13 0.022589
11 0.022631
11 0.022642
13 0.022690
13 0.022770
13 0.022772
13 0.022798
11 0.022842
11 0.022851
12 0.022861
13 0.022863
13 0.022936
11 0.023017
13 0.023187
13 0.023215
12 0.023235
13 0.023376
13 0.023379
20 0.023391
13 0.023422
13 0.023506
14 0.023552
11 0.023557
8 0.023622
13 0.023672
13 0.023736
12 0.023789
13 0.023817
7 0.023862
13 0.023867
13 0.023925
7 0.023938
19 0.023961
13 0.023968
22 0.023989
13 0.024061
14 0.024110
13 0.024138
20 0.024164
13 0.024206
14 0.024264
14 0.024346
21 0.024370
14 0.024393
7 0.024477
7 0.024493
7 0.024574
14 0.024614
14 0.024663
7 0.024747
14 0.024841
14 0.024864
14 0.024887
14 0.024966
7 0.025013
14 0.025033
14 0.025045
7 0.025097
14 0.025137
13 0.025252
7 0.025276
7 0.025299
15 0.025320
7 0.025365
15 0.025420
7 0.025452
13 0.025528
14 0.025536
20 0.025640
13 0.025649
13 0.025684
13 0.025724
14 0.025722
14 0.025724
14 0.025810
21 0.025892
12 0.025931
13 0.025995
14 0.026045
20 0.026077
13 0.026093
15 0.026270
21 0.026339
12 0.026413
14 0.026471
15 0.026480
15 0.026510
13 0.026583
8 0.026619
22 0.026637
13 0.026643
23 0.026691
13 0.026766
20 0.026793
15 0.026919
21 0.026932
12 0.026981
22 0.027141
16 0.027146
13 0.027216
13 0.027455
14 0.027571
12 0.027579
14 0.027614
19 0.027702
13 0.027708
14 0.027711
13 0.027747
22 0.027780
13 0.027990
15 0.028041
13 0.028107
16 0.028147
15 0.028218
14 0.028244
13 0.028324
13 0.028399
14 0.028475
13 0.028516
14 0.028550
22 0.028670
22 0.028670
16 0.028700
16 0.028800
13 0.028928
14 0.028956
13 0.028978
13 0.029013
20 0.029035
13 0.029052
13 0.029327
16 0.029327
13 0.029359
13 0.029498
13 0.029609
24 0.029669
16 0.029770
16 0.029770
16 0.029865
13 0.030011
16 0.030151
13 0.030153
15 0.030250
16 0.030251
15 0.030280
15 0.030300
13 0.030313
14 0.030484
11 0.030646
20 0.030659
6 0.030710
6 0.030784
6 0.030798
6 0.030855
6 0.030884
13 0.030890
13 0.030890
6 0.030944
18 0.030952
6 0.030956
13 0.030986
6 0.031005
6 0.031017
11 0.031077
13 0.031064
6 0.031088
6 0.031089
6 0.031092
13 0.031124
13 0.031131
14 0.031164
6 0.031174
6 0.031383
13 0.031280
13 0.031334
13 0.031334
11 0.031389
13 0.031380
6 0.031486
15 0.031510
14 0.031598
20 0.031679
15 0.031860
13 0.031976
6 0.031898
6 0.032059
6 0.032067
6 0.032086
6 0.032096
13 0.032114
6 0.032117
6 0.032154
11 0.032243
13 0.032269
8 0.032379
6 0.032515
14 0.032522
6 0.032538
6 0.032657
6 0.032593
6 0.032711
11 0.032729
14 0.032729
14 0.032785
6 0.032689
6 0.032824
6 0.032843
6 0.032856
6 0.032904
6 0.032918
12 0.032929
6 0.032933
20 0.033025
14 0.033041
13 0.033043
20 0.033067
20 0.033114
13 0.033143
10 0.033380
22 0.033403
14 0.033598
12 0.033695
11 0.033699
12 0.033714
14 0.033910
14 0.033925
14 0.033960
8 0.034011
8 0.034022
8 0.034179
11 0.034196
8 0.034250
14 0.034258
12 0.034268
19 0.034278
14 0.034343
14 0.034384
8 0.034450
8 0.034562
20 0.034563
12 0.034602
12 0.034638
13 0.034685
8 0.034684
16 0.034711
11 0.034720
8 0.034760
15 0.034890
15 0.034930
15 0.034940
14 0.034944
14 0.034967
19 0.035270
14 0.035273
14 0.035429
21 0.035676
20 0.035710
20 0.035759
15 0.035830
14 0.035831
15 0.035910
8 0.036037
15 0.036040
15 0.036099
13 0.036166
11 0.036167
11 0.036348
16 0.036391
8 0.036442
16 0.036508
20 0.036563
8 0.036578
11 0.036606
11 0.036788
22 0.036836
19 0.036910
18 0.036993
8 0.037072
8 0.037110
8 0.037159
8 0.037170
10 0.037191
16 0.037376
13 0.037470
16 0.037620
9 0.037678
11 0.037715
16 0.037721
8 0.037849
10 0.037937
13 0.037939
13 0.038051
11 0.038214
8 0.038268
13 0.038275
10 0.038304
13 0.038349
15 0.038474
10 0.038483
19 0.038537
13 0.038584
22 0.038583
12 0.038628
10 0.038632
13 0.038640
13 0.038759
12 0.038879
10 0.038899
13 0.038966
6 0.039179
6 0.039294
11 0.039374
6 0.039437
13 0.039527
9 0.039547
21 0.039569
16 0.039640
12 0.039730
12 0.039748
13 0.039762
6 0.039777
10 0.039832
6 0.039895
6 0.039916
6 0.039984
8 0.040008
6 0.040035
6 0.040043
12 0.040072
8 0.040079
6 0.040104
6 0.040184
8 0.040244
13 0.040269
14 0.040296
8 0.040347
5 0.040436
5 0.040602
5 0.040640
11 0.040719
8 0.040821
8 0.040869
8 0.040927
12 0.041000
5 0.041030
8 0.041039
5 0.041060
5 0.041098
5 0.041132
8 0.041147
11 0.041266
5 0.041274
19 0.041304
16 0.041319
8 0.041358
5 0.041375
11 0.041497
8 0.041533
5 0.041562
5 0.041598
14 0.041635
6 0.041683
24 0.041804
14 0.041853
5 0.041980
6 0.042113
6 0.042162
6 0.042263
6 0.042361
13 0.042506
6 0.042519
6 0.042597
24 0.042648
18 0.042814
6 0.042855
5 0.042859
5 0.042905
14 0.042912
6 0.042960
6 0.042966
6 0.043016
14 0.043061
6 0.043096
6 0.043122
6 0.043202
5 0.043354
13 0.043408
6 0.043530
5 0.043567
5 0.043616
5 0.043618
13 0.043819
16 0.043858
5 0.043874
5 0.043935
19 0.044084
5 0.044172
5 0.044249
6 0.044269
6 0.044441
12 0.044553
14 0.044743
24 0.044990
12 0.045284
18 0.045781
19 0.046425
20 0.046579
5 0.046732
14 0.047196
5 0.047482
13 0.047950
13 0.048262
21 0.048421
12 0.048558
22 0.049606
13 0.050154
6 0.051027
19 0.051154
13 0.051764
14 0.051805
20 0.052089
6 0.052284
19 0.052726
12 0.052989
21 0.054843
21 0.054843
12 0.055292
20 0.056085
19 0.056110
20 0.057084
4 0.057979
4 0.058144
4 0.058165
14 0.058211
4 0.058521
20 0.059312
19 0.061531
21 0.061800
19 0.062508
19 0.062508
22 0.063408
13 0.063540
20 0.064541
20 0.065488
20 0.065578
18 0.066383
18 0.066383
8 0.066814
20 0.067627
20 0.067801
20 0.067990
16 0.069709
25 0.070403
18 0.070706
15 0.073310
19 0.074543
20 0.074722
19 0.075861
15 0.076510
15 0.077100
19 0.077351
19 0.077351
20 0.078351
20 0.078351
20 0.078585
19 0.079796
6 0.080118
6 0.081459
20 0.082761
21 0.084190
22 0.085092
6 0.085171
6 0.085300
6 0.085505
6 0.085693
6 0.085940
6 0.086168
6 0.086506
6 0.086666
6 0.086724
6 0.087112
6 0.087224
20 0.087742
6 0.087826
20 0.088005
20 0.088005
3 0.089239
19 0.090604
19 0.090604
15 0.091320
6 0.091505
23 0.092064
6 0.092161
6 0.092340
6 0.092761
6 0.093248
6 0.093379
6 0.093618
6 0.093933
21 0.095280
15 0.097280
6 0.098411
6 0.098595
21 0.100640
21 0.100640
20 0.101370
6 0.103969
6 0.104112
3 0.110816
19 0.111070
19 0.111070
18 0.111720
17 0.117000
17 0.117000
3 0.118330
3 0.118386
3 0.119849
3 0.121980
3 0.122897
19 0.123050
6 0.123623
4 0.124225
4 0.124450
4 0.124773
4 0.125193
19 0.125530
6 0.125577
4 0.125728
6 0.125842
6 0.126410
4 0.126441
6 0.127244
20 0.128060
3 0.128358
20 0.128450
6 0.128510
3 0.128759
3 0.129162
22 0.129320
18 0.129840
19 0.130550
12 0.132212
6 0.133387
20 0.133980
6 0.134549
6 0.135686
18 0.135890
18 0.135890
11 0.135960
10 0.135971
3 0.136072
3 0.136520
3 0.136943
3 0.137165
6 0.139117
6 0.139122
6 0.139671
6 0.140516
6 0.140832
24 0.143900
11 0.145045
6 0.145865
12 0.147400
6 0.148876
18 0.150240
24 0.152200
6 0.154843
10 0.157416
5 0.159100
5 0.159100
3 0.159695
5 0.159724
5 0.160014
4 0.160360
5 0.160645
5 0.160645
3 0.160917
4 0.161110
5 0.161242
3 0.161414
5 0.161883
5 0.161883
3 0.162060
3 0.162391
3 0.162912
3 0.163380
5 0.163409
3 0.164746
3 0.165357
4 0.165383
4 0.165639
4 0.165925
4 0.166473
4 0.166700
4 0.167008
20 0.167840
6 0.168734
4 0.169168
4 0.169315
4 0.169830
4 0.169870
4 0.169906
4 0.170743
4 0.171867
4 0.172052
4 0.172074
4 0.172141
4 0.172294
4 0.172483
2 0.172647
2 0.173270
2 0.173355
2 0.173449
22 0.173640
2 0.173793
2 0.174016
2 0.174200
4 0.174210
4 0.175159
4 0.175982
4 0.176217
4 0.176294
19 0.176400
4 0.176627
4 0.176709
4 0.177211
4 0.177351
4 0.178221
4 0.178602
4 0.178704
4 0.178738
4 0.178864
4 0.179044
4 0.179565
4 0.179579
3 0.180406
3 0.180647
3 0.181102
2 0.185327
2 0.185792
3 0.187762
3 0.188521
18 0.189500
2 0.190295
4 0.190703
2 0.190784
4 0.191025
2 0.191141
2 0.191468
2 0.191510
2 0.191864
2 0.191964
2 0.192125
2 0.192307
2 0.192334
2 0.192552
2 0.192659
2 0.193140
3 0.194128
3 0.194289
3 0.194321
2 0.194515
2 0.194793
2 0.195014
3 0.195236
3 0.195252
2 0.195323
2 0.195481
3 0.195661
2 0.195925
3 0.196204
2 0.196924
3 0.197895
3 0.198276
3 0.198959
2 0.199423
1 0.199606
4 0.199754
1 0.199951
1 0.200450
19 0.201600
3 0.202284
3 0.202848
3 0.202879
2 0.203796
2 0.203829
2 0.204063
3 0.204523
3 0.204959
3 0.205034
3 0.205746
3 0.206704
3 0.206968
2 0.207687
3 0.207804
3 0.207879
3 0.208489
3 0.209071
3 0.209091
1 0.209283
3 0.209481
3 0.209545
2 0.209813
3 0.209860
3 0.210064
2 0.210317
1 0.211025
2 0.211463
3 0.212392
5 0.215427
5 0.215427
5 0.216175
5 0.216175
5 0.216571
3 0.217046
5 0.217327
5 0.217327
3 0.217483
3 0.217755
3 0.218254
5 0.218317
3 0.218555
3 0.218581
21 0.218940
21 0.218940
5 0.219493
21 0.220720
1 0.220950
3 0.221264
3 0.221311
1 0.221454
3 0.221590
12 0.221800
12 0.221800
3 0.222124
1 0.222253
5 0.222414
3 0.222811
12 0.223200
12 0.223200
5 0.223634
21 0.223780
5 0.226196
19 0.226900
6 0.227640
25 0.231500
11 0.234180
11 0.234180
2 0.237408
25 0.237800
6 0.242670
2 0.242812
2 0.242846
2 0.242868
2 0.243811
2 0.243858
2 0.245323
5 0.245657
5 0.245657
12 0.245700
6 0.246080
5 0.247843
24 0.248200
22 0.248820
5 0.249599
2 0.249975
5 0.250408
5 0.250408
5 0.250803
2 0.250836
5 0.251434
10 0.251730
2 0.251736
2 0.251750
5 0.251957
5 0.251957
2 0.252242
5 0.252601
5 0.252994
2 0.253148
2 0.253256
2 0.253354
1 0.253382
2 0.253409
2 0.253486
2 0.253498
12 0.253600
12 0.253600
2 0.253642
2 0.253674
2 0.253868
11 0.253910
11 0.253910
2 0.254187
2 0.254368
2 0.254421
2 0.254952
2 0.255262
2 0.255404
12 0.255500
2 0.255734
2 0.255766
2 0.255936
20 0.256000
20 0.256000
2 0.256018
5 0.256337
5 0.256337
2 0.256442
2 0.256599
1 0.257353
1 0.257628
2 0.257687
1 0.258508
2 0.258974
2 0.259048
1 0.259372
2 0.259450
1 0.259654
2 0.259968
1 0.260292
2 0.260350
2 0.260450
2 0.260647
2 0.261098
5 0.261619
5 0.261619
2 0.261892
1 0.262368
1 0.262482
2 0.262558
2 0.262636
1 0.262742
1 0.263104
1 0.263135
5 0.263308
2 0.263313
5 0.263590
5 0.263590
2 0.263896
2 0.264063
2 0.265178
2 0.265670
5 0.265721
2 0.266756
1 0.266779
2 0.266782
2 0.267338
2 0.267416
12 0.267500
12 0.267500
2 0.267522
1 0.267713
2 0.268114
2 0.268148
2 0.268205
1 0.268252
1 0.268382
1 0.268455
2 0.268535
2 0.268674
2 0.268905
1 0.269346
2 0.269399
12 0.269600
2 0.269616
2 0.269977
2 0.270180
2 0.270197
2 0.270250
2 0.270478
2 0.270654
2 0.270833
2 0.270925
2 0.271076
2 0.271113
2 0.271238
2 0.271761
2 0.271834
2 0.271982
2 0.272055
18 0.272100
2 0.272291
2 0.272527
2 0.272942
1 0.273967
1 0.276175
1 0.277226
1 0.277705
1 0.278082
1 0.279002
1 0.279118
1 0.279190
1 0.279564
1 0.279909
1 0.280067
1 0.280190
1 0.280493
1 0.280697
1 0.280885
1 0.280994
1 0.281367
1 0.281430
2 0.281585
2 0.281716
1 0.281880
1 0.281960
1 0.282228
1 0.282338
1 0.283162
1 0.283714
12 0.286100
12 0.286100
2 0.287092
2 0.287378
2 0.288033
1 0.288375
2 0.288753
2 0.289043
2 0.289324
2 0.289955
2 0.290101
1 0.290807
1 0.291545
1 0.292643
11 0.292680
11 0.292680
1 0.292954
2 0.293392
1 0.293488
2 0.294016
1 0.294125
1 0.294134
1 0.294190
2 0.295006
10 0.295690
10 0.295690
1 0.300853
1 0.301204
1 0.301225
1 0.301555
1 0.301733
2 0.302080
1 0.302363
2 0.303194
2 0.303623
1 0.304148
1 0.304210
1 0.304362
1 0.304402
1 0.304424
1 0.304546
1 0.304648
1 0.304669
1 0.304747
1 0.304792
1 0.304975
2 0.305154
1 0.305525
1 0.306302
1 0.306691
1 0.307116
1 0.307403
1 0.308053
1 0.308223
1 0.308295
1 0.308359
1 0.309204
1 0.309424
1 0.309796
1 0.309865
1 0.309899
1 0.310418
1 0.310764
1 0.310954
1 0.311158
1 0.311404
1 0.311426
1 0.311469
1 0.311503
1 0.311637
1 0.311667
1 0.311773
1 0.311843
1 0.311903
1 0.312198
1 0.312378
1 0.312774
1 0.313320
1 0.313370
1 0.313610
1 0.313788
1 0.313905
1 0.314273
1 0.314358
1 0.314724
1 0.314909
1 0.314976
1 0.315083
1 0.315237
1 0.315316
1 0.315699
1 0.316086
1 0.316107
1 0.316196
1 0.316874
1 0.317027
1 0.317134
1 0.317630
1 0.317649
1 0.317664
1 0.317798
1 0.317853
1 0.317942
1 0.319088
1 0.319335
1 0.320204
1 0.320313
1 0.320406
1 0.320783
1 0.321381
1 0.321788
1 0.322569
1 0.322696
1 0.322797
1 0.322902
1 0.323116
1 0.323165
1 0.323771
1 0.323965
1 0.324133
11 0.324150
11 0.324150
1 0.324155
1 0.324181
1 0.324472
1 0.324946
1 0.325083
1 0.325208
1 0.325389
1 0.325498
1 0.325644
1 0.325708
1 0.325935
19 0.326000
19 0.326000
1 0.326117
1 0.326398
1 0.326565
1 0.326872
1 0.326966
1 0.327129
1 0.327395
1 0.327900
1 0.327949
3 0.328844
1 0.329191
1 0.329783
1 0.329918
1 0.330191
1 0.330425
1 0.330795
1 0.330973
1 0.331285
1 0.332165
1 0.333164
2 0.333174
1 0.333552
1 0.334469
1 0.335135
1 0.335263
1 0.335645
1 0.336163
1 0.336516
1 0.336610
1 0.337748
11 0.338290
11 0.338290
24 0.340100
1 0.341178
1 0.341925
1 0.342177
1 0.342976
1 0.343014
1 0.343073
2 0.343996
1 0.344101
2 0.344298
1 0.344780
1 0.345159
1 0.345249
1 0.345982
2 0.346102
2 0.346131
1 0.346465
1 0.347099
2 0.347503
2 0.347512
2 0.348391
1 0.348931
2 0.348968
1 0.349255
1 0.349586
2 0.349684
2 0.349781
2 0.349853
1 0.350474
1 0.350688
1 0.350854
1 0.351008
1 0.351219
1 0.351283
1 0.352455
1 0.353286
1 0.353301
1 0.353313
1 0.353628
1 0.353898
3 0.354153
24 0.354600
1 0.354881
1 0.354904
1 0.354921
1 0.356081
1 0.357051
1 0.357082
1 0.357106
1 0.357889
1 0.358470
1 0.358756
1 0.359282
1 0.359614
24 0.359700
1 0.360229
3 0.360275
1 0.360856
1 0.360951
1 0.361133
1 0.361634
3 0.361703
1 0.362031
1 0.362482
1 0.362732
1 0.363077
1 0.363684
1 0.364018
1 0.364404
1 0.364773
1 0.364973
1 0.365337
1 0.365454
1 0.365894
1 0.366144
1 0.366438
1 0.366873
1 0.366924
1 0.366959
1 0.367023
1 0.367088
1 0.367156
1 0.367670
1 0.367799
1 0.367950
12 0.368100
1 0.368118
1 0.368314
1 0.368590
1 0.368625
12 0.368625
1 0.368659
1 0.369386
1 0.369472
1 0.369761
1 0.370136
1 0.370278
1 0.370713
1 0.370774
1 0.370991
1 0.371099
1 0.371180
1 0.371264
1 0.371484
1 0.371918
1 0.371998
1 0.372196
1 0.372800
1 0.372904
1 0.372994
1 0.373060
1 0.373206
1 0.373299
1 0.374768
1 0.375182
1 0.375362
1 0.375525
22 0.375660
1 0.375771
1 0.376444
1 0.376712
1 0.376876
1 0.376925
1 0.377250
24 0.377400
1 0.377402
1 0.377493
1 0.377575
1 0.377737
1 0.377761
1 0.378651
1 0.378790
1 0.379129
1 0.379959
1 0.380034
1 0.380163
24 0.380200
1 0.380298
1 0.380415
1 0.380510
1 0.380780
1 0.380959
11 0.381060
1 0.381067
1 0.381177
1 0.381274
1 0.381783
1 0.382460
1 0.382498
1 0.382770
1 0.383079
1 0.383495
1 0.383545
1 0.383829
1 0.384089
1 0.384217
1 0.384507
1 0.384611
1 0.385620
1 0.387188
1 0.387278
1 0.387319
1 0.387428
1 0.387780
1 0.388993
1 0.389056
1 0.389272
1 0.389583
1 0.389945
1 0.390042
1 0.391224
1 0.391384
1 0.391526
1 0.391943
6 0.391990
1 0.392041
1 0.392175
1 0.392443
1 0.392516
1 0.392758
1 0.392940
1 0.393075
1 0.393263
1 0.393664
1 0.393787
1 0.393886
1 0.394399
1 0.395308
1 0.395396
1 0.395568
1 0.397701
1 0.397821
1 0.397990
1 0.398127
1 0.398328
1 0.398371
1 0.398392
1 0.398530
1 0.398637
1 0.398795
1 0.398822
1 0.398859
1 0.399108
1 0.399173
1 0.399274
1 0.399497
1 0.399721
1 0.400071
1 0.400218
1 0.400315
1 0.400439
1 0.400817
1 0.400915
1 0.401270
1 0.401303
1 0.401781
1 0.401924
1 0.402120
1 0.402248
1 0.402708
1 0.402758
1 0.402973
1 0.403190
1 0.403293
1 0.403421
1 0.403563
1 0.403687
6 0.403790
1 0.403987
1 0.404250
1 0.404627
1 0.404635
1 0.404989
1 0.405014
1 0.405287
5 0.405342
1 0.405361
1 0.405636
1 0.405669
1 0.405910
1 0.406008
5 0.406009
1 0.406054
1 0.406288
1 0.406468
1 0.406622
1 0.406750
1 0.406916
1 0.407143
1 0.407515
1 0.407640
1 0.408048
1 0.408057
1 0.408409
1 0.408478
1 0.408662
1 0.408971
1 0.409109
1 0.409175
1 0.409353
1 0.409520
1 0.409779
1 0.410067
1 0.410653
1 0.410902
1 0.411206
5 0.411328
1 0.411503
1 0.411554
1 0.411766
5 0.412014
1 0.412015
1 0.412352
1 0.412393
1 0.412444
1 0.412473
1 0.412698
1 0.413229
1 0.413347
21 0.413500
1 0.413621
1 0.413844
1 0.414223
1 0.414871
1 0.414996
1 0.415276
1 0.415540
1 0.415674
1 0.415986
1 0.416615
1 0.416736
1 0.416839
1 0.417778
1 0.418342
1 0.419117
6 0.419430
6 0.419430
5 0.419662
1 0.419835
10 0.420150
10 0.420150
5 0.420258
1 0.420295
1 0.420432
1 0.420912
1 0.421294
1 0.422180
1 0.422301
1 0.422551
1 0.422626
1 0.423132
1 0.423648
1 0.423641
1 0.424092
5 0.424401
3 0.424737
1 0.425886
1 0.425955
1 0.426053
1 0.426248
1 0.426712
1 0.427988
1 0.428074
1 0.428230
1 0.428529
1 0.429127
1 0.430140
1 0.430688
1 0.431376
2 0.432485
1 0.432736
1 0.432796
1 0.432917
1 0.432988
1 0.433064
1 0.433864
1 0.436086
1 0.436105
5 0.436323
1 0.437010
1 0.437618
1 0.438293
5 0.438314
5 0.438314
1 0.438931
1 0.440932
1 0.441173
1 0.441311
1 0.441612
1 0.442102
5 0.443266
5 0.443266
1 0.443492
1 0.443544
1 0.443760
5 0.443835
5 0.443835
1 0.445284
1 0.445377
1 0.445426
1 0.445626
1 0.445657
1 0.445707
5 0.445827
1 0.445829
1 0.445880
1 0.445951
1 0.446163
1 0.446233
1 0.446328
1 0.446593
1 0.447139
1 0.447406
1 0.448066
1 0.449134
1 0.449789
1 0.450016
1 0.450348
1 0.450514
5 0.450757
5 0.450757
5 0.451541
5 0.451541
1 0.452462
5 0.452823
1 0.453107
5 0.454040
5 0.454040
10 0.454070
1 0.454568
5 0.456598
5 0.456598
1 0.460665
1 0.462783
1 0.464410
1 0.467299
1 0.470246
1 0.471103
1 0.472879
1 0.474043
1 0.475537
1 0.476285
1 0.476370
1 0.476718
1 0.476776
1 0.478476
1 0.482487
1 0.484567
24 0.490200
20 0.494300
1 0.494379
1 0.496725
1 0.498845
1 0.500630
19 0.502200
1 0.503120
1 0.504399
1 0.507620
3 0.508062
3 0.510145
3 0.511846
1 0.511937
1 0.515059
1 0.515234
1 0.519804
1 0.519866
3 0.525369
1 0.525678
1 0.526223
1 0.529435
1 0.531857
1 0.533635
1 0.534255
1 0.534962
1 0.535137
3 0.536708
6 0.536830
6 0.536830
1 0.537913
1 0.539004
1 0.539617
1 0.540099
1 0.540892
1 0.541519
1 0.542187
1 0.543406
24 0.543500
3 0.545559
1 0.545899
1 0.547216
3 0.547620
1 0.548292
1 0.550575
1 0.550740
1 0.551172
1 0.551830
6 0.553800
6 0.553800
1 0.553930
1 0.555352
1 0.556931
1 0.557456
1 0.557523
6 0.559230
6 0.559230
5 0.562167
5 0.562167
6 0.562370
1 0.566985
3 0.567269
5 0.567360
1 0.569201
5 0.569360
5 0.570340
5 0.571280
1 0.573016
1 0.573988
6 0.577670
1 0.578179
1 0.578636
1 0.581845
5 0.586260
1 0.586432
5 0.588700
6 0.589650
3 0.594830
5 0.599180
21 0.600600
1 0.601517
1 0.601831
1 0.602348
5 0.602610
5 0.606790
5 0.608500
5 0.615930
5 0.616770
3 0.621483
5 0.622000
5 0.622000
5 0.622080
3 0.623293
5 0.623570
5 0.623570
3 0.624037
3 0.627545
5 0.633180
5 0.633180
5 0.634540
1 0.634590
1 0.635154
5 0.635640
1 0.638074
1 0.638395
1 0.638644
5 0.639540
1 0.641572
1 0.644275
1 0.644528
5 0.647310
1 0.649349
6 0.652060
6 0.652060
1 0.652117
13 0.653805
13 0.653810
5 0.662710
12 0.666200
24 0.666700
6 0.685400
6 0.685400
1 0.694444
1 0.699189
1 0.707179
24 0.714300
24 0.714300
1 0.718623
21 0.723100
1 0.724982
1 0.728583
1 0.730490
20 0.731000
6 0.731690
1 0.732853
1 0.768231
1 0.771454
1 0.776686
9 0.797070
9 0.797070
10 0.847670
1 0.867330
1 0.867444
1 0.867635
1 0.870344
1 0.870615
19 0.874100
1 0.874333
6 0.982800
10 0.998100
10 0.998100
5 1.214110
5 1.238250
5 1.244490
12 1.280400
12 1.280400
12 1.297100
5 1.312010
5 1.319020
12 1.388400
5 1.411950
18 1.422500
5 1.441960
5 1.504300
5 1.520690
20 1.524400
5 1.542070
5 1.581230
1 1.595405
1 1.595609
1 1.599900
1 1.601440
1 1.617673
1 1.625741
1 1.639968
1 1.644096
1 1.662602
1 1.672040
5 1.703520
1 1.710820
11 2.170600
11 2.170600
11 3.013900
11 3.013900
6 3.037700
6 3.675100
12 4.878000
12 4.878000
10 5.624000
5 5.708700
5 5.843900
5 6.293700
6 10.834000
6 13.404000
5 17.327999
6 17.513000
5 19.747000
5 21.004000
5 22.025999
5 27.855000
6 36.360001
1 39.599300
1 58.713001
1 100.653999
End Spectral Lines:
