Symbol: Fe
Atomic Number: 26
Atomic Mass: 55.847000
Start Spectral Index: 26
1 2383
2 1207
3 319
4 258
5 200
6 159
7 484
8 92
9 56
10 98
11 78
12 115
13 92
14 151
15 154
16 358
17 99
18 83
19 92
20 127
21 127
22 104
23 119
24 96
25 108
26 21
End Spectral Index:
Order of Magnitude: 0.000001
Start Spectral Lines:
26 0.000139
26 0.000142
25 0.000146
25 0.000146
25 0.000149
25 0.000150
26 0.000150
26 0.000150
25 0.000157
25 0.000158
25 0.000177
26 0.000178
25 0.000178
25 0.000178
26 0.000178
25 0.000178
25 0.000179
25 0.000179
25 0.000179
25 0.000179
25 0.000179
25 0.000179
25 0.000179
25 0.000179
25 0.000179
25 0.000179
25 0.000179
25 0.000179
25 0.000180
25 0.000180
25 0.000180
25 0.000180
25 0.000180
25 0.000181
24 0.000185
24 0.000185
25 0.000185
24 0.000185
24 0.000185
24 0.000185
24 0.000185
24 0.000186
25 0.000186
24 0.000186
24 0.000186
24 0.000186
24 0.000186
24 0.000186
23 0.000186
25 0.000186
24 0.000186
24 0.000186
24 0.000186
24 0.000186
24 0.000186
24 0.000187
24 0.000187
24 0.000187
25 0.000187
23 0.000187
24 0.000187
23 0.000187
23 0.000187
23 0.000187
24 0.000187
24 0.000187
23 0.000189
24 0.000187
23 0.000187
24 0.000187
24 0.000187
23 0.000188
23 0.000189
23 0.000188
24 0.000188
23 0.000188
22 0.000188
23 0.000188
22 0.000188
22 0.000188
22 0.000188
22 0.000189
22 0.000189
23 0.000189
21 0.000189
24 0.000189
21 0.000189
21 0.000189
21 0.000189
21 0.000189
21 0.000190
21 0.000190
24 0.000190
20 0.000191
20 0.000191
20 0.000191
20 0.000191
20 0.000191
20 0.000191
20 0.000191
19 0.000192
18 0.000192
26 0.000634
26 0.000640
25 0.000670
25 0.000671
24 0.000675
24 0.000679
24 0.000679
24 0.000681
24 0.000681
25 0.000682
25 0.000683
25 0.000688
25 0.000695
24 0.000697
24 0.000703
24 0.000703
26 0.000709
24 0.000717
24 0.000717
26 0.000717
24 0.000737
24 0.000739
24 0.000744
24 0.000744
23 0.000744
24 0.000746
23 0.000747
25 0.000748
25 0.000749
25 0.000761
25 0.000762
25 0.000762
25 0.000762
25 0.000765
23 0.000784
23 0.000768
25 0.000768
25 0.000769
25 0.000772
23 0.000773
23 0.000776
25 0.000777
23 0.000778
25 0.000779
23 0.000783
23 0.000785
23 0.000785
23 0.000788
24 0.000799
24 0.000799
22 0.000809
24 0.000823
23 0.000829
24 0.000828
23 0.000829
23 0.000830
24 0.000832
23 0.000832
24 0.000832
24 0.000837
21 0.000851
21 0.000851
23 0.000853
23 0.000855
23 0.000855
21 0.000855
21 0.000855
23 0.000855
21 0.000856
21 0.000857
23 0.000861
23 0.000862
21 0.000863
23 0.000863
21 0.000864
23 0.000864
21 0.000865
21 0.000865
23 0.000866
23 0.000867
23 0.000867
22 0.000872
22 0.000872
23 0.000872
23 0.000875
23 0.000876
23 0.000881
21 0.000885
23 0.000891
22 0.000896
22 0.000899
22 0.000899
22 0.000899
22 0.000901
22 0.000901
22 0.000903
20 0.000907
22 0.000906
20 0.000909
22 0.000909
22 0.000909
20 0.000911
20 0.000911
20 0.000911
22 0.000912
20 0.000916
22 0.000916
22 0.000918
20 0.000920
20 0.000921
20 0.000921
19 0.000921
22 0.000922
20 0.000922
20 0.000922
22 0.000924
19 0.000932
19 0.000938
21 0.000942
21 0.000943
19 0.000942
21 0.000946
21 0.000947
21 0.000948
21 0.000948
21 0.000951
19 0.000976
26 0.000954
21 0.000954
21 0.000955
21 0.000958
21 0.000958
21 0.000958
21 0.000959
21 0.000959
19 0.000981
21 0.000962
19 0.000962
26 0.000967
19 0.000969
19 0.000969
19 0.000984
21 0.000969
21 0.000970
21 0.000974
19 0.000979
21 0.000980
19 0.000981
19 0.000981
19 0.000981
19 0.000981
18 0.000999
18 0.000999
20 0.000999
20 0.000999
20 0.000999
20 0.001000
20 0.001001
18 0.001002
20 0.001003
20 0.001003
20 0.001003
25 0.001004
20 0.001006
20 0.001012
20 0.001011
17 0.001012
17 0.001012
20 0.001016
20 0.001016
20 0.001018
20 0.001018
20 0.001018
25 0.001020
17 0.001022
25 0.001022
25 0.001022
20 0.001022
25 0.001022
17 0.001031
18 0.001032
18 0.001032
25 0.001033
25 0.001035
25 0.001037
17 0.001039
18 0.001041
18 0.001042
18 0.001042
18 0.001049
25 0.001049
25 0.001050
17 0.001050
18 0.001050
17 0.001055
19 0.001056
25 0.001058
19 0.001062
24 0.001062
19 0.001063
19 0.001064
19 0.001064
17 0.001066
19 0.001066
19 0.001066
24 0.001066
19 0.001068
19 0.001074
17 0.001077
19 0.001077
23 0.001079
19 0.001082
19 0.001081
19 0.001081
19 0.001081
19 0.001081
17 0.001085
23 0.001090
19 0.001091
23 0.001093
19 0.001093
23 0.001094
23 0.001098
23 0.001098
23 0.001102
23 0.001102
17 0.001102
24 0.001103
17 0.001104
23 0.001105
17 0.001113
23 0.001116
24 0.001117
24 0.001119
23 0.001125
17 0.001125
18 0.001125
24 0.001126
17 0.001129
23 0.001130
23 0.001133
18 0.001133
18 0.001133
18 0.001133
18 0.001133
23 0.001134
23 0.001140
17 0.001142
18 0.001142
24 0.001143
18 0.001144
18 0.001144
18 0.001143
22 0.001142
23 0.001144
23 0.001144
18 0.001146
18 0.001146
23 0.001146
22 0.001146
23 0.001146
23 0.001149
23 0.001149
23 0.001152
23 0.001152
23 0.001152
18 0.001153
18 0.001153
18 0.001155
23 0.001160
23 0.001160
23 0.001161
23 0.001161
18 0.001164
22 0.001165
22 0.001167
23 0.001167
23 0.001168
23 0.001169
23 0.001170
23 0.001170
23 0.001174
18 0.001174
22 0.001175
22 0.001175
22 0.001175
22 0.001175
23 0.001174
22 0.001177
18 0.001178
22 0.001179
22 0.001179
22 0.001180
22 0.001182
22 0.001184
22 0.001183
23 0.001186
18 0.001186
23 0.001187
22 0.001189
23 0.001190
22 0.001192
22 0.001193
22 0.001197
22 0.001201
22 0.001203
22 0.001204
22 0.001208
21 0.001206
22 0.001208
22 0.001208
22 0.001210
23 0.001210
23 0.001210
17 0.001212
21 0.001216
22 0.001219
22 0.001220
21 0.001220
22 0.001221
21 0.001223
22 0.001226
17 0.001226
21 0.001229
17 0.001232
21 0.001232
21 0.001232
22 0.001233
21 0.001238
21 0.001239
21 0.001240
21 0.001242
23 0.001241
21 0.001246
21 0.001246
22 0.001252
21 0.001252
17 0.001253
20 0.001255
21 0.001258
21 0.001262
20 0.001263
20 0.001264
20 0.001264
23 0.001265
17 0.001268
20 0.001271
20 0.001272
21 0.001273
20 0.001275
20 0.001276
20 0.001277
20 0.001282
20 0.001282
20 0.001284
18 0.001285
20 0.001285
20 0.001285
21 0.001287
20 0.001289
20 0.001292
20 0.001293
20 0.001295
20 0.001298
20 0.001298
18 0.001300
23 0.001301
18 0.001302
20 0.001302
18 0.001305
20 0.001304
20 0.001306
20 0.001308
20 0.001309
20 0.001307
20 0.001311
18 0.001316
20 0.001316
20 0.001317
20 0.001318
20 0.001327
20 0.001330
18 0.001332
18 0.001332
18 0.001336
18 0.001335
18 0.001337
18 0.001340
18 0.001340
19 0.001340
19 0.001342
18 0.001346
19 0.001342
19 0.001350
19 0.001352
19 0.001352
19 0.001370
19 0.001372
19 0.001374
19 0.001372
19 0.001373
19 0.001380
17 0.001382
19 0.001384
17 0.001389
18 0.001392
18 0.001395
18 0.001412
18 0.001415
18 0.001421
18 0.001420
18 0.001426
18 0.001434
18 0.001436
18 0.001437
18 0.001442
18 0.001445
18 0.001447
18 0.001449
18 0.001453
19 0.001452
18 0.001455
18 0.001458
19 0.001460
18 0.001461
19 0.001463
19 0.001467
19 0.001467
18 0.001467
19 0.001467
19 0.001470
19 0.001473
18 0.001477
19 0.001481
19 0.001483
19 0.001493
19 0.001493
19 0.001498
19 0.001500
17 0.001501
19 0.001502
19 0.001504
19 0.001511
19 0.001512
19 0.001519
18 0.001521
17 0.001526
17 0.001542
17 0.001545
18 0.001545
18 0.001581
18 0.001577
18 0.001583
18 0.001585
18 0.001587
18 0.001600
18 0.001603
18 0.001607
18 0.001609
18 0.001611
18 0.001616
18 0.001623
18 0.001627
18 0.001630
18 0.001634
16 0.001670
17 0.001678
16 0.001684
16 0.001689
16 0.001689
16 0.001695
16 0.001700
16 0.001703
16 0.001702
17 0.001705
16 0.001709
16 0.001709
17 0.001710
16 0.001712
16 0.001713
16 0.001713
24 0.001715
16 0.001716
16 0.001716
16 0.001716
16 0.001721
16 0.001721
16 0.001720
16 0.001725
16 0.001725
16 0.001725
24 0.001726
24 0.001726
16 0.001728
15 0.001730
16 0.001732
16 0.001734
16 0.001737
16 0.001740
16 0.001739
16 0.001740
16 0.001741
16 0.001741
16 0.001741
16 0.001745
16 0.001747
16 0.001750
16 0.001750
16 0.001750
15 0.001756
15 0.001759
16 0.001759
15 0.001762
15 0.001787
15 0.001792
24 0.001867
26 0.001872
24 0.001879
24 0.001880
26 0.001888
26 0.001893
25 0.001990
25 0.001993
25 0.002014
25 0.002027
25 0.002042
25 0.002053
24 0.002138
24 0.002138
24 0.002182
24 0.002199
24 0.002199
24 0.002201
24 0.002218
26 0.002727
26 0.002759
26 0.002769
16 0.002789
16 0.002869
25 0.002882
25 0.002895
25 0.002924
25 0.002925
25 0.002928
25 0.002928
25 0.002954
25 0.002959
25 0.002979
25 0.002988
16 0.002991
25 0.003002
25 0.003003
16 0.003010
25 0.003011
25 0.003015
25 0.003016
25 0.003017
25 0.003019
25 0.003022
16 0.003032
24 0.003075
24 0.003090
16 0.003104
16 0.003122
16 0.003124
24 0.003164
24 0.003197
24 0.003202
16 0.003217
16 0.003219
24 0.003239
24 0.003240
16 0.003243
24 0.003248
16 0.003265
16 0.003266
24 0.003282
16 0.003282
16 0.003307
23 0.003343
16 0.003411
16 0.003486
16 0.003511
16 0.003511
16 0.003533
16 0.003537
16 0.003537
16 0.003570
16 0.003586
16 0.003587
16 0.003601
23 0.003609
16 0.003675
16 0.003680
24 0.003706
16 0.003710
16 0.003714
16 0.003714
24 0.003729
24 0.003729
15 0.003897
16 0.003935
16 0.003967
16 0.003983
16 0.004015
16 0.004016
16 0.004020
16 0.004025
16 0.004025
16 0.004109
16 0.004114
16 0.004116
17 0.004138
15 0.004156
15 0.004166
15 0.004190
16 0.004190
16 0.004230
15 0.004293
15 0.004339
15 0.004365
24 0.004405
24 0.004405
24 0.004496
24 0.004521
24 0.004529
16 0.004666
16 0.004672
16 0.004672
16 0.004705
16 0.004708
17 0.004850
17 0.004888
16 0.004888
16 0.004896
16 0.004898
17 0.004943
15 0.004949
17 0.004979
17 0.004989
15 0.005006
15 0.005008
15 0.005012
17 0.005027
16 0.005036
16 0.005056
17 0.005123
16 0.005243
17 0.005273
15 0.005291
16 0.005299
16 0.005301
16 0.005413
16 0.005471
16 0.005475
17 0.005551
15 0.005563
15 0.005579
15 0.005581
17 0.005600
15 0.005620
15 0.005624
17 0.005716
16 0.005852
17 0.005881
17 0.005881
17 0.005888
17 0.005888
17 0.005896
14 0.005896
17 0.005899
17 0.005899
16 0.005924
17 0.005913
17 0.005913
15 0.005940
16 0.005953
14 0.005958
17 0.005979
13 0.006205
13 0.006235
13 0.006248
13 0.006270
25 0.006285
16 0.006287
13 0.006298
13 0.006319
25 0.006329
16 0.006371
15 0.006398
13 0.006414
25 0.006460
25 0.006524
25 0.006534
15 0.006539
16 0.006546
15 0.006561
16 0.006576
16 0.006580
12 0.006580
12 0.006590
12 0.006605
16 0.006610
16 0.006611
12 0.006622
15 0.006622
16 0.006625
12 0.006630
16 0.006636
16 0.006639
12 0.006641
12 0.006653
12 0.006696
12 0.006716
12 0.006729
24 0.006734
24 0.006734
12 0.006770
12 0.006782
12 0.006798
12 0.006838
15 0.006882
15 0.006888
24 0.006897
16 0.006897
16 0.006903
15 0.006902
16 0.006911
16 0.006917
14 0.006919
14 0.006939
15 0.006952
24 0.006954
14 0.006967
15 0.006983
14 0.006968
24 0.006973
15 0.006994
15 0.006999
15 0.007005
15 0.007021
15 0.007021
14 0.007023
15 0.007051
15 0.007080
14 0.007061
15 0.007108
15 0.007108
15 0.007128
14 0.007139
16 0.007178
11 0.007217
16 0.007220
11 0.007231
16 0.007234
16 0.007238
16 0.007244
16 0.007245
11 0.007263
16 0.007274
16 0.007276
14 0.007290
9 0.007285
9 0.007289
14 0.007298
14 0.007304
15 0.007320
15 0.007324
15 0.007347
9 0.007363
13 0.007433
16 0.007435
16 0.007480
13 0.007484
10 0.007568
13 0.007589
10 0.007601
14 0.007602
16 0.007608
16 0.007609
16 0.007611
13 0.007612
14 0.007615
16 0.007630
10 0.007649
16 0.007650
16 0.007680
10 0.007682
10 0.007763
10 0.007773
10 0.007781
10 0.007787
10 0.007815
13 0.007846
13 0.007856
10 0.007877
13 0.007877
19 0.007889
12 0.007949
21 0.007977
12 0.008002
12 0.008016
16 0.008019
16 0.008027
16 0.008028
12 0.008075
12 0.008050
20 0.008050
16 0.008056
20 0.008057
16 0.008072
16 0.008089
16 0.008094
13 0.008118
13 0.008116
12 0.008165
12 0.008195
20 0.008200
13 0.008201
12 0.008223
9 0.008243
12 0.008274
12 0.008282
20 0.008322
20 0.008323
9 0.008346
20 0.008367
19 0.008389
21 0.008425
13 0.008428
16 0.008432
16 0.008438
12 0.008448
12 0.008448
12 0.008452
12 0.008452
12 0.008477
12 0.008485
12 0.008493
19 0.008489
16 0.008496
16 0.008496
16 0.008502
16 0.008504
16 0.008506
12 0.008514
12 0.008507
13 0.008548
12 0.008548
16 0.008561
22 0.008565
12 0.008568
22 0.008583
16 0.008616
16 0.008621
21 0.008628
11 0.008651
11 0.008677
19 0.008700
11 0.008701
17 0.008715
21 0.008744
11 0.008800
11 0.008803
11 0.008816
20 0.008823
16 0.008843
21 0.008902
16 0.008906
11 0.008910
11 0.008919
16 0.008926
22 0.008973
11 0.008986
20 0.008995
11 0.009021
11 0.009034
17 0.009041
20 0.009060
14 0.009101
19 0.009101
16 0.009108
21 0.009127
14 0.009127
11 0.009139
11 0.009147
11 0.009163
11 0.009163
11 0.009163
11 0.009163
11 0.009173
16 0.009175
20 0.009262
11 0.009280
11 0.009281
11 0.009287
11 0.009287
11 0.009290
11 0.009302
23 0.009331
11 0.009343
8 0.009347
8 0.009362
20 0.009378
18 0.009392
10 0.009401
20 0.009464
21 0.009497
17 0.009514
10 0.009534
10 0.009537
20 0.009593
10 0.009612
21 0.009616
16 0.009625
16 0.009635
16 0.009636
10 0.009679
10 0.009712
23 0.009735
10 0.009759
16 0.009780
10 0.009782
16 0.009786
21 0.009786
16 0.009791
16 0.009797
20 0.009808
13 0.009813
20 0.009836
21 0.009837
8 0.009837
13 0.009839
13 0.009852
8 0.009855
21 0.009870
13 0.009883
21 0.009902
10 0.010003
22 0.010077
22 0.010082
10 0.010143
19 0.010155
16 0.010155
16 0.010167
10 0.010173
16 0.010181
20 0.010182
10 0.010185
10 0.010210
10 0.010220
16 0.010220
21 0.010222
22 0.010221
16 0.010224
10 0.010235
10 0.010281
10 0.010325
10 0.010332
22 0.010345
9 0.010357
10 0.010371
21 0.010379
21 0.010381
18 0.010394
16 0.010394
16 0.010400
16 0.010401
10 0.010425
21 0.010429
10 0.010464
7 0.010484
7 0.010497
21 0.010498
16 0.010506
16 0.010519
9 0.010520
19 0.010610
7 0.010629
19 0.010632
7 0.010642
22 0.010681
20 0.010695
13 0.010738
8 0.010787
7 0.010795
8 0.010808
21 0.010812
16 0.010825
19 0.010836
7 0.010838
12 0.010844
16 0.010849
7 0.010850
7 0.010852
7 0.010853
7 0.010858
12 0.010860
7 0.010862
20 0.010873
20 0.010880
12 0.010886
12 0.010901
7 0.010946
12 0.010951
22 0.010951
20 0.010967
12 0.010971
7 0.010974
19 0.010995
7 0.011010
7 0.011020
12 0.011059
7 0.011059
20 0.011063
12 0.011073
20 0.011160
7 0.011160
7 0.011164
7 0.011166
7 0.011169
19 0.011169
9 0.011171
7 0.011174
7 0.011177
9 0.011179
7 0.011181
7 0.011185
7 0.011201
9 0.011202
7 0.011203
21 0.011205
9 0.011210
22 0.011219
8 0.011225
9 0.011242
21 0.011247
8 0.011247
8 0.011249
8 0.011270
8 0.011293
8 0.011308
22 0.011323
21 0.011329
8 0.011331
20 0.011335
8 0.011346
8 0.011376
9 0.011380
7 0.011386
8 0.011386
8 0.011396
7 0.011396
9 0.011402
8 0.011405
9 0.011411
8 0.011429
21 0.011430
7 0.011436
22 0.011441
7 0.011449
8 0.011456
20 0.011471
21 0.011501
7 0.011503
21 0.011509
21 0.011514
7 0.011516
22 0.011517
7 0.011528
20 0.011535
9 0.011535
19 0.011540
20 0.011541
7 0.011547
9 0.011600
8 0.011620
22 0.011627
9 0.011640
8 0.011644
7 0.011671
9 0.011680
7 0.011681
7 0.011684
7 0.011685
7 0.011688
7 0.011695
7 0.011697
7 0.011699
7 0.011703
7 0.011711
7 0.011714
7 0.011714
22 0.011714
16 0.011715
7 0.011717
8 0.011720
8 0.011725
7 0.011728
7 0.011731
7 0.011734
7 0.011743
7 0.011746
21 0.011750
21 0.011750
7 0.011751
22 0.011751
7 0.011761
8 0.011766
16 0.011770
9 0.011824
8 0.011830
8 0.011865
20 0.011870
21 0.011870
21 0.011870
8 0.011891
16 0.011897
7 0.011914
7 0.011924
7 0.011927
8 0.011938
7 0.011942
7 0.011943
16 0.011947
7 0.011948
16 0.011950
7 0.011952
7 0.011954
7 0.011956
7 0.011959
7 0.011962
7 0.011968
7 0.011969
7 0.011972
7 0.011978
7 0.011981
7 0.011985
7 0.011990
7 0.011998
19 0.011998
7 0.012003
22 0.012001
16 0.012008
16 0.012012
7 0.012013
7 0.012018
7 0.012021
7 0.012040
7 0.012063
7 0.012079
7 0.012087
7 0.012091
7 0.012109
7 0.012118
21 0.012120
23 0.012120
7 0.012130
7 0.012133
21 0.012133
7 0.012141
11 0.012142
7 0.012149
7 0.012155
11 0.012175
20 0.012186
7 0.012195
20 0.012201
7 0.012233
7 0.012237
7 0.012239
7 0.012252
21 0.012261
7 0.012303
7 0.012313
21 0.012332
16 0.012346
11 0.012349
11 0.012349
7 0.012349
11 0.012357
7 0.012367
7 0.012371
7 0.012382
11 0.012382
21 0.012383
7 0.012403
7 0.012406
7 0.012412
7 0.012425
7 0.012438
7 0.012442
7 0.012442
7 0.012455
7 0.012459
16 0.012461
7 0.012465
16 0.012470
11 0.012473
7 0.012478
7 0.012498
7 0.012527
21 0.012529
7 0.012543
7 0.012545
7 0.012551
7 0.012552
7 0.012556
7 0.012560
7 0.012564
22 0.012571
7 0.012580
7 0.012585
7 0.012592
7 0.012603
7 0.012609
7 0.012617
7 0.012645
7 0.012656
7 0.012671
7 0.012674
7 0.012677
16 0.012682
7 0.012686
7 0.012688
7 0.012690
7 0.012691
7 0.012703
21 0.012707
7 0.012707
7 0.012712
7 0.012717
7 0.012723
7 0.012726
7 0.012728
7 0.012732
7 0.012739
7 0.012743
16 0.012745
16 0.012746
7 0.012756
7 0.012760
7 0.012764
7 0.012764
7 0.012769
7 0.012776
7 0.012785
20 0.012784
7 0.012787
16 0.012794
7 0.012815
7 0.012824
7 0.012837
7 0.012842
7 0.012845
7 0.012854
16 0.012856
16 0.012859
7 0.012864
7 0.012866
7 0.012868
7 0.012875
21 0.012875
7 0.012885
22 0.012918
7 0.012928
7 0.012933
7 0.012958
7 0.012973
7 0.012978
7 0.012979
7 0.012982
7 0.012987
7 0.012998
7 0.013000
7 0.013002
7 0.013005
7 0.013011
7 0.013022
7 0.013023
7 0.013025
7 0.013026
7 0.013028
7 0.013033
7 0.013037
7 0.013042
7 0.013047
7 0.013048
7 0.013061
7 0.013062
7 0.013078
7 0.013084
8 0.013094
7 0.013119
15 0.013122
8 0.013124
8 0.013126
7 0.013132
7 0.013153
20 0.013172
7 0.013171
7 0.013178
7 0.013212
7 0.013235
7 0.013241
7 0.013259
19 0.013263
7 0.013267
7 0.013279
20 0.013285
23 0.013291
7 0.013305
7 0.013312
7 0.013317
7 0.013327
7 0.013342
7 0.013367
7 0.013369
7 0.013384
7 0.013387
7 0.013390
7 0.013406
7 0.013413
16 0.013457
22 0.013467
7 0.013494
7 0.013549
22 0.013581
22 0.013600
16 0.013604
20 0.013605
23 0.013651
7 0.013667
16 0.013679
10 0.013703
7 0.013738
7 0.013764
7 0.013780
7 0.013783
7 0.013791
21 0.013818
7 0.013819
20 0.013850
21 0.013860
7 0.013884
20 0.013904
16 0.013934
16 0.013943
16 0.013945
22 0.013966
10 0.013987
10 0.014030
20 0.014045
16 0.014066
10 0.014068
16 0.014070
16 0.014077
16 0.014081
20 0.014202
21 0.014208
21 0.014215
21 0.014228
16 0.014310
16 0.014316
21 0.014332
16 0.014408
16 0.014427
16 0.014425
10 0.014433
23 0.014438
21 0.014482
22 0.014486
16 0.014552
16 0.014554
16 0.014558
16 0.014560
21 0.014573
16 0.014621
20 0.014659
16 0.014697
21 0.014699
16 0.014702
16 0.014704
23 0.014727
16 0.014741
16 0.014795
16 0.014804
23 0.014921
22 0.014985
7 0.015019
7 0.015028
7 0.015040
16 0.015051
7 0.015052
7 0.015053
16 0.015063
16 0.015077
7 0.015081
7 0.015085
16 0.015090
7 0.015102
7 0.015105
7 0.015114
7 0.015143
7 0.015149
21 0.015151
7 0.015151
22 0.015155
19 0.015161
21 0.015165
7 0.015167
7 0.015175
7 0.015178
7 0.015197
7 0.015207
16 0.015290
7 0.015366
7 0.015375
16 0.015383
16 0.015387
22 0.015398
7 0.015404
7 0.015422
23 0.015429
7 0.015427
7 0.015431
7 0.015433
7 0.015436
7 0.015445
7 0.015457
7 0.015465
7 0.015470
7 0.015485
7 0.015489
7 0.015492
7 0.015494
7 0.015495
21 0.015508
20 0.015511
7 0.015512
7 0.015515
7 0.015525
7 0.015541
16 0.015544
7 0.015555
7 0.015562
7 0.015563
7 0.015599
22 0.015602
21 0.015620
16 0.015634
16 0.015641
16 0.015680
7 0.015681
16 0.015689
17 0.015691
22 0.015702
7 0.015711
22 0.015738
16 0.015766
7 0.015769
16 0.015773
16 0.015779
16 0.015787
7 0.015817
7 0.015848
17 0.016029
17 0.016097
22 0.016177
17 0.016268
20 0.016274
20 0.016284
21 0.016295
7 0.016318
7 0.016397
7 0.016420
7 0.016496
16 0.016506
7 0.016509
7 0.016544
7 0.016549
16 0.016557
7 0.016563
7 0.016566
16 0.016571
16 0.016572
7 0.016572
7 0.016576
7 0.016592
7 0.016600
7 0.016601
16 0.016616
7 0.016637
23 0.016672
7 0.016705
8 0.016749
16 0.016751
8 0.016766
16 0.016784
8 0.016800
8 0.016802
8 0.016817
8 0.016854
16 0.016864
8 0.016893
22 0.016910
7 0.017042
7 0.017057
10 0.017058
7 0.017066
9 0.017107
7 0.017117
7 0.017128
7 0.017143
16 0.017148
7 0.017153
16 0.017164
7 0.017168
20 0.017168
16 0.017169
7 0.017178
14 0.017182
15 0.017191
7 0.017207
7 0.017283
7 0.017295
7 0.017320
22 0.017322
23 0.017331
20 0.017343
7 0.017344
14 0.017385
7 0.017407
10 0.017453
16 0.017460
16 0.017469
16 0.017477
16 0.017486
13 0.017523
10 0.017527
10 0.017546
7 0.017635
7 0.017660
11 0.017662
7 0.017674
7 0.017690
7 0.017693
7 0.017717
7 0.017724
10 0.017724
7 0.017733
7 0.017750
7 0.017755
11 0.017808
8 0.017870
15 0.017870
21 0.017890
12 0.017928
7 0.017966
7 0.017972
21 0.017976
11 0.017978
7 0.018006
23 0.018005
12 0.018031
8 0.018035
8 0.018040
10 0.018041
11 0.018020
7 0.018048
11 0.018060
7 0.018078
21 0.018084
16 0.018096
16 0.018101
16 0.018106
7 0.018110
16 0.018110
11 0.018112
21 0.018179
7 0.018165
7 0.018207
11 0.018219
7 0.018222
10 0.018231
7 0.018274
7 0.018354
14 0.018368
7 0.018382
7 0.018411
22 0.018418
11 0.018440
16 0.018443
14 0.018444
16 0.018454
16 0.018454
10 0.018454
14 0.018466
7 0.018475
11 0.018480
7 0.018489
14 0.018510
7 0.018518
8 0.018521
14 0.018542
7 0.018555
13 0.018577
16 0.018594
16 0.018634
16 0.018638
12 0.018651
16 0.018656
8 0.018660
7 0.018668
12 0.018688
12 0.018689
16 0.018693
16 0.018713
7 0.018723
8 0.018724
11 0.018747
21 0.018769
7 0.018770
16 0.018778
21 0.018789
7 0.018799
12 0.018809
7 0.018813
12 0.018821
11 0.018821
7 0.018840
12 0.018842
11 0.018901
11 0.018911
12 0.018958
7 0.018958
11 0.018972
7 0.018976
11 0.018992
10 0.019004
12 0.019008
12 0.019048
12 0.019107
13 0.019127
15 0.019141
14 0.019181
8 0.019200
7 0.019200
11 0.019201
24 0.019203
12 0.019240
21 0.019249
22 0.019261
14 0.019263
11 0.019262
11 0.019281
14 0.019326
7 0.019341
12 0.019350
14 0.019375
8 0.019398
15 0.019407
12 0.019460
8 0.019468
12 0.019491
25 0.019497
12 0.019511
12 0.019511
7 0.019539
10 0.019520
8 0.019597
7 0.019605
7 0.019642
13 0.019651
12 0.019662
8 0.019665
15 0.019674
7 0.019692
12 0.019691
8 0.019736
13 0.019743
8 0.019752
11 0.019857
12 0.019858
15 0.019893
8 0.019959
8 0.019960
13 0.020001
12 0.020038
20 0.020101
12 0.020111
13 0.020113
12 0.020145
10 0.020178
11 0.020159
11 0.020172
13 0.020204
12 0.020209
7 0.020238
13 0.020241
12 0.020329
13 0.020380
13 0.020383
13 0.020428
7 0.020458
17 0.020460
12 0.020472
13 0.020494
7 0.020610
16 0.020633
12 0.020638
16 0.020658
7 0.020771
7 0.020783
15 0.020803
7 0.020817
12 0.020831
12 0.020840
21 0.020855
13 0.020869
14 0.020878
12 0.020912
13 0.020962
10 0.020978
13 0.020992
14 0.021005
14 0.021062
14 0.021080
12 0.021092
12 0.021119
14 0.021133
12 0.021172
14 0.021214
14 0.021216
12 0.021234
14 0.021232
12 0.021247
7 0.021251
7 0.021266
14 0.021319
13 0.021377
7 0.021389
14 0.021389
12 0.021439
14 0.021658
7 0.021659
14 0.021674
13 0.021688
13 0.021684
14 0.021692
9 0.021710
14 0.021711
12 0.021714
22 0.021730
8 0.021769
14 0.021817
12 0.021858
8 0.021856
14 0.021857
9 0.021894
14 0.021913
14 0.021929
12 0.021922
14 0.021948
14 0.021969
14 0.021971
14 0.022008
15 0.022023
10 0.022089
14 0.022093
14 0.022111
23 0.022117
14 0.022174
13 0.022181
14 0.022323
14 0.022326
14 0.022363
16 0.022376
16 0.022424
15 0.022428
8 0.022430
14 0.022435
12 0.022439
15 0.022475
16 0.022502
14 0.022509
14 0.022533
7 0.022541
14 0.022548
7 0.022551
14 0.022574
14 0.022604
15 0.022621
16 0.022623
16 0.022626
10 0.022631
15 0.022637
15 0.022720
15 0.022772
7 0.022792
7 0.022858
12 0.022924
14 0.022934
15 0.022987
7 0.022983
10 0.022999
10 0.023009
22 0.023010
15 0.023046
12 0.023079
7 0.023104
8 0.023110
15 0.023147
15 0.023167
7 0.023169
7 0.023173
15 0.023187
8 0.023189
7 0.023205
7 0.023226
7 0.023244
7 0.023261
8 0.023289
20 0.023289
7 0.023295
7 0.023301
16 0.023316
13 0.023322
7 0.023331
15 0.023346
7 0.023376
15 0.023388
7 0.023434
10 0.023434
7 0.023476
15 0.023479
16 0.023501
7 0.023508
7 0.023522
15 0.023529
16 0.023534
15 0.023563
7 0.023566
14 0.023580
7 0.023618
16 0.023641
16 0.023652
10 0.023652
7 0.023678
7 0.023687
14 0.023793
7 0.023805
15 0.023811
7 0.023839
10 0.023860
15 0.023871
10 0.023871
14 0.023889
7 0.023893
15 0.023908
22 0.023912
14 0.023925
7 0.023973
7 0.023986
8 0.023993
7 0.024005
7 0.024008
14 0.024016
7 0.024022
10 0.024024
7 0.024057
13 0.024071
15 0.024081
15 0.024107
15 0.024129
7 0.024147
9 0.024174
7 0.024185
21 0.024209
15 0.024210
7 0.024228
14 0.024235
10 0.024236
15 0.024262
8 0.024298
8 0.024301
15 0.024323
7 0.024338
14 0.024355
7 0.024371
15 0.024379
7 0.024403
7 0.024410
7 0.024454
9 0.024491
7 0.024515
7 0.024549
7 0.024600
13 0.024621
15 0.024642
7 0.024686
7 0.024694
21 0.024699
7 0.024710
23 0.024712
22 0.024719
22 0.024744
7 0.024746
14 0.024812
14 0.024813
16 0.024836
22 0.024862
7 0.024874
15 0.024934
14 0.024963
16 0.025044
14 0.025050
16 0.025106
13 0.025195
16 0.025195
16 0.025202
14 0.025219
23 0.025265
22 0.025318
17 0.025424
17 0.025477
24 0.025511
16 0.025528
10 0.025639
13 0.025641
15 0.025706
14 0.025718
10 0.025726
10 0.025726
14 0.025739
15 0.025739
16 0.025790
15 0.025809
14 0.025826
21 0.025954
16 0.025958
17 0.025980
14 0.026126
14 0.026145
16 0.026298
17 0.026337
15 0.026370
14 0.026370
23 0.026377
14 0.026479
16 0.026500
7 0.026570
15 0.026637
17 0.026641
16 0.026661
16 0.026697
16 0.026701
15 0.026731
23 0.026759
23 0.026759
14 0.026936
17 0.026935
17 0.026989
14 0.026994
7 0.027036
14 0.027051
21 0.027056
14 0.027078
15 0.027114
25 0.027140
14 0.027140
14 0.027208
15 0.027270
14 0.027301
14 0.027354
14 0.027420
14 0.027480
17 0.027580
11 0.027636
16 0.027868
16 0.027885
17 0.027910
16 0.027928
16 0.027931
16 0.027975
17 0.028020
17 0.028020
14 0.028073
17 0.028111
14 0.028165
16 0.028182
14 0.028223
16 0.028334
16 0.028350
12 0.028362
14 0.028380
16 0.028383
16 0.028399
17 0.028400
15 0.028416
14 0.028463
17 0.028475
17 0.028544
7 0.028544
14 0.028548
14 0.028570
14 0.028588
7 0.028630
7 0.028735
14 0.028786
14 0.028851
7 0.028880
14 0.028888
17 0.028892
14 0.028914
14 0.028952
7 0.028968
14 0.028970
7 0.028983
14 0.028998
16 0.029020
15 0.029024
16 0.029025
7 0.029031
16 0.029045
16 0.029050
7 0.029072
14 0.029075
7 0.029076
12 0.029101
7 0.029120
14 0.029150
14 0.029165
7 0.029180
16 0.029183
16 0.029188
16 0.029191
16 0.029196
14 0.029205
15 0.029229
22 0.029248
14 0.029333
14 0.029599
17 0.029630
14 0.029950
7 0.030043
14 0.030129
15 0.030233
7 0.030276
7 0.030312
13 0.030336
15 0.030349
14 0.030357
7 0.030390
7 0.030415
16 0.030481
15 0.030490
17 0.030497
15 0.030500
16 0.030509
15 0.030515
7 0.030529
16 0.030537
7 0.030582
15 0.030589
7 0.030691
14 0.030739
7 0.030770
7 0.030771
14 0.030773
15 0.030772
7 0.030807
11 0.030855
7 0.030861
7 0.030888
14 0.030899
20 0.030928
7 0.030942
7 0.031113
13 0.031155
9 0.031156
16 0.031167
13 0.031216
16 0.031222
15 0.031278
9 0.031322
23 0.031362
16 0.031412
15 0.031499
7 0.031512
15 0.031534
15 0.031559
15 0.031600
7 0.031635
10 0.031707
9 0.031719
15 0.031739
15 0.031760
13 0.031820
9 0.031859
10 0.031860
10 0.031860
15 0.031904
9 0.031942
15 0.031970
10 0.031997
13 0.032080
13 0.032146
10 0.032177
10 0.032177
15 0.032179
17 0.032362
10 0.032473
15 0.032497
8 0.032645
8 0.032655
8 0.032662
8 0.032672
15 0.032701
15 0.032884
9 0.032990
15 0.032994
15 0.033105
15 0.033286
12 0.033318
14 0.033418
12 0.033508
9 0.033530
16 0.033541
21 0.033551
12 0.033826
9 0.033984
17 0.034011
12 0.034020
17 0.034048
11 0.034111
9 0.034116
9 0.034139
16 0.034447
16 0.034483
14 0.034511
10 0.034572
12 0.034685
16 0.034728
16 0.034746
16 0.034796
17 0.034798
9 0.034812
13 0.034818
14 0.034850
11 0.034905
22 0.034930
17 0.035059
16 0.035112
14 0.035136
16 0.035149
17 0.035170
9 0.035207
12 0.035211
11 0.035266
7 0.035304
19 0.035353
14 0.035383
10 0.035482
23 0.035580
11 0.035584
14 0.035588
14 0.035623
14 0.035650
11 0.035652
14 0.035663
17 0.035831
10 0.035841
11 0.035862
14 0.035871
10 0.035888
14 0.035934
13 0.035962
7 0.035978
13 0.035984
14 0.036021
22 0.036039
16 0.036076
14 0.036083
10 0.036082
5 0.036128
10 0.036141
10 0.036255
12 0.036447
23 0.036449
10 0.036458
10 0.036514
5 0.036543
10 0.036554
5 0.036586
10 0.036666
17 0.036738
14 0.036800
13 0.036811
11 0.036915
9 0.036928
17 0.036950
14 0.037070
13 0.037202
13 0.037224
15 0.037280
17 0.037340
5 0.037424
9 0.037460
5 0.037487
9 0.037577
5 0.037598
12 0.037607
9 0.037742
16 0.037763
9 0.037862
5 0.037959
22 0.037964
9 0.038007
5 0.038031
16 0.038123
5 0.038127
16 0.038143
12 0.038285
20 0.038422
5 0.038496
5 0.038497
5 0.038503
5 0.038511
5 0.038525
5 0.038526
5 0.038530
12 0.038535
5 0.038575
5 0.038588
5 0.038616
25 0.038655
5 0.038674
5 0.038678
5 0.038685
5 0.038688
15 0.038709
5 0.038720
17 0.038738
5 0.038750
5 0.038762
5 0.038776
5 0.038778
5 0.038798
5 0.038861
5 0.038882
17 0.038922
15 0.038954
5 0.039011
5 0.039019
5 0.039078
5 0.039194
5 0.039206
5 0.039238
5 0.039250
5 0.039251
5 0.039270
5 0.039291
5 0.039327
5 0.039372
5 0.039373
5 0.039391
5 0.039397
15 0.039398
14 0.039401
5 0.039404
8 0.039459
5 0.039464
5 0.039515
8 0.039547
8 0.039548
8 0.039561
8 0.039563
5 0.039579
5 0.039590
25 0.039675
5 0.039984
5 0.040011
5 0.040051
5 0.040052
5 0.040063
15 0.040085
5 0.040104
5 0.040164
14 0.040177
5 0.040186
15 0.040248
8 0.040282
5 0.040287
8 0.040298
5 0.040306
5 0.040462
15 0.040484
5 0.040550
11 0.040681
14 0.040684
5 0.040742
5 0.040744
5 0.040749
5 0.040775
5 0.040971
17 0.040991
5 0.041020
5 0.041155
13 0.041298
17 0.041430
5 0.041501
5 0.041666
5 0.041684
15 0.041728
5 0.041739
5 0.041804
5 0.041847
13 0.041992
5 0.042056
19 0.042091
5 0.042106
5 0.042178
5 0.042228
5 0.042231
5 0.042323
19 0.042428
5 0.042606
5 0.042611
5 0.042683
5 0.042697
25 0.042884
5 0.043442
15 0.043499
17 0.043730
5 0.043922
14 0.044423
5 0.044470
5 0.044544
5 0.044604
14 0.044736
13 0.045669
23 0.045704
5 0.045816
13 0.046301
16 0.046570
16 0.046635
16 0.046701
14 0.046742
16 0.046766
15 0.047024
16 0.048058
16 0.048072
16 0.048091
16 0.048105
15 0.048125
16 0.048407
14 0.048471
5 0.048617
13 0.048708
23 0.049198
15 0.049362
15 0.049380
16 0.050239
4 0.050242
16 0.050373
4 0.050535
4 0.050669
13 0.051010
14 0.051951
4 0.052569
4 0.052629
4 0.052657
4 0.052663
4 0.053091
4 0.053178
4 0.053555
15 0.053642
4 0.053661
4 0.053674
4 0.053710
4 0.053726
4 0.053779
4 0.053794
4 0.053844
20 0.054137
4 0.054420
14 0.054430
4 0.054622
4 0.054880
4 0.055032
4 0.055177
4 0.055214
4 0.055274
4 0.055426
4 0.055566
23 0.056497
16 0.056520
16 0.056712
20 0.056788
16 0.056818
16 0.056883
4 0.057288
4 0.057676
4 0.057976
21 0.058580
19 0.059222
19 0.059223
26 0.060042
23 0.060240
9 0.060489
4 0.060753
4 0.060880
4 0.060965
8 0.061200
8 0.061216
8 0.061236
8 0.061252
19 0.063984
20 0.067930
20 0.067930
16 0.068423
8 0.069945
8 0.069966
8 0.070021
8 0.070042
17 0.070373
16 0.071808
20 0.072140
16 0.072202
16 0.072307
16 0.072359
16 0.072417
16 0.072464
3 0.072881
3 0.073000
3 0.073771
3 0.073926
16 0.074223
16 0.074278
16 0.074300
16 0.074355
23 0.075472
24 0.077688
21 0.078530
21 0.078610
21 0.078612
16 0.078983
16 0.079334
3 0.080755
3 0.080786
3 0.080884
3 0.081128
3 0.081338
20 0.082203
20 0.082203
3 0.083805
16 0.084345
3 0.084428
3 0.084541
22 0.084552
22 0.084558
3 0.084742
15 0.084743
21 0.085213
3 0.085972
3 0.086176
3 0.086183
3 0.087346
3 0.089076
3 0.089117
3 0.089144
17 0.089566
3 0.089942
16 0.090498
20 0.092868
20 0.092868
3 0.095033
18 0.097488
18 0.097486
15 0.097584
3 0.098137
3 0.098388
3 0.098582
16 0.098590
3 0.099123
15 0.099963
7 0.101026
7 0.101607
3 0.101725
3 0.101774
3 0.101829
15 0.101943
16 0.102312
16 0.102627
10 0.102802
10 0.102802
3 0.103212
17 0.103875
15 0.105200
2 0.105527
3 0.106387
2 0.106836
2 0.107160
7 0.107395
23 0.107915
7 0.108064
7 0.108074
7 0.108786
7 0.109534
2 0.109689
2 0.109912
2 0.111209
8 0.111718
8 0.111731
7 0.111758
8 0.111772
8 0.111784
19 0.111808
19 0.111806
2 0.112199
3 0.112253
2 0.112286
3 0.112488
3 0.112802
2 0.112807
2 0.113043
2 0.113341
2 0.113368
2 0.113864
7 0.114144
2 0.114233
2 0.114323
2 0.114494
2 0.114741
2 0.114829
2 0.115116
17 0.115510
7 0.115499
7 0.116387
7 0.116618
7 0.117392
7 0.118083
20 0.118850
7 0.120837
13 0.121647
7 0.122666
11 0.123740
7 0.123969
12 0.124200
7 0.124444
19 0.125927
7 0.126384
2 0.126744
2 0.127200
15 0.128309
25 0.130200
5 0.131786
5 0.131835
5 0.132041
5 0.132134
5 0.132149
5 0.132327
19 0.132890
5 0.133040
7 0.133238
5 0.134561
12 0.134940
21 0.135409
5 0.135901
5 0.136128
5 0.136145
5 0.136182
5 0.136308
5 0.136364
5 0.136557
13 0.137086
2 0.137102
5 0.137359
5 0.137367
5 0.137412
5 0.137634
5 0.137646
5 0.137856
5 0.138568
5 0.138794
6 0.138795
6 0.138795
6 0.139455
6 0.139455
6 0.139787
5 0.139797
5 0.140024
5 0.140239
6 0.140457
6 0.140457
23 0.140647
5 0.140667
5 0.140682
5 0.140725
5 0.140903
5 0.140922
5 0.140945
6 0.141122
5 0.141520
6 0.141805
6 0.141805
5 0.141812
5 0.142046
4 0.142573
5 0.143057
4 0.143143
6 0.143458
5 0.144053
5 0.144079
5 0.144222
5 0.144662
5 0.144885
25 0.144900
5 0.144993
5 0.145556
5 0.145616
5 0.145983
5 0.146073
5 0.146263
10 0.146349
5 0.146468
5 0.146538
5 0.146665
11 0.146724
5 0.146900
4 0.147320
5 0.147560
5 0.147947
4 0.148953
7 0.149080
4 0.149518
3 0.150517
4 0.152660
14 0.152800
4 0.153026
4 0.153263
4 0.153291
4 0.153386
4 0.153395
4 0.153658
4 0.153829
3 0.153863
4 0.154216
4 0.154270
4 0.154640
3 0.155020
4 0.155235
4 0.155271
5 0.155422
4 0.156246
2 0.156379
4 0.156626
4 0.156827
4 0.157018
4 0.157042
4 0.157124
4 0.157720
4 0.157776
2 0.158062
14 0.158175
10 0.158258
20 0.158554
4 0.159062
4 0.159151
4 0.159205
4 0.159667
4 0.159801
4 0.160050
4 0.160058
3 0.160121
4 0.160167
4 0.160208
4 0.160318
10 0.160320
10 0.160321
4 0.160373
4 0.160488
4 0.160568
4 0.160597
4 0.160698
2 0.160846
4 0.160910
4 0.160983
4 0.161047
4 0.161120
10 0.161175
4 0.161364
4 0.161402
4 0.161464
4 0.161500
4 0.161561
4 0.161668
4 0.161768
2 0.161847
4 0.161902
4 0.162091
4 0.162116
4 0.162157
2 0.162168
4 0.162338
4 0.162353
4 0.162647
4 0.162690
4 0.162854
2 0.162915
4 0.163018
4 0.163108
2 0.163112
4 0.163208
4 0.163240
4 0.163401
2 0.163540
2 0.163632
4 0.163807
4 0.163830
2 0.163940
4 0.163940
4 0.164004
4 0.164016
2 0.164176
4 0.164187
4 0.164288
4 0.164709
2 0.164716
4 0.165158
4 0.165290
4 0.165341
4 0.165611
4 0.165665
4 0.165782
4 0.165843
4 0.166010
4 0.166157
4 0.166232
4 0.166252
4 0.166354
4 0.166809
4 0.166961
2 0.167074
4 0.167104
4 0.167286
4 0.167368
4 0.167566
4 0.167678
4 0.167712
4 0.168136
4 0.168195
4 0.168769
4 0.169888
4 0.170040
2 0.170204
4 0.170493
4 0.170981
4 0.171141
4 0.171276
4 0.171711
4 0.171790
4 0.171816
4 0.171842
4 0.171946
4 0.172271
4 0.172406
4 0.172426
4 0.172563
4 0.176108
2 0.176138
16 0.176274
4 0.176492
4 0.176736
2 0.178526
2 0.178674
2 0.178807
4 0.179210
4 0.179693
4 0.180532
4 0.182042
4 0.182798
4 0.184024
9 0.184159
16 0.184200
3 0.184341
16 0.184400
3 0.184426
3 0.184496
3 0.184694
3 0.184940
3 0.185439
4 0.186042
3 0.186520
4 0.186964
3 0.186983
8 0.187020
8 0.187060
4 0.187423
8 0.187570
6 0.187580
6 0.187580
8 0.187610
3 0.187799
3 0.188205
6 0.188299
6 0.188299
3 0.188676
6 0.188789
3 0.189067
3 0.189398
6 0.189517
6 0.189517
3 0.189546
3 0.189681
3 0.189887
3 0.190326
3 0.190426
6 0.190701
6 0.190701
3 0.190758
3 0.191406
3 0.191508
9 0.191721
10 0.191813
6 0.191950
6 0.191950
3 0.192279
3 0.192601
3 0.192630
3 0.193039
3 0.193151
1 0.193454
1 0.193727
3 0.193734
3 0.193890
1 0.194066
3 0.194348
6 0.194430
3 0.194534
1 0.194699
3 0.195033
3 0.195101
3 0.195132
1 0.195157
3 0.195233
1 0.195259
3 0.195265
1 0.195301
3 0.195332
3 0.195348
3 0.195420
3 0.195423
3 0.195498
6 0.195728
6 0.195728
1 0.195782
3 0.195858
3 0.195932
1 0.196014
3 0.196032
3 0.196123
1 0.196125
1 0.196211
3 0.196272
2 0.196311
3 0.196429
3 0.196621
26 0.197510
6 0.198442
3 0.198750
3 0.199161
3 0.199407
3 0.199527
3 0.199556
3 0.199640
3 0.199642
3 0.200312
7 0.201601
26 0.202800
3 0.204017
9 0.204300
3 0.205418
3 0.205772
3 0.205859
3 0.205887
3 0.205922
3 0.206035
3 0.206221
3 0.206242
3 0.206890
3 0.207965
1 0.208479
3 0.208501
3 0.208563
3 0.208780
3 0.208857
3 0.208929
3 0.208976
3 0.209080
3 0.209080
3 0.209199
3 0.209815
3 0.209836
1 0.210302
3 0.210447
3 0.210799
1 0.211364
1 0.213269
1 0.213927
7 0.214371
6 0.214576
6 0.214576
1 0.214586
3 0.215246
1 0.215368
3 0.215839
1 0.215847
3 0.215915
3 0.216195
1 0.216226
2 0.216270
6 0.216369
1 0.216745
3 0.216763
6 0.216955
6 0.216955
12 0.216971
12 0.216988
3 0.217172
1 0.217198
1 0.217389
3 0.217534
1 0.217752
1 0.217880
3 0.218109
6 0.218178
6 0.218178
7 0.218342
1 0.218717
1 0.218758
1 0.218788
6 0.218789
6 0.218789
1 0.219189
1 0.219252
6 0.219523
6 0.219523
1 0.219673
6 0.219816
6 0.219816
1 0.220108
1 0.220141
6 0.220190
6 0.220190
19 0.220850
2 0.220910
3 0.220954
6 0.221180
2 0.221434
2 0.221895
6 0.222079
6 0.222079
2 0.222107
3 0.222252
1 0.222886
3 0.222996
3 0.223312
3 0.223338
3 0.223660
3 0.223885
6 0.224200
3 0.224224
2 0.224628
23 0.224720
2 0.224988
2 0.225087
1 0.225149
2 0.225163
1 0.225257
2 0.225383
2 0.225647
1 0.225998
1 0.226021
2 0.226078
2 0.226156
6 0.226159
6 0.226159
3 0.226229
2 0.226339
1 0.226509
1 0.226575
1 0.226779
3 0.226812
1 0.226817
2 0.226829
2 0.226927
1 0.227156
1 0.227277
25 0.227300
1 0.227673
1 0.227780
2 0.228062
1 0.228064
1 0.228479
1 0.228796
1 0.229323
3 0.229377
1 0.229512
6 0.229544
6 0.229544
3 0.229657
1 0.229850
21 0.229885
21 0.229870
1 0.229888
1 0.229993
1 0.230085
13 0.230200
1 0.230239
6 0.230303
6 0.230303
1 0.230413
1 0.230429
1 0.230971
6 0.231357
6 0.231357
1 0.231382
3 0.231841
3 0.231993
1 0.232107
6 0.232128
6 0.232128
13 0.232160
13 0.232160
11 0.232174
3 0.232242
6 0.232648
3 0.232766
2 0.232811
2 0.232859
13 0.233000
13 0.233000
2 0.233203
2 0.233269
2 0.233352
3 0.233749
2 0.233873
3 0.233968
2 0.234421
2 0.234468
2 0.234500
2 0.234570
2 0.234606
2 0.234883
2 0.234902
2 0.235192
2 0.235239
2 0.235303
2 0.235419
2 0.235440
2 0.235520
2 0.235561
13 0.235610
13 0.235610
2 0.235984
2 0.236031
2 0.236072
2 0.236101
2 0.236123
2 0.236274
2 0.236458
13 0.236480
2 0.236555
2 0.236648
2 0.236731
2 0.236932
1 0.237018
2 0.237067
2 0.237122
1 0.237215
1 0.237435
2 0.237446
1 0.237524
2 0.237592
2 0.237716
2 0.237886
2 0.238000
2 0.238014
2 0.238093
2 0.238149
1 0.238256
2 0.238277
2 0.238309
2 0.238363
2 0.238388
2 0.238398
2 0.238512
2 0.238573
2 0.238911
2 0.238936
3 0.239026
1 0.239070
2 0.239083
2 0.239149
2 0.239221
2 0.239331
2 0.239615
2 0.239635
2 0.239745
2 0.239997
2 0.240078
2 0.240202
2 0.240333
2 0.240516
2 0.240561
12 0.240620
12 0.240644
2 0.240739
2 0.240770
2 0.241125
2 0.241180
2 0.241254
2 0.241404
2 0.241718
2 0.241860
2 0.241917
1 0.242113
2 0.242343
1 0.242382
2 0.242395
2 0.242488
2 0.242513
2 0.242533
2 0.242910
2 0.242907
2 0.242954
2 0.242977
2 0.243013
2 0.243060
2 0.243082
2 0.243176
2 0.243300
2 0.243361
2 0.243480
2 0.243498
2 0.243543
2 0.243547
2 0.243569
2 0.243736
3 0.243891
1 0.243892
2 0.244004
1 0.244048
1 0.244085
2 0.244116
2 0.244311
1 0.244331
2 0.244445
1 0.244461
2 0.244525
2 0.244585
1 0.244595
2 0.244631
2 0.244654
2 0.244685
2 0.244721
2 0.244794
2 0.244807
1 0.244845
2 0.244849
2 0.245070
2 0.245094
1 0.245422
2 0.245472
2 0.245532
2 0.245645
2 0.245664
2 0.245783
1 0.245834
2 0.245952
2 0.245971
2 0.246118
2 0.246202
2 0.246260
1 0.246293
1 0.246339
2 0.246404
1 0.246448
2 0.246476
2 0.246565
1 0.246589
2 0.246666
2 0.246725
2 0.246742
2 0.246757
1 0.246848
2 0.246904
1 0.246963
2 0.247026
2 0.247116
2 0.247142
1 0.247171
1 0.247308
2 0.247335
2 0.247327
1 0.247364
1 0.247391
2 0.247407
2 0.247480
1 0.247556
2 0.247587
2 0.247629
2 0.247701
1 0.247741
2 0.247809
2 0.247932
1 0.248023
1 0.248052
2 0.248091
2 0.248180
2 0.248287
2 0.248307
2 0.248341
2 0.248362
1 0.248402
1 0.248428
2 0.248447
1 0.248493
2 0.248499
2 0.248519
1 0.248674
1 0.248712
1 0.248744
1 0.248782
1 0.248812
1 0.248889
1 0.248970
2 0.249023
1 0.249050
2 0.249058
1 0.249066
1 0.249140
2 0.249146
2 0.249161
1 0.249191
2 0.249215
2 0.249309
2 0.249401
2 0.249397
2 0.249463
1 0.249475
1 0.249500
13 0.249570
13 0.249570
1 0.249662
1 0.249729
9 0.249855
2 0.249857
1 0.249965
2 0.250167
1 0.250189
2 0.250208
1 0.250245
2 0.250314
2 0.250408
2 0.250432
2 0.250463
2 0.250685
2 0.250756
1 0.250865
2 0.250910
1 0.250951
1 0.251159
2 0.251252
1 0.251303
1 0.251312
2 0.251514
1 0.251733
2 0.251789
1 0.251842
1 0.251886
2 0.251981
1 0.252039
2 0.252185
2 0.252258
1 0.252324
1 0.252361
1 0.252442
1 0.252505
1 0.252578
2 0.252615
2 0.252683
2 0.252705
2 0.252786
1 0.252820
2 0.252846
2 0.252964
2 0.252984
1 0.252990
2 0.252999
1 0.253007
2 0.253031
1 0.253060
2 0.253087
1 0.253145
2 0.253263
2 0.253439
1 0.253456
2 0.253518
13 0.253570
2 0.253612
2 0.253625
1 0.253637
2 0.253743
1 0.253755
2 0.253756
2 0.253760
2 0.253790
2 0.253896
2 0.253916
2 0.253926
2 0.253950
2 0.253962
2 0.253975
2 0.253971
1 0.254012
2 0.254057
2 0.254128
2 0.254142
1 0.254173
2 0.254186
2 0.254260
1 0.254286
2 0.254308
2 0.254352
2 0.254414
2 0.254420
1 0.254468
1 0.254546
2 0.254573
2 0.254598
2 0.254620
2 0.254629
1 0.254674
2 0.254720
2 0.254743
1 0.254763
2 0.254810
2 0.254909
2 0.254936
2 0.254951
2 0.254969
2 0.254985
2 0.255016
2 0.255023
1 0.255038
2 0.255054
2 0.255080
2 0.255092
2 0.255134
2 0.255145
2 0.255197
2 0.255571
2 0.255583
2 0.255622
2 0.255785
2 0.255827
2 0.256001
2 0.256054
2 0.256069
2 0.256105
2 0.256235
2 0.256286
2 0.256330
2 0.256425
12 0.256685
12 0.256676
2 0.256699
2 0.256717
2 0.256739
2 0.256768
4 0.256817
4 0.256838
2 0.256918
2 0.256966
2 0.257055
2 0.257130
2 0.257162
2 0.257232
2 0.257374
2 0.257398
2 0.257453
2 0.257513
1 0.257651
1 0.257746
2 0.257763
2 0.257820
2 0.257869
13 0.257977
13 0.257954
2 0.258149
2 0.258188
1 0.258307
3 0.258314
2 0.258319
2 0.258335
2 0.258383
2 0.258412
1 0.258531
2 0.258639
2 0.258665
2 0.258872
1 0.258877
2 0.258897
2 0.258957
2 0.259133
2 0.259232
2 0.259356
1 0.259429
2 0.259451
2 0.259574
2 0.259608
3 0.259640
2 0.259915
2 0.260018
1 0.260035
2 0.260483
2 0.260545
2 0.260581
2 0.260610
2 0.260620
1 0.260644
2 0.260668
2 0.260729
1 0.260761
2 0.260787
2 0.260963
2 0.260991
2 0.261022
2 0.261064
2 0.261185
2 0.261212
2 0.261265
2 0.261435
2 0.261460
2 0.261497
2 0.261565
3 0.261793
2 0.261840
1 0.261880
2 0.261985
2 0.262095
2 0.262119
2 0.262147
2 0.262245
2 0.262391
1 0.262431
2 0.262451
2 0.262627
2 0.262645
2 0.262728
2 0.262748
2 0.262907
2 0.262937
2 0.263037
2 0.263085
2 0.263183
2 0.263210
2 0.263239
1 0.263302
1 0.263338
2 0.263399
1 0.263660
2 0.263748
2 0.263828
2 0.263843
2 0.264035
2 0.264191
1 0.264243
2 0.264280
1 0.264479
3 0.264618
2 0.264700
11 0.264946
11 0.264945
2 0.265026
2 0.265127
2 0.265209
2 0.265336
2 0.265542
1 0.265693
2 0.265871
2 0.265904
2 0.266335
2 0.266545
20 0.266595
20 0.266600
2 0.266743
1 0.266760
1 0.266776
2 0.266801
1 0.267028
2 0.267073
2 0.267117
2 0.267219
1 0.267986
2 0.268330
2 0.268380
2 0.268555
2 0.268576
2 0.268690
2 0.268719
1 0.269001
2 0.269254
2 0.269340
2 0.269363
2 0.269466
3 0.269593
3 0.269614
1 0.269708
2 0.269813
2 0.269826
2 0.269853
1 0.269991
2 0.270000
3 0.270082
3 0.270193
2 0.270479
2 0.270538
1 0.270682
1 0.270739
2 0.270794
5 0.270816
1 0.270937
2 0.270985
2 0.271018
1 0.271246
2 0.271265
2 0.271320
2 0.271521
2 0.271702
1 0.271706
2 0.271725
2 0.271737
2 0.271750
1 0.271859
5 0.271863
2 0.271868
1 0.271924
2 0.271945
1 0.271983
2 0.272011
1 0.272023
1 0.272100
1 0.272171
2 0.272262
2 0.272287
2 0.272355
1 0.272438
2 0.272569
1 0.272576
1 0.272686
1 0.272704
2 0.272733
2 0.272819
2 0.272835
1 0.272883
1 0.272963
2 0.272971
5 0.273102
2 0.273154
2 0.273282
2 0.273326
2 0.273375
1 0.273439
1 0.273481
1 0.273508
1 0.273629
1 0.273642
2 0.273730
1 0.273812
1 0.273864
5 0.273912
2 0.274036
2 0.274220
1 0.274307
1 0.274322
2 0.274401
1 0.274438
1 0.274488
1 0.274534
2 0.274729
2 0.274779
2 0.274999
2 0.275013
2 0.275029
2 0.275082
1 0.275095
5 0.275169
2 0.275194
2 0.275296
2 0.275410
1 0.275450
1 0.275485
1 0.275524
2 0.275570
2 0.275655
1 0.275714
2 0.275733
2 0.275784
1 0.275813
2 0.276015
1 0.276063
5 0.276146
1 0.276260
2 0.276263
1 0.276284
2 0.276315
2 0.276326
1 0.276359
1 0.276392
2 0.276448
2 0.276473
2 0.276561
2 0.276595
1 0.276773
2 0.276832
1 0.276834
2 0.276975
2 0.276997
1 0.277012
2 0.277017
2 0.277200
2 0.277237
1 0.277289
2 0.277355
1 0.277405
3 0.277413
2 0.277551
2 0.277616
2 0.277700
2 0.277773
1 0.277889
1 0.277904
2 0.278012
2 0.278073
2 0.278087
5 0.278122
2 0.278451
2 0.278510
2 0.278601
2 0.278806
1 0.278892
5 0.279119
2 0.279138
4 0.279183
4 0.279202
4 0.279295
2 0.279471
2 0.279745
1 0.279860
2 0.279874
2 0.280012
2 0.280055
2 0.280485
1 0.280535
2 0.280614
2 0.280661
1 0.280781
2 0.281061
2 0.281210
2 0.281332
3 0.281407
1 0.281412
2 0.281444
2 0.281792
2 0.282017
1 0.282411
1 0.282639
1 0.282652
2 0.282686
2 0.282826
4 0.282856
5 0.282907
1 0.282964
4 0.283019
2 0.283239
1 0.283327
2 0.283392
1 0.283629
2 0.283655
4 0.283657
1 0.283678
2 0.283702
2 0.283735
2 0.283813
1 0.283895
2 0.283905
2 0.284034
2 0.284064
4 0.284092
4 0.284108
2 0.284118
4 0.284133
2 0.284149
2 0.284160
2 0.284219
2 0.284291
4 0.284402
2 0.284415
4 0.284427
2 0.284431
1 0.284447
1 0.284481
2 0.284579
1 0.284643
2 0.284805
2 0.284861
2 0.284895
2 0.284916
2 0.284974
2 0.285044
1 0.285264
2 0.285405
2 0.285650
2 0.285699
2 0.285722
2 0.285775
2 0.285801
2 0.285826
2 0.285918
2 0.286201
2 0.286581
2 0.286972
2 0.287000
1 0.287015
2 0.287054
2 0.287145
2 0.287190
2 0.287197
1 0.287318
2 0.287323
2 0.287424
1 0.287502
2 0.287619
2 0.287765
2 0.288009
2 0.288160
2 0.288456
2 0.288561
2 0.288678
2 0.288708
2 0.288816
2 0.288894
2 0.289367
1 0.289535
2 0.289563
3 0.289593
2 0.289607
2 0.289811
1 0.290026
2 0.290317
2 0.290331
3 0.290332
12 0.290360
12 0.290360
3 0.290528
3 0.290665
2 0.290697
3 0.290835
3 0.290855
2 0.290871
2 0.291162
1 0.291301
2 0.291701
2 0.291794
2 0.291832
1 0.292154
2 0.292288
1 0.292414
3 0.292476
1 0.292621
2 0.292744
1 0.292986
10 0.293380
2 0.293535
1 0.293776
2 0.294037
1 0.294220
2 0.294526
2 0.294613
2 0.294852
1 0.294874
3 0.294925
2 0.295004
1 0.295110
2 0.295464
1 0.295480
2 0.295491
1 0.295552
1 0.295823
2 0.296046
2 0.296070
1 0.296085
2 0.296214
3 0.296410
2 0.296500
2 0.296549
2 0.296590
1 0.296612
2 0.296627
1 0.296776
2 0.296960
1 0.297023
2 0.297080
1 0.297098
2 0.297139
2 0.297156
1 0.297400
1 0.297410
2 0.297681
2 0.298022
1 0.298140
2 0.298183
1 0.298232
2 0.298293
1 0.298444
1 0.298564
2 0.298569
2 0.298641
1 0.298733
1 0.298752
1 0.298816
1 0.299126
10 0.299130
1 0.299530
1 0.299538
1 0.299726
2 0.299817
2 0.299973
1 0.300039
2 0.300094
9 0.300175
1 0.300133
1 0.300182
3 0.300250
1 0.300253
2 0.300320
2 0.300352
1 0.300618
1 0.300816
3 0.300816
1 0.300902
1 0.300997
1 0.301045
1 0.301236
3 0.301405
1 0.301680
1 0.301706
1 0.301851
1 0.301901
1 0.301986
2 0.302089
10 0.302100
1 0.302137
1 0.302152
1 0.302195
2 0.302230
1 0.302491
1 0.302652
1 0.302672
1 0.302734
1 0.303103
1 0.303210
1 0.303252
1 0.303537
2 0.303784
1 0.303827
1 0.304020
1 0.304131
1 0.304252
1 0.304290
1 0.304355
2 0.304573
1 0.304849
2 0.304988
1 0.305396
2 0.305769
1 0.305833
1 0.305997
2 0.306313
2 0.306621
25 0.306800
1 0.306814
1 0.306906
2 0.307158
2 0.307202
12 0.307295
12 0.307290
1 0.307661
2 0.307733
2 0.307806
2 0.307957
1 0.308464
2 0.309028
1 0.309247
2 0.309719
1 0.309909
1 0.310079
1 0.310087
1 0.310120
1 0.310156
2 0.310607
2 0.310645
2 0.310747
2 0.311520
2 0.311559
2 0.311748
1 0.312040
1 0.312134
9 0.312450
2 0.313263
2 0.313396
1 0.313502
2 0.313627
3 0.313734
25 0.314500
2 0.314566
2 0.314767
2 0.315511
1 0.315719
1 0.316157
1 0.316286
2 0.316371
2 0.316401
1 0.316735
2 0.316759
2 0.316877
1 0.316977
2 0.317125
3 0.317501
2 0.317630
1 0.317636
3 0.317691
1 0.317728
2 0.317845
3 0.317893
2 0.318042
2 0.318107
2 0.318404
1 0.318582
4 0.318605
2 0.318624
2 0.318766
2 0.318822
1 0.319258
2 0.319299
4 0.319351
2 0.319383
1 0.319415
1 0.319422
2 0.319472
2 0.319700
1 0.319785
1 0.320042
1 0.320046
1 0.320140
1 0.320632
1 0.320800
2 0.321137
1 0.321260
1 0.321281
2 0.321424
1 0.321494
1 0.321532
2 0.321560
1 0.321687
1 0.321831
1 0.322051
1 0.322070
1 0.322298
1 0.322300
2 0.322548
1 0.322671
2 0.322867
1 0.322873
1 0.322918
1 0.323092
23 0.323100
1 0.323114
2 0.323135
1 0.323190
2 0.323264
2 0.323372
1 0.323398
1 0.323490
1 0.323555
1 0.323716
3 0.323767
2 0.323833
2 0.323875
1 0.324037
3 0.324067
2 0.324262
2 0.324466
2 0.324512
1 0.324512
1 0.324694
1 0.324790
2 0.324811
2 0.324833
1 0.324914
2 0.325059
1 0.325454
2 0.325518
1 0.325530
2 0.325683
2 0.325830
1 0.325853
2 0.325971
2 0.325999
1 0.326599
1 0.326656
3 0.326782
2 0.326788
2 0.326798
1 0.326917
2 0.326945
2 0.327071
1 0.327194
2 0.327443
2 0.327597
3 0.327702
2 0.327755
2 0.327806
2 0.327829
2 0.327849
2 0.328059
1 0.328121
2 0.328224
1 0.328384
1 0.328553
3 0.328714
1 0.328770
3 0.328976
2 0.329030
2 0.329040
2 0.329084
1 0.329194
1 0.329297
1 0.329354
2 0.329618
2 0.329677
2 0.329883
1 0.329908
3 0.330251
2 0.330381
2 0.330442
3 0.330617
1 0.330692
1 0.330730
1 0.330819
2 0.331494
1 0.331569
1 0.331808
2 0.331934
3 0.332018
1 0.332021
1 0.332343
2 0.332402
1 0.332469
1 0.332642
1 0.332982
3 0.333479
3 0.333586
1 0.333862
3 0.334035
1 0.334889
1 0.335502
25 0.335600
9 0.335575
1 0.335619
3 0.335644
1 0.335648
3 0.335753
2 0.336108
3 0.336718
2 0.336793
1 0.337051
1 0.337175
1 0.337304
2 0.337717
1 0.337965
1 0.338108
2 0.338193
2 0.338198
1 0.338337
1 0.338495
2 0.338806
2 0.338910
13 0.338910
13 0.338925
25 0.339000
1 0.339328
1 0.339363
1 0.339556
2 0.339630
1 0.339795
2 0.339934
1 0.340031
5 0.340139
1 0.340323
2 0.340348
1 0.340463
1 0.340533
1 0.340741
5 0.340787
1 0.340844
1 0.341115
1 0.341233
1 0.341411
2 0.341700
1 0.341824
1 0.341882
1 0.341949
1 0.342527
1 0.342599
2 0.342656
1 0.342810
1 0.342918
2 0.342923
1 0.342973
2 0.343709
1 0.344159
1 0.344198
2 0.344198
2 0.344321
1 0.344335
1 0.344486
1 0.344614
5 0.344661
25 0.344800
1 0.344827
1 0.345132
2 0.345139
2 0.345329
1 0.345353
2 0.345460
10 0.345510
1 0.345533
2 0.345610
7 0.345694
2 0.345791
1 0.346334
1 0.346429
5 0.346450
2 0.346495
2 0.346549
1 0.346685
2 0.346967
1 0.347082
9 0.347255
1 0.347645
2 0.347673
1 0.347770
1 0.347885
1 0.348400
2 0.348500
1 0.348633
1 0.348823
1 0.348823
2 0.348898
1 0.349007
2 0.349098
1 0.349157
6 0.349310
6 0.349310
1 0.349428
2 0.349447
1 0.349469
2 0.349567
1 0.349629
2 0.349662
1 0.349719
1 0.349810
1 0.349884
3 0.350059
2 0.350088
3 0.350128
1 0.350157
2 0.350263
3 0.350276
2 0.350447
5 0.350455
2 0.350502
2 0.350551
1 0.350586
1 0.350606
2 0.350681
1 0.350750
2 0.350840
2 0.350920
1 0.350948
1 0.351012
6 0.351070
1 0.351086
1 0.351144
1 0.351264
1 0.351274
1 0.351323
1 0.351406
1 0.351482
1 0.351563
1 0.351718
1 0.351742
1 0.351756
1 0.351969
1 0.351987
1 0.352185
1 0.352227
1 0.352284
1 0.352327
1 0.352391
1 0.352431
1 0.352509
1 0.352525
1 0.352705
1 0.352717
1 0.352724
1 0.352739
1 0.352747
1 0.352834
1 0.352880
2 0.352928
1 0.353083
1 0.353140
1 0.353245
2 0.353387
1 0.353421
10 0.353480
1 0.353553
2 0.353726
1 0.353757
1 0.353874
1 0.353891
2 0.353970
1 0.353979
2 0.354020
1 0.354113
1 0.354172
1 0.354210
1 0.354309
1 0.354440
1 0.354469
1 0.354565
1 0.354903
1 0.355087
1 0.355212
1 0.355312
1 0.355384
1 0.355475
1 0.355594
6 0.355662
6 0.355662
1 0.355789
1 0.355953
1 0.356052
1 0.356108
1 0.356171
1 0.356513
1 0.356640
12 0.356710
1 0.356732
1 0.356805
1 0.356839
1 0.356945
1 0.356984
1 0.356999
1 0.357112
1 0.357127
1 0.357224
1 0.357302
1 0.357361
1 0.357441
1 0.357485
6 0.357488
1 0.357491
2 0.357674
1 0.357778
10 0.357755
1 0.357940
1 0.357969
2 0.358082
1 0.358221
1 0.358322
1 0.358438
1 0.358568
1 0.358595
1 0.358634
1 0.358673
3 0.358706
1 0.358713
7 0.358734
1 0.358801
6 0.358868
2 0.358925
1 0.359013
1 0.359111
1 0.359203
1 0.359237
1 0.359251
1 0.359350
1 0.359370
1 0.359392
4 0.359410
1 0.359435
1 0.359566
1 0.359633
1 0.359689
1 0.359722
1 0.359805
4 0.359947
1 0.359974
1 0.360065
3 0.360197
1 0.360311
1 0.360423
1 0.360471
1 0.360485
3 0.360491
2 0.360562
1 0.360648
1 0.360771
1 0.360989
1 0.361119
1 0.361172
1 0.361310
1 0.361418
1 0.361447
6 0.361511
1 0.361580
2 0.361591
1 0.361622
1 0.361669
1 0.361718
1 0.361735
1 0.361882
1 0.361980
1 0.362128
2 0.362230
1 0.362249
1 0.362304
1 0.362422
1 0.362509
1 0.362534
2 0.362593
2 0.362681
1 0.362809
1 0.362913
2 0.362969
1 0.362985
1 0.363138
6 0.363161
1 0.363213
1 0.363250
1 0.363308
2 0.363333
1 0.363359
1 0.363486
1 0.363803
1 0.363829
1 0.363890
1 0.363934
1 0.364143
1 0.364249
2 0.364353
9 0.364390
6 0.364437
1 0.364475
1 0.364562
1 0.364584
1 0.364686
1 0.364888
1 0.365055
1 0.365107
1 0.365132
1 0.365251
1 0.365479
1 0.365571
1 0.365651
1 0.365817
1 0.365894
1 0.365959
1 0.366056
1 0.366241
6 0.366354
6 0.366354
1 0.366558
1 0.366574
2 0.366574
6 0.366632
1 0.366800
1 0.366831
1 0.366925
1 0.366993
1 0.367020
1 0.367057
1 0.367107
1 0.367113
1 0.367185
1 0.367375
1 0.367581
6 0.367616
6 0.367616
1 0.367736
15 0.367780
1 0.367792
1 0.367835
1 0.367868
1 0.367991
1 0.368096
1 0.368269
1 0.368329
1 0.368410
1 0.368516
1 0.368705
1 0.368731
1 0.368815
1 0.368851
1 0.368951
1 0.368991
1 0.369006
1 0.369053
1 0.369092
1 0.369178
1 0.369506
1 0.369610
1 0.369848
1 0.369965
1 0.370019
1 0.370214
1 0.370308
6 0.370467
1 0.370474
1 0.370488
1 0.370507
1 0.370552
1 0.370662
1 0.370810
1 0.370888
1 0.370897
1 0.371030
1 0.371228
1 0.371246
2 0.371304
1 0.371697
1 0.371750
1 0.371946
1 0.372099
1 0.372362
1 0.372544
1 0.372655
1 0.372799
1 0.372815
1 0.372868
1 0.372973
1 0.373145
1 0.373201
1 0.373243
1 0.373346
1 0.373438
1 0.373593
1 0.373639
1 0.373819
1 0.373937
1 0.374018
1 0.374038
1 0.374130
6 0.374199
1 0.374368
1 0.374443
1 0.374453
1 0.374517
1 0.374663
1 0.374696
1 0.374754
1 0.374799
1 0.374933
2 0.374955
1 0.375003
1 0.375055
1 0.375213
1 0.375289
1 0.375421
1 0.375468
1 0.375557
5 0.375677
1 0.375713
1 0.375800
6 0.375848
6 0.375848
1 0.375852
1 0.375930
7 0.375999
7 0.375999
2 0.376053
1 0.376112
1 0.376160
1 0.376248
1 0.376327
1 0.376486
1 0.376661
1 0.376716
1 0.376773
1 0.376826
1 0.376910
1 0.377137
1 0.377256
6 0.377422
6 0.377422
1 0.377443
1 0.377476
1 0.377590
6 0.377591
1 0.377693
1 0.377753
1 0.377814
1 0.377852
1 0.377939
1 0.377958
1 0.377977
1 0.378226
1 0.378302
1 0.378352
1 0.378368
5 0.378429
1 0.378678
1 0.378703
1 0.378727
1 0.378776
1 0.378824
1 0.378896
1 0.379025
1 0.379089
1 0.379117
1 0.379258
1 0.379282
1 0.379323
1 0.379391
1 0.379495
1 0.379541
5 0.379602
1 0.379608
5 0.379850
1 0.379860
1 0.379903
1 0.379959
1 0.380063
9 0.380200
1 0.380276
1 0.380306
1 0.380336
1 0.380510
1 0.380643
1 0.380730
1 0.380778
1 0.380862
1 0.380936
1 0.380981
1 0.381012
1 0.381184
1 0.381297
1 0.381316
1 0.381316
1 0.381405
1 0.381414
6 0.381462
6 0.381462
1 0.381472
1 0.381497
2 0.381521
1 0.381561
1 0.381692
1 0.381742
1 0.381873
1 0.382059
5 0.382103
1 0.382151
1 0.382226
1 0.382292
1 0.382539
1 0.382553
2 0.382601
1 0.382697
1 0.382793
2 0.382817
1 0.382891
1 0.383021
1 0.383085
1 0.383440
1 0.383531
1 0.383742
1 0.383822
1 0.384035
5 0.384036
1 0.384072
1 0.384153
1 0.384214
1 0.384435
1 0.384626
1 0.384678
1 0.384709
1 0.384750
1 0.384789
6 0.384803
6 0.384803
6 0.384849
1 0.384938
1 0.385106
1 0.385191
5 0.385243
1 0.385367
1 0.385455
1 0.385747
1 0.385807
1 0.386031
1 0.386101
1 0.386484
1 0.386662
1 0.386831
1 0.386902
6 0.387123
1 0.387285
1 0.387360
1 0.387402
1 0.387486
1 0.387714
1 0.387912
1 0.387967
1 0.388438
1 0.388546
1 0.388625
1 0.388661
1 0.388738
1 0.388815
1 0.388961
1 0.388992
6 0.389050
6 0.389050
1 0.389149
1 0.389194
5 0.389238
1 0.389303
1 0.389449
5 0.389632
1 0.389676
1 0.389855
1 0.390013
1 0.390081
1 0.390162
1 0.390405
1 0.390500
6 0.390612
6 0.390612
2 0.390714
1 0.390759
1 0.390785
1 0.390857
1 0.390904
1 0.391077
1 0.391094
1 0.391195
1 0.391210
5 0.391244
1 0.391474
1 0.391538
2 0.391561
1 0.391784
1 0.391829
1 0.391875
1 0.391875
1 0.392018
1 0.392137
1 0.392195
6 0.392306
6 0.392306
4 0.392321
4 0.392358
4 0.392358
1 0.392402
1 0.392631
1 0.392903
6 0.393001
6 0.393001
1 0.393141
1 0.393223
1 0.393261
4 0.393460
1 0.393642
2 0.393708
1 0.393844
2 0.393941
2 0.394008
1 0.394199
1 0.394239
1 0.394356
1 0.394446
1 0.394585
1 0.394601
1 0.394623
2 0.394633
1 0.394811
1 0.394989
1 0.395026
1 0.395107
1 0.395228
1 0.395372
1 0.395427
1 0.395498
3 0.395545
1 0.395646
1 0.395707
1 0.395757
1 0.395780
1 0.395814
1 0.396140
1 0.396226
1 0.396347
1 0.396422
1 0.396564
1 0.396718
1 0.396774
1 0.396854
1 0.396908
3 0.396984
1 0.397038
3 0.397061
1 0.397075
1 0.397151
4 0.397202
4 0.397240
4 0.397240
1 0.397245
1 0.397477
2 0.397529
1 0.397550
1 0.397588
1 0.397633
1 0.397697
1 0.397774
1 0.397887
3 0.398055
1 0.398076
4 0.398166
1 0.398175
1 0.398222
1 0.398290
6 0.398345
6 0.398345
1 0.398508
1 0.398651
11 0.398790
11 0.398793
1 0.399098
1 0.399150
1 0.399524
6 0.399575
1 0.399634
1 0.399711
1 0.399810
1 0.399852
1 0.399918
1 0.400138
1 0.400159
1 0.400279
5 0.400434
1 0.400490
1 0.400637
1 0.400744
1 0.400840
3 0.400948
1 0.401085
1 0.401131
1 0.401254
1 0.401285
1 0.401566
6 0.401569
6 0.401569
1 0.401756
1 0.401828
1 0.401940
1 0.402018
1 0.402162
1 0.402300
1 0.402358
1 0.402523
2 0.402568
1 0.402586
1 0.403132
1 0.403238
1 0.403310
1 0.403359
1 0.403377
1 0.403638
3 0.403656
1 0.403751
1 0.404178
1 0.404305
1 0.404390
1 0.404575
1 0.404696
3 0.404756
1 0.405047
1 0.405305
3 0.405425
1 0.405532
1 0.405601
1 0.405618
1 0.405849
1 0.405936
1 0.405990
1 0.406086
1 0.406359
1 0.406474
1 0.406653
1 0.406773
1 0.406812
1 0.406842
1 0.406864
1 0.406875
1 0.406913
1 0.407021
1 0.407116
1 0.407192
5 0.407239
1 0.407289
1 0.407491
1 0.407594
2 0.407710
1 0.407737
1 0.407778
1 0.407950
1 0.408032
3 0.408085
1 0.408099
1 0.408137
1 0.408203
3 0.408215
2 0.408313
1 0.408326
1 0.408358
2 0.408493
1 0.408565
1 0.408616
1 0.408646
1 0.408714
1 0.408825
2 0.408844
1 0.408971
1 0.409037
1 0.409123
1 0.409211
1 0.409271
1 0.409361
1 0.409642
1 0.409713
3 0.409778
1 0.409824
1 0.409933
1 0.410189
1 0.410242
1 0.410284
1 0.410610
1 0.410742
1 0.410758
1 0.410865
1 0.410929
1 0.411022
1 0.411096
1 0.411348
1 0.411413
1 0.411561
2 0.411563
1 0.411610
1 0.411812
1 0.411971
1 0.412005
1 0.412137
3 0.412206
1 0.412297
3 0.412318
1 0.412368
2 0.412383
3 0.412394
1 0.412565
2 0.412595
1 0.412704
1 0.412735
1 0.412802
1 0.412877
2 0.412991
1 0.413036
1 0.413063
1 0.413322
1 0.413407
1 0.413502
1 0.413584
1 0.413769
1 0.413816
1 0.413859
3 0.413893
3 0.414052
1 0.414109
3 0.414165
1 0.414303
1 0.414377
1 0.414458
1 0.414504
4 0.414537
1 0.414637
1 0.414723
1 0.414884
2 0.415027
1 0.415053
1 0.415142
1 0.415334
4 0.415351
1 0.415489
1 0.415507
1 0.415567
1 0.415598
3 0.415613
1 0.415797
2 0.415908
1 0.415997
1 0.416172
1 0.416195
1 0.416225
1 0.416266
3 0.416590
3 0.416609
3 0.416801
1 0.416903
1 0.416979
1 0.417012
1 0.417093
1 0.417208
1 0.417287
1 0.417307
1 0.417330
1 0.417392
1 0.417449
2 0.417464
1 0.417510
3 0.417544
1 0.417609
1 0.417681
2 0.417837
1 0.417877
2 0.418004
2 0.418014
1 0.418159
5 0.418178
2 0.418216
1 0.418293
1 0.418356
1 0.418394
1 0.418418
1 0.418607
1 0.418822
1 0.418898
1 0.419074
1 0.419261
1 0.419286
1 0.419567
1 0.419651
1 0.419739
1 0.419771
1 0.419856
2 0.419898
4 0.419942
1 0.419949
1 0.419982
1 0.420028
1 0.420127
1 0.420211
1 0.420321
1 0.420485
1 0.420512
1 0.420517
1 0.420673
4 0.420779
1 0.420788
1 0.420831
4 0.421007
1 0.421153
3 0.421186
2 0.421228
1 0.421483
1 0.421737
1 0.421874
1 0.422055
1 0.422124
1 0.422153
1 0.422340
3 0.422346
1 0.422492
1 0.422536
1 0.422570
1 0.422664
1 0.422715
1 0.422761
5 0.422838
1 0.422861
1 0.422991
1 0.423094
1 0.423176
2 0.423275
1 0.423392
2 0.423436
1 0.423479
2 0.423601
3 0.423675
1 0.423713
1 0.423827
1 0.423886
3 0.423981
1 0.424000
1 0.424056
1 0.424157
1 0.424231
1 0.424392
3 0.424494
1 0.424501
2 0.424516
2 0.424601
1 0.424645
1 0.424728
1 0.424862
1 0.424942
1 0.425052
1 0.425131
1 0.425198
2 0.425264
1 0.425474
1 0.425800
2 0.425935
1 0.425951
1 0.425981
1 0.426015
1 0.426167
1 0.426540
1 0.426594
2 0.426755
11 0.426770
1 0.426816
1 0.426903
1 0.426995
1 0.427236
1 0.427296
2 0.427453
3 0.427460
1 0.427690
1 0.427787
2 0.427803
1 0.427859
1 0.427943
1 0.428069
3 0.428092
1 0.428107
2 0.428128
1 0.428174
1 0.428361
1 0.428561
1 0.428665
1 0.428703
3 0.428737
1 0.428764
2 0.428860
1 0.428935
1 0.429016
1 0.429159
1 0.429207
1 0.429267
1 0.429332
1 0.429349
1 0.429533
2 0.429778
3 0.429806
1 0.429925
1 0.430044
1 0.430142
1 0.430203
1 0.430339
2 0.430439
1 0.430575
3 0.430599
1 0.430642
1 0.430666
2 0.430710
1 0.430911
1 0.431024
1 0.431058
3 0.431157
1 0.431158
10 0.431300
1 0.431630
1 0.431826
1 0.432066
2 0.432083
3 0.432490
1 0.432698
1 0.432797
1 0.432831
1 0.432912
2 0.433065
1 0.433827
1 0.433948
1 0.434450
1 0.434492
1 0.434777
2 0.434807
1 0.434845
1 0.434906
1 0.435016
1 0.435277
2 0.435299
2 0.435303
1 0.435396
2 0.435400
2 0.435737
2 0.435959
1 0.435973
2 0.436056
9 0.436050
1 0.436203
5 0.436384
1 0.436712
1 0.436880
1 0.436913
2 0.437064
1 0.437100
3 0.437327
3 0.437337
3 0.437354
2 0.437366
3 0.437376
3 0.437404
1 0.437421
1 0.437572
1 0.437716
1 0.437903
2 0.438397
1 0.438400
2 0.438420
1 0.438478
2 0.438555
1 0.438590
2 0.438662
1 0.438913
1 0.438964
1 0.439048
1 0.439168
1 0.439218
1 0.439310
1 0.439381
1 0.439651
3 0.439699
1 0.440253
1 0.440268
2 0.440383
1 0.440599
1 0.440895
1 0.440965
1 0.441036
2 0.441109
1 0.441464
2 0.441484
2 0.441502
1 0.441636
2 0.441751
2 0.441807
1 0.442057
3 0.442084
1 0.442381
1 0.442438
1 0.442508
5 0.442758
1 0.442854
1 0.443143
1 0.443186
3 0.443226
2 0.443369
1 0.443381
1 0.443446
1 0.443503
1 0.443639
1 0.443817
1 0.443959
1 0.444088
1 0.444113
1 0.444173
1 0.444208
1 0.444358
25 0.444400
1 0.444408
1 0.444444
1 0.444672
1 0.444808
1 0.444838
1 0.444897
1 0.445157
1 0.445202
2 0.445335
1 0.445386
1 0.445563
1 0.445628
1 0.445758
1 0.445788
2 0.445920
1 0.445983
1 0.445983
1 0.446037
1 0.446290
1 0.446602
1 0.446781
1 0.446819
2 0.446976
1 0.447063
2 0.447155
1 0.447293
2 0.447418
2 0.447616
1 0.447727
1 0.447927
2 0.448038
1 0.448123
1 0.448139
1 0.448287
1 0.448343
1 0.448351
1 0.448400
1 0.448503
1 0.448548
1 0.448693
1 0.448723
1 0.448900
1 0.448939
2 0.449001
2 0.449044
1 0.449100
1 0.449134
2 0.449266
2 0.449389
1 0.449394
1 0.449463
1 0.449531
1 0.449582
1 0.449584
1 0.449584
1 0.449683
1 0.449721
1 0.450385
1 0.450609
2 0.450955
2 0.451087
1 0.451190
1 0.451209
1 0.451545
2 0.451617
1 0.451643
2 0.451661
1 0.451879
1 0.451970
1 0.451984
2 0.452149
2 0.452390
1 0.452467
15 0.452490
15 0.452490
1 0.452713
1 0.452905
2 0.452965
1 0.452988
1 0.453242
2 0.453427
1 0.453440
2 0.453544
1 0.453894
1 0.454259
2 0.454280
1 0.454322
1 0.454369
1 0.454774
1 0.454796
1 0.454829
1 0.454912
2 0.455047
2 0.455075
1 0.455292
1 0.455573
2 0.455717
1 0.455820
1 0.456137
1 0.456272
1 0.456659
1 0.456694
1 0.456779
1 0.456827
1 0.456990
17 0.457040
1 0.457272
1 0.457414
1 0.457550
1 0.457600
2 0.457762
2 0.457768
1 0.458110
1 0.458186
1 0.458279
2 0.458412
2 0.458512
9 0.458755
1 0.458841
1 0.458900
1 0.459394
1 0.459482
1 0.459665
1 0.459735
1 0.459770
1 0.459941
4 0.459965
4 0.459965
1 0.460003
1 0.460222
1 0.460329
1 0.460463
1 0.460524
1 0.460553
3 0.460832
1 0.460838
1 0.461393
1 0.461450
1 0.461550
1 0.462005
4 0.462045
1 0.462058
4 0.462096
4 0.462096
1 0.462142
2 0.462182
1 0.462634
1 0.462806
2 0.463064
1 0.463142
1 0.463277
1 0.463421
1 0.463505
2 0.463661
1 0.463691
1 0.463714
1 0.463795
1 0.463880
1 0.463931
2 0.464097
1 0.464449
1 0.464476
1 0.464873
1 0.465112
1 0.465580
2 0.465829
1 0.465889
3 0.465935
1 0.465960
1 0.466263
1 0.466284
1 0.466327
1 0.466448
2 0.466575
2 0.466806
3 0.466832
1 0.467048
2 0.467149
1 0.467414
1 0.467447
1 0.467458
1 0.467596
1 0.467890
1 0.468015
1 0.468054
1 0.468160
1 0.468387
1 0.468487
1 0.468634
1 0.468870
1 0.468897
1 0.469145
1 0.469168
1 0.469272
7 0.469955
7 0.469955
1 0.470151
1 0.470236
3 0.470285
1 0.470627
1 0.470677
1 0.470762
1 0.470859
1 0.470881
1 0.471342
1 0.471539
1 0.471551
1 0.471816
2 0.472147
1 0.472746
1 0.472833
2 0.472939
1 0.473034
1 0.473100
2 0.473278
3 0.473523
1 0.473542
1 0.473717
1 0.473810
1 0.473896
1 0.474167
1 0.474286
1 0.474645
2 0.474681
1 0.475128
3 0.475602
1 0.476140
1 0.476681
1 0.476820
3 0.477076
16 0.477300
1 0.477303
2 0.477340
2 0.477605
1 0.477740
3 0.477902
1 0.478078
1 0.478215
1 0.478413
1 0.478729
1 0.478814
1 0.478916
1 0.479009
1 0.479054
1 0.479099
1 0.479190
1 0.479208
1 0.479259
1 0.479530
1 0.479569
1 0.479961
2 0.479962
1 0.480007
1 0.480040
1 0.480075
1 0.480147
1 0.480199
1 0.480296
1 0.480386
1 0.480586
1 0.480905
1 0.480949
1 0.481128
1 0.481446
1 0.481506
2 0.481588
1 0.481912
1 0.482001
2 0.483455
1 0.483586
1 0.483722
1 0.483901
1 0.483944
1 0.483986
1 0.484090
2 0.484135
1 0.484167
1 0.484315
1 0.484414
1 0.484450
1 0.484470
1 0.484537
1 0.484894
1 0.485024
1 0.485102
2 0.485409
1 0.485624
1 0.486048
1 0.486110
1 0.486234
4 0.486732
1 0.486889
4 0.486931
4 0.486931
4 0.486952
4 0.486952
4 0.487037
4 0.487059
1 0.487082
1 0.487140
1 0.487268
1 0.487350
1 0.487405
1 0.487427
1 0.487511
1 0.487571
2 0.487585
1 0.487724
1 0.487755
1 0.487897
1 0.487957
3 0.488236
1 0.488351
1 0.488793
1 0.488873
4 0.489000
2 0.489098
1 0.489212
1 0.489286
1 0.489424
7 0.489474
7 0.489474
2 0.489519
1 0.489780
2 0.489998
4 0.490134
4 0.490134
4 0.490444
4 0.490444
6 0.490465
6 0.490465
1 0.490468
1 0.490650
2 0.490671
4 0.490793
4 0.490793
1 0.490910
1 0.490998
1 0.491289
1 0.491315
1 0.491387
1 0.491764
1 0.491803
1 0.491860
4 0.491934
4 0.491934
1 0.491939
1 0.492037
1 0.492188
2 0.492530
1 0.492615
1 0.492666
1 0.492879
1 0.493169
3 0.493192
1 0.493679
1 0.494107
7 0.494386
7 0.494386
1 0.494433
1 0.494702
1 0.494777
2 0.494875
25 0.495000
1 0.495149
2 0.495213
1 0.495774
1 0.495898
1 0.496257
1 0.496330
1 0.496395
1 0.496747
6 0.496853
1 0.497009
1 0.497130
1 0.497189
6 0.497310
6 0.497386
1 0.497449
2 0.497478
1 0.497999
1 0.498098
1 0.498737
1 0.498762
1 0.498829
1 0.498901
7 0.498994
1 0.499034
2 0.499189
1 0.499266
1 0.499326
1 0.499418
2 0.499475
1 0.499507
1 0.499552
1 0.499680
6 0.499940
1 0.500051
2 0.500214
1 0.500326
2 0.500331
1 0.500418
1 0.500543
2 0.500560
2 0.500691
1 0.500711
1 0.500751
2 0.500802
3 0.501266
1 0.501347
1 0.501408
1 0.501634
1 0.501787
2 0.501984
1 0.502056
2 0.502163
15 0.502260
1 0.502333
1 0.502364
1 0.502460
1 0.502489
1 0.502648
1 0.502672
1 0.502916
2 0.502928
1 0.503102
2 0.503204
1 0.503218
1 0.503332
4 0.503385
4 0.503499
2 0.503680
2 0.503711
1 0.504316
2 0.504493
1 0.504562
2 0.504960
1 0.504984
1 0.505123
1 0.505304
1 0.505351
1 0.505605
1 0.505740
1 0.505825
1 0.505944
1 0.505991
1 0.506149
2 0.506149
1 0.506856
1 0.507018
2 0.507381
1 0.507616
1 0.508064
1 0.508115
1 0.508236
1 0.508475
3 0.508619
1 0.508709
1 0.508958
1 0.509219
6 0.509923
6 0.509923
1 0.510050
2 0.510212
2 0.510237
1 0.510545
1 0.510561
1 0.510586
1 0.510887
1 0.510906
2 0.510937
1 0.511107
1 0.511178
1 0.511184
3 0.511249
2 0.511305
1 0.511320
1 0.511720
5 0.512020
1 0.512133
1 0.512307
1 0.512515
1 0.512603
1 0.512654
1 0.512762
3 0.512878
1 0.512879
1 0.512911
1 0.513106
1 0.513290
2 0.513410
1 0.513512
1 0.513752
2 0.513823
1 0.513883
1 0.514068
1 0.514089
5 0.514168
1 0.514317
1 0.514516
2 0.514579
1 0.514653
1 0.514716
6 0.514718
1 0.514773
2 0.515089
1 0.515227
1 0.515334
3 0.515756
1 0.515775
2 0.515944
2 0.516021
7 0.516033
1 0.516049
1 0.516139
1 0.516201
1 0.516372
2 0.516539
1 0.516599
1 0.516772
1 0.516893
1 0.517034
2 0.517047
1 0.517304
2 0.517391
6 0.517748
1 0.517868
1 0.518023
1 0.518150
2 0.518339
1 0.518571
2 0.518623
2 0.518742
1 0.518936
1 0.519290
1 0.519379
1 0.519639
2 0.519902
1 0.519938
1 0.520016
3 0.520053
1 0.520378
1 0.520603
1 0.520825
1 0.520939
1 0.521004
1 0.521133
1 0.521480
1 0.521526
1 0.521663
1 0.521773
2 0.521830
1 0.521995
2 0.522151
1 0.522202
1 0.522464
1 0.522575
1 0.522698
1 0.522832
1 0.522861
2 0.522895
1 0.522986
1 0.523440
4 0.523522
6 0.523574
6 0.523574
2 0.523608
3 0.523712
4 0.523752
1 0.523766
1 0.523784
4 0.523876
1 0.523971
1 0.524336
1 0.524395
3 0.524477
1 0.524523
1 0.524851
2 0.524941
1 0.525057
1 0.525167
1 0.525211
2 0.525269
1 0.525449
1 0.525492
1 0.525642
2 0.526172
3 0.526180
2 0.526308
1 0.526407
1 0.526435
1 0.526477
1 0.526533
2 0.526565
2 0.526628
1 0.526802
1 0.526875
2 0.527034
1 0.527100
1 0.527182
3 0.527187
3 0.527384
2 0.527386
3 0.527445
2 0.527481
1 0.527484
2 0.527747
7 0.527785
3 0.527795
6 0.527927
6 0.527927
1 0.528112
1 0.528183
1 0.528326
3 0.528377
1 0.528509
2 0.528558
1 0.528590
1 0.528608
3 0.528630
1 0.528659
1 0.529000
1 0.529222
1 0.529450
1 0.529544
1 0.529602
1 0.529677
2 0.529830
3 0.529959
1 0.530025
3 0.530140
1 0.530189
1 0.530280
1 0.530377
3 0.530408
14 0.530442
14 0.530434
1 0.530547
1 0.530554
2 0.530766
3 0.530824
1 0.530884
1 0.531018
3 0.531236
1 0.531654
2 0.531771
2 0.531809
1 0.532069
1 0.532152
1 0.532259
1 0.532352
3 0.532422
1 0.532566
2 0.532703
1 0.532828
1 0.532952
1 0.533001
1 0.533147
1 0.533415
1 0.533438
2 0.533513
6 0.533666
6 0.533666
2 0.534108
1 0.534141
1 0.534251
3 0.534837
2 0.534914
1 0.535122
1 0.535486
3 0.535526
1 0.535781
1 0.536311
3 0.536525
1 0.536540
1 0.536636
1 0.536897
3 0.536955
1 0.537145
6 0.537178
1 0.537298
1 0.537519
3 0.537696
2 0.537795
1 0.537832
1 0.538107
1 0.538375
1 0.538487
1 0.538708
13 0.538764
1 0.538783
2 0.538856
1 0.538899
1 0.539098
1 0.539467
1 0.539619
1 0.539671
2 0.539736
1 0.539863
1 0.539912
1 0.539978
1 0.540200
1 0.540277
2 0.540356
1 0.540562
1 0.540728
1 0.540827
1 0.541064
1 0.541241
3 0.541348
1 0.541430
1 0.541447
2 0.541558
1 0.541670
1 0.541855
1 0.542336
1 0.542365
1 0.542558
6 0.542573
6 0.542573
2 0.542677
6 0.542815
6 0.542815
1 0.542868
2 0.542934
1 0.543120
2 0.543150
1 0.543446
2 0.543464
1 0.543603
1 0.543668
1 0.543781
1 0.543810
1 0.543956
1 0.544123
1 0.544287
1 0.544492
1 0.544656
1 0.544838
1 0.544843
1 0.545361
1 0.545697
1 0.545712
1 0.546239
1 0.546307
1 0.546479
1 0.546580
2 0.546745
1 0.546791
2 0.546846
1 0.547161
1 0.547423
1 0.547468
1 0.547542
2 0.547876
1 0.547892
1 0.547998
1 0.548239
1 0.548276
1 0.548296
1 0.548379
2 0.548383
1 0.548462
6 0.548636
1 0.548867
1 0.548929
1 0.549138
1 0.549337
1 0.549502
2 0.549536
1 0.549599
1 0.549809
1 0.549904
1 0.550111
1 0.550299
2 0.550773
1 0.550831
2 0.551231
1 0.551378
1 0.551860
6 0.551894
6 0.551894
1 0.552282
1 0.552398
1 0.552578
1 0.552707
2 0.552914
1 0.553043
2 0.553060
1 0.553070
1 0.553350
1 0.553428
2 0.553638
1 0.553812
10 0.554130
1 0.554082
1 0.554135
1 0.554469
1 0.554548
2 0.554630
1 0.554804
1 0.554853
1 0.555119
1 0.555149
2 0.555285
1 0.555423
1 0.555512
1 0.555642
2 0.555783
1 0.555952
1 0.556118
1 0.556175
6 0.556303
6 0.556303
1 0.556514
1 0.556723
1 0.556894
1 0.557041
1 0.557117
1 0.557439
1 0.557764
1 0.557858
1 0.558088
2 0.558237
1 0.558552
1 0.558631
1 0.558831
2 0.558845
2 0.558900
1 0.558912
2 0.558971
6 0.559303
1 0.559621
1 0.559663
1 0.559984
1 0.560922
1 0.561053
1 0.561152
1 0.561292
2 0.561483
1 0.561720
1 0.561875
1 0.562019
1 0.562078
1 0.562115
1 0.562205
1 0.562560
1 0.562610
2 0.562881
2 0.562906
6 0.563270
1 0.563553
1 0.563739
1 0.563826
6 0.563920
6 0.563920
1 0.563983
1 0.564112
1 0.564205
1 0.564300
1 0.564432
1 0.564549
1 0.564592
2 0.564697
1 0.564825
1 0.565120
2 0.565123
1 0.565159
1 0.565227
2 0.565251
1 0.565304
1 0.565358
1 0.565389
1 0.565546
1 0.565675
1 0.565797
1 0.566039
1 0.566237
1 0.566258
1 0.566292
1 0.566354
1 0.566409
1 0.566451
1 0.566924
1 0.567384
2 0.567478
6 0.567860
1 0.567926
1 0.567961
1 0.567995
1 0.568018
1 0.568060
1 0.568182
6 0.568530
1 0.568810
1 0.569308
1 0.569768
1 0.569795
1 0.569960
1 0.569995
1 0.570313
1 0.570393
1 0.570705
1 0.570756
1 0.570863
1 0.570884
1 0.570967
1 0.571055
1 0.571096
1 0.571151
1 0.571343
1 0.571372
6 0.571660
6 0.571660
1 0.571706
1 0.571754
1 0.571754
1 0.571943
2 0.571980
3 0.572147
7 0.572230
7 0.572230
1 0.572247
1 0.572604
2 0.572750
1 0.573335
1 0.573386
1 0.573445
1 0.573982
1 0.574344
1 0.574455
3 0.574578
1 0.574709
2 0.574856
1 0.574954
1 0.575124
1 0.575472
1 0.575600
3 0.575798
2 0.575833
1 0.576086
1 0.576194
1 0.576401
1 0.576459
2 0.576914
1 0.577666
1 0.578006
1 0.578220
2 0.578523
1 0.578626
1 0.578887
1 0.579262
1 0.579552
1 0.579978
2 0.580060
1 0.580564
1 0.580606
1 0.580607
1 0.580737
1 0.580833
1 0.580939
1 0.580958
1 0.581083
1 0.581353
2 0.581529
1 0.581642
1 0.581683
1 0.581767
1 0.581798
2 0.582477
1 0.582825
1 0.582949
1 0.583554
3 0.583555
1 0.583627
1 0.583672
2 0.583707
1 0.583932
1 0.583999
15 0.584200
15 0.584200
2 0.584551
1 0.584654
1 0.584689
2 0.584894
3 0.585038
1 0.585130
1 0.585384
1 0.585477
3 0.585624
1 0.585671
1 0.585770
1 0.586040
1 0.586273
1 0.586398
1 0.586587
1 0.586880
2 0.587165
1 0.587441
1 0.587484
6 0.587730
3 0.587789
1 0.587791
1 0.587942
1 0.588112
1 0.588166
1 0.588291
1 0.588544
2 0.588665
3 0.589354
1 0.589443
1 0.589985
3 0.590031
2 0.590290
1 0.590412
2 0.590446
1 0.590733
1 0.591161
4 0.591260
2 0.591490
1 0.591575
1 0.591789
3 0.592060
3 0.592177
1 0.592943
1 0.593131
3 0.593133
1 0.593181
1 0.593544
1 0.593607
1 0.593630
1 0.593865
4 0.594050
1 0.594263
3 0.595396
1 0.595437
3 0.595527
1 0.595734
2 0.595735
1 0.595834
2 0.596336
1 0.596357
2 0.596410
2 0.596728
3 0.597013
1 0.597054
1 0.597121
3 0.598098
3 0.598267
2 0.598431
25 0.598800
1 0.598861
3 0.599074
2 0.599303
3 0.600120
1 0.600166
1 0.600467
1 0.601388
1 0.601691
1 0.601827
1 0.602103
1 0.602184
1 0.602572
1 0.602872
3 0.603269
3 0.603426
1 0.603437
1 0.603570
1 0.603700
3 0.603823
2 0.604575
3 0.605039
1 0.605575
3 0.605586
1 0.605767
3 0.605804
1 0.606249
1 0.606453
1 0.606716
1 0.608068
1 0.608439
2 0.608580
1 0.608694
7 0.608870
7 0.608870
1 0.609536
1 0.609605
2 0.609665
3 0.609800
1 0.609835
1 0.609997
1 0.610385
1 0.610684
2 0.611501
1 0.612194
2 0.613140
1 0.613831
1 0.613869
1 0.613939
1 0.614135
1 0.614343
1 0.614711
2 0.614943
1 0.614953
2 0.615095
3 0.615169
1 0.615332
1 0.615943
1 0.616107
1 0.616525
1 0.616707
3 0.617145
1 0.617221
1 0.617505
2 0.617687
2 0.618109
1 0.618191
3 0.618697
3 0.618827
1 0.618970
2 0.619026
2 0.619026
1 0.619327
3 0.619650
3 0.619714
1 0.620122
1 0.620203
3 0.620309
3 0.620476
5 0.621020
1 0.621515
1 0.621687
1 0.622100
1 0.622250
1 0.622845
1 0.623095
1 0.623245
1 0.623299
2 0.624010
2 0.624168
1 0.624237
1 0.624804
2 0.624929
1 0.625428
1 0.625556
1 0.625599
1 0.625809
5 0.626010
3 0.626154
2 0.626285
1 0.626686
1 0.627196
1 0.627301
2 0.628169
1 0.628235
1 0.629228
3 0.629624
1 0.629953
1 0.630520
2 0.630706
1 0.631325
1 0.631756
1 0.632444
1 0.633259
2 0.633372
1 0.633708
1 0.633857
1 0.634065
1 0.634590
2 0.635487
1 0.635678
3 0.635957
1 0.636045
1 0.636465
1 0.636612
2 0.637122
10 0.637614
10 0.637627
1 0.638251
2 0.638550
1 0.638748
1 0.639431
1 0.639537
1 0.639547
2 0.639808
1 0.640177
2 0.640638
1 0.641342
2 0.641868
1 0.642171
1 0.642312
1 0.643262
2 0.643446
1 0.643819
2 0.644820
2 0.645816
1 0.646451
1 0.647100
2 0.647565
2 0.647565
1 0.647741
1 0.648366
2 0.648410
2 0.648707
1 0.649678
1 0.649753
1 0.649826
1 0.650073
17 0.650200
1 0.651141
2 0.651303
2 0.651787
1 0.652017
1 0.653574
2 0.654658
1 0.654805
1 0.655349
2 0.656821
1 0.657102
1 0.657604
1 0.657683
1 0.658302
2 0.658622
1 0.659315
1 0.659473
1 0.659569
1 0.659938
7 0.660330
1 0.660985
1 0.661093
3 0.661580
1 0.662685
1 0.662937
1 0.663525
1 0.663558
1 0.663593
1 0.664153
1 0.664170
1 0.664877
1 0.665569
1 0.666528
1 0.666926
1 0.666957
2 0.667376
1 0.667983
2 0.669126
1 0.669815
1 0.670101
2 0.670249
1 0.670542
1 0.670633
1 0.671217
1 0.671429
1 0.671562
1 0.671724
1 0.671807
1 0.672721
2 0.673171
1 0.673393
1 0.673501
1 0.673840
1 0.673984
1 0.674138
1 0.674695
1 0.674782
2 0.674839
2 0.674879
1 0.674882
1 0.675201
1 0.675457
1 0.675533
25 0.675700
1 0.676248
1 0.676294
1 0.677151
1 0.678558
1 0.678873
1 0.679513
1 0.679648
1 0.679800
1 0.680588
1 0.680615
1 0.680873
2 0.681111
1 0.681214
1 0.682225
1 0.682671
1 0.683047
2 0.683090
1 0.683511
1 0.683884
1 0.683891
1 0.684172
1 0.684322
1 0.684457
1 0.684554
1 0.685353
1 0.685673
1 0.685707
1 0.685760
1 0.685914
1 0.686004
1 0.686137
1 0.686218
1 0.686384
1 0.686439
1 0.686621
2 0.687407
2 0.687574
1 0.688253
1 0.688640
1 0.688766
25 0.689700
2 0.689807
1 0.690019
1 0.691342
1 0.691859
2 0.692479
1 0.693493
2 0.693557
1 0.693841
2 0.694680
1 0.694712
1 0.696226
2 0.696823
1 0.697386
1 0.697400
1 0.697885
1 0.698077
11 0.698710
1 0.699045
1 0.699905
1 0.700181
1 0.700255
1 0.700718
1 0.700990
1 0.701083
1 0.701226
2 0.701316
1 0.701692
1 0.701799
1 0.701817
1 0.701832
1 0.702433
1 0.702489
1 0.702600
1 0.702658
1 0.704016
1 0.704071
1 0.704658
19 0.704700
2 0.704993
1 0.705990
15 0.706125
15 0.706200
2 0.706939
1 0.706996
1 0.707035
1 0.707148
1 0.707380
1 0.707476
3 0.708020
1 0.708129
1 0.709233
1 0.709504
1 0.709624
1 0.709736
1 0.710942
1 0.711164
4 0.711310
1 0.711413
1 0.711651
1 0.712008
1 0.712695
1 0.713290
2 0.713309
1 0.713494
1 0.715344
2 0.715713
1 0.716045
1 0.716642
4 0.717340
2 0.717398
1 0.718197
4 0.718600
4 0.718600
1 0.718929
1 0.719113
1 0.719211
4 0.719280
4 0.719280
4 0.719320
4 0.719440
4 0.719480
4 0.719480
1 0.720937
1 0.721582
1 0.722167
2 0.722438
4 0.722480
4 0.722480
2 0.722649
1 0.723069
1 0.725812
1 0.726299
1 0.728684
1 0.728728
2 0.730357
1 0.730857
2 0.730998
1 0.731406
1 0.731848
3 0.731965
3 0.732216
2 0.732272
1 0.732323
1 0.733215
2 0.733224
1 0.734917
1 0.735554
1 0.736197
1 0.736842
2 0.737295
2 0.737849
2 0.739022
1 0.739854
1 0.740290
1 0.740373
1 0.742036
1 0.742071
1 0.742225
1 0.742360
1 0.743259
2 0.743429
1 0.744163
1 0.744507
1 0.744533
1 0.744780
2 0.745459
1 0.745605
1 0.746358
2 0.746444
1 0.746547
1 0.747561
1 0.747844
2 0.748175
1 0.748380
1 0.748399
1 0.748636
1 0.749712
1 0.750059
1 0.750334
1 0.751311
2 0.751790
1 0.754251
1 0.754361
1 0.755318
4 0.755770
4 0.755950
1 0.758424
1 0.758587
1 0.758813
1 0.759040
2 0.761522
2 0.763964
2 0.766741
2 0.768905
4 0.770620
2 0.771384
2 0.772230
1 0.772533
4 0.772790
2 0.773529
2 0.773692
1 0.773979
1 0.775041
4 0.776470
2 0.776682
1 0.778273
1 0.782295
1 0.783437
1 0.784671
1 0.787177
2 0.787641
1 0.788192
11 0.789400
11 0.789411
1 0.791504
3 0.792335
4 0.792720
1 0.793751
1 0.793931
1 0.794328
1 0.794817
2 0.797744
1 0.800114
4 0.802630
2 0.804705
1 0.804826
1 0.807737
2 0.807977
1 0.808740
5 0.813940
2 0.820128
1 0.822267
3 0.823314
3 0.823405
3 0.823771
3 0.823901
3 0.824124
2 0.826164
2 0.830834
1 0.832382
1 0.832934
1 0.833420
5 0.834500
2 0.838953
1 0.839007
2 0.841409
1 0.847073
2 0.848224
2 0.849202
1 0.851641
3 0.856584
2 0.857725
2 0.857758
2 0.860286
1 0.861417
2 0.861932
1 0.866428
1 0.867713
1 0.869101
2 0.871115
2 0.871819
2 0.871819
7 0.873230
2 0.873722
2 0.874147
1 0.875959
1 0.879579
1 0.880704
1 0.882665
2 0.882747
1 0.884085
2 0.886387
1 0.886939
2 0.888806
2 0.889435
2 0.893393
1 0.900203
2 0.903598
2 0.905443
2 0.908591
1 0.909081
1 0.909618
1 0.909618
1 0.910866
1 0.910866
2 0.913613
2 0.913613
2 0.920467
1 0.920634
2 0.922915
2 0.923424
2 0.927011
2 0.935375
2 0.938429
2 0.938739
4 0.939620
1 0.941450
2 0.943922
2 0.946800
2 0.947206
2 0.947353
2 0.949320
2 0.951645
2 0.951645
2 0.955537
2 0.959308
1 0.966163
2 0.967231
2 0.968474
2 0.971385
1 0.980457
1 0.982954
5 0.983800
15 0.993100
2 0.995199
1 0.997716
1 1.000108
5 1.000220
2 1.001663
2 1.004145
1 1.005875
1 1.007776
5 1.008450
6 1.011170
2 1.013009
5 1.021680
1 1.021912
1 1.022120
1 1.023262
1 1.023798
1 1.023798
4 1.024350
1 1.026567
1 1.026747
1 1.031779
1 1.032152
6 1.032430
5 1.035080
5 1.035610
2 1.043540
2 1.046420
2 1.046859
1 1.047252
6 1.047970
5 1.049020
2 1.057480
5 1.067710
2 1.068591
2 1.071129
13 1.074985
4 1.076400
4 1.077790
2 1.079194
2 1.079941
13 1.080095
13 1.080090
2 1.087709
2 1.088987
2 1.091370
1 1.091962
2 1.094431
2 1.095713
4 1.100390
2 1.104659
2 1.106864
6 1.109000
1 1.112285
4 1.113620
2 1.116246
2 1.116298
2 1.116785
1 1.120517
1 1.124006
6 1.126950
2 1.135473
1 1.137719
1 1.142545
1 1.144225
2 1.144999
1 1.152766
4 1.158250
1 1.159676
1 1.161075
1 1.164145
2 1.165828
4 1.168360
1 1.169318
1 1.176749
1 1.178649
4 1.181880
4 1.188160
1 1.188609
1 1.188733
1 1.197633
4 1.202010
4 1.202140
1 1.212775
6 1.233370
6 1.233370
2 1.248884
14 1.249200
14 1.249200
2 1.252481
2 1.257024
2 1.257209
1 1.264217
6 1.267770
6 1.267770
2 1.270694
2 1.277935
2 1.279125
1 1.288328
6 1.289120
2 1.290100
2 1.294623
2 1.298128
2 1.319577
2 1.320915
1 1.321030
2 1.328140
6 1.337510
1 1.342155
6 1.349660
1 1.355609
1 1.356875
1 1.367592
2 1.370561
2 1.372191
1 1.373291
6 1.374970
1 1.376163
1 1.395825
2 1.398897
2 1.405739
1 1.407615
1 1.424014
1 1.428901
1 1.429629
1 1.431260
1 1.440450
1 1.443363
1 1.444623
1 1.451620
1 1.455904
1 1.456993
1 1.459003
2 1.460695
1 1.466100
1 1.483048
2 1.483740
2 1.491321
2 1.496778
1 1.505588
6 1.514210
1 1.521171
2 1.525055
1 1.529876
2 1.533890
1 1.533959
12 1.561000
12 1.561000
1 1.562594
1 1.563624
1 1.572789
1 1.577373
1 1.581745
2 1.599909
2 1.616467
2 1.625609
2 1.643998
1 1.644931
1 1.649119
4 1.662840
2 1.664221
2 1.677334
2 1.700437
2 1.711595
2 1.715301
15 1.739200
2 1.745412
2 1.748898
2 1.785602
2 1.797594
2 1.800508
2 1.802780
2 1.809888
2 1.811886
2 1.811886
2 1.813932
5 1.819000
1 1.886180
8 1.896400
1 1.899219
4 1.907900
1 1.911890
2 1.914106
5 1.917700
5 1.921500
10 1.944700
2 1.952861
4 1.960600
15 1.964600
2 1.967546
1 1.979728
4 1.989700
2 2.002912
2 2.007244
15 2.008000
15 2.008000
2 2.017343
5 2.040200
2 2.046566
5 2.047300
2 2.071930
2 2.085959
4 2.122000
2 2.133351
4 2.188200
2 2.210973
12 2.217800
12 2.217800
1 2.238693
2 2.244255
2 2.256475
1 2.262602
2 2.266690
2 2.370589
2 2.477838
2 2.515380
1 2.622919
7 2.629400
1 2.666649
4 2.714100
4 2.716400
4 2.774000
4 2.806300
4 2.836400
4 2.865200
5 2.893400
2 2.960554
5 3.151600
5 3.271800
13 3.327800
5 3.361600
7 3.384600
16 3.432900
13 3.508800
13 3.508800
2 4.076375
2 4.082003
2 4.115062
6 4.144200
6 4.406500
2 4.434889
14 4.496400
14 4.496400
2 4.607728
2 4.672006
6 4.689600
2 4.889242
14 5.025100
2 5.062427
2 5.340263
8 5.446600
2 5.674040
4 6.013600
11 6.082000
15 6.153000
15 6.153000
7 7.812500
7 9.510200
15 10.471000
15 10.471000
7 11.785500
6 12.310700
6 14.314300
6 14.771000
6 14.952200
2 17.936300
6 19.558001
6 20.893999
2 22.902201
2 24.518600
7 25.653999
6 25.879000
2 25.988199
6 29.299000
2 34.660099
2 35.349098
6 35.637001
2 35.776798
2 43.170601
6 49.091000
2 50.308399
2 51.300499
2 60.127201
13 64.500000
2 87.382004
End Spectral Lines:
