Symbol: Co
Atomic Number: 27
Atomic Mass: 58.933200
Start Spectral Index: 27
1 420
2 223
3 204
4 9
5 55
8 165
9 48
10 22
11 34
12 37
13 70
14 59
15 78
16 110
17 239
18 32
19 61
20 76
21 59
22 71
23 66
24 77
25 61
26 108
27 21
End Spectral Index:
Order of Magnitude: 0.000001
Start Spectral Lines:
27 0.000129
27 0.000132
26 0.000135
26 0.000135
26 0.000138
26 0.000138
27 0.000139
27 0.000139
26 0.000146
26 0.000146
26 0.000164
27 0.000165
26 0.000165
26 0.000165
26 0.000165
27 0.000165
26 0.000166
26 0.000166
26 0.000166
26 0.000166
26 0.000166
26 0.000166
26 0.000166
26 0.000166
26 0.000166
26 0.000166
26 0.000166
26 0.000166
26 0.000166
26 0.000167
26 0.000167
26 0.000167
26 0.000167
26 0.000168
26 0.000171
25 0.000171
26 0.000172
25 0.000172
25 0.000172
25 0.000172
25 0.000172
26 0.000172
25 0.000172
25 0.000172
25 0.000172
25 0.000172
25 0.000172
25 0.000173
25 0.000173
25 0.000173
26 0.000173
25 0.000173
25 0.000173
25 0.000173
25 0.000173
25 0.000173
25 0.000173
25 0.000174
25 0.000175
25 0.000175
27 0.000587
27 0.000594
26 0.000620
26 0.000620
26 0.000630
26 0.000631
26 0.000637
26 0.000642
27 0.000657
25 0.000661
25 0.000661
27 0.000665
25 0.000679
25 0.000681
25 0.000685
25 0.000686
25 0.000688
26 0.000692
26 0.000693
26 0.000703
26 0.000704
26 0.000704
26 0.000704
26 0.000707
26 0.000711
26 0.000711
26 0.000714
26 0.000718
26 0.000720
25 0.000736
25 0.000737
25 0.000758
25 0.000763
25 0.000767
25 0.000767
25 0.000772
27 0.000883
27 0.000897
18 0.000908
18 0.000920
18 0.000921
26 0.000928
18 0.000935
18 0.000937
26 0.000943
26 0.000944
26 0.000944
26 0.000944
18 0.000950
26 0.000956
26 0.000957
26 0.000958
20 0.000960
18 0.000963
20 0.000963
20 0.000966
20 0.000969
20 0.000969
26 0.000969
20 0.000969
20 0.000969
20 0.000969
20 0.000970
26 0.000971
18 0.000974
20 0.000974
18 0.000972
26 0.000978
20 0.000979
25 0.000980
20 0.000982
25 0.000984
20 0.000986
20 0.000986
20 0.000986
20 0.000986
20 0.000986
20 0.000991
20 0.000997
24 0.000997
24 0.000997
24 0.000997
18 0.001001
18 0.001002
24 0.001003
24 0.001005
18 0.001007
24 0.001007
24 0.001007
24 0.001007
24 0.001008
24 0.001012
24 0.001012
24 0.001016
25 0.001016
24 0.001018
24 0.001019
18 0.001018
19 0.001020
18 0.001021
24 0.001026
19 0.001028
19 0.001029
19 0.001029
19 0.001029
25 0.001030
25 0.001032
25 0.001037
19 0.001039
24 0.001039
24 0.001039
19 0.001040
19 0.001040
19 0.001041
19 0.001041
24 0.001042
24 0.001044
24 0.001045
24 0.001045
19 0.001048
19 0.001048
24 0.001050
24 0.001050
25 0.001053
24 0.001054
24 0.001054
24 0.001054
24 0.001055
19 0.001057
24 0.001057
24 0.001058
24 0.001058
24 0.001059
24 0.001059
24 0.001059
24 0.001059
24 0.001064
19 0.001065
24 0.001068
24 0.001067
24 0.001067
19 0.001070
24 0.001070
24 0.001074
24 0.001078
24 0.001077
24 0.001076
19 0.001079
23 0.001080
23 0.001080
24 0.001080
23 0.001080
24 0.001081
24 0.001081
23 0.001083
23 0.001082
23 0.001085
23 0.001087
23 0.001088
23 0.001089
23 0.001090
23 0.001093
24 0.001094
24 0.001093
18 0.001097
23 0.001100
23 0.001105
23 0.001106
23 0.001104
23 0.001110
23 0.001110
18 0.001111
24 0.001114
24 0.001114
18 0.001115
23 0.001109
23 0.001120
18 0.001132
24 0.001143
18 0.001149
19 0.001174
20 0.001188
19 0.001189
19 0.001191
19 0.001195
19 0.001201
19 0.001216
19 0.001216
19 0.001217
19 0.001219
19 0.001221
19 0.001222
19 0.001224
20 0.001224
19 0.001228
20 0.001229
20 0.001228
19 0.001230
20 0.001230
20 0.001232
20 0.001235
20 0.001235
20 0.001235
20 0.001251
20 0.001258
20 0.001253
20 0.001255
20 0.001255
18 0.001261
20 0.001261
18 0.001267
19 0.001283
19 0.001288
19 0.001289
19 0.001294
19 0.001294
19 0.001298
19 0.001308
19 0.001308
19 0.001310
19 0.001312
19 0.001315
19 0.001316
19 0.001319
19 0.001324
20 0.001323
19 0.001325
19 0.001326
19 0.001329
20 0.001331
19 0.001331
20 0.001333
20 0.001332
20 0.001336
20 0.001336
20 0.001337
20 0.001343
20 0.001350
20 0.001351
18 0.001363
20 0.001363
20 0.001363
20 0.001363
20 0.001367
20 0.001366
20 0.001378
20 0.001379
20 0.001383
18 0.001387
18 0.001404
19 0.001404
16 0.001408
19 0.001418
19 0.001430
19 0.001435
19 0.001442
19 0.001453
19 0.001456
19 0.001459
19 0.001479
18 0.001517
18 0.001544
17 0.001555
17 0.001583
27 0.001734
27 0.001750
27 0.001756
26 0.001840
26 0.001843
26 0.001861
26 0.001873
26 0.001888
26 0.001897
25 0.002007
25 0.002024
25 0.002025
25 0.002026
25 0.002044
27 0.002525
27 0.002557
27 0.002567
26 0.002664
26 0.002677
26 0.002701
26 0.002702
26 0.002705
26 0.002705
26 0.002731
26 0.002736
26 0.002752
26 0.002761
26 0.002775
26 0.002776
26 0.002785
26 0.002787
26 0.002789
26 0.002789
17 0.002790
26 0.002791
26 0.002794
25 0.002834
25 0.002849
17 0.002885
17 0.002887
17 0.002896
25 0.002913
17 0.002919
17 0.002917
25 0.002946
25 0.002952
25 0.002987
25 0.003027
17 0.003114
17 0.003138
17 0.003139
17 0.003139
17 0.003223
17 0.003291
17 0.003295
17 0.003295
17 0.003299
17 0.003305
17 0.003551
17 0.003562
17 0.003566
17 0.003571
17 0.003571
17 0.003592
17 0.003594
17 0.003642
17 0.003645
17 0.003647
16 0.003707
16 0.003716
16 0.003740
17 0.003741
17 0.003777
16 0.003884
17 0.004141
17 0.004147
17 0.004147
17 0.004246
17 0.004249
17 0.004328
17 0.004335
17 0.004337
16 0.004425
18 0.004487
18 0.004496
17 0.004532
18 0.004535
18 0.004545
18 0.004545
17 0.004553
18 0.004564
16 0.004643
16 0.004652
17 0.004706
16 0.004748
17 0.004761
17 0.004763
17 0.004856
17 0.004913
17 0.004917
16 0.004981
16 0.004996
16 0.004998
16 0.005036
16 0.005039
16 0.005094
16 0.005101
16 0.005124
16 0.005129
17 0.005230
15 0.005258
17 0.005300
16 0.005304
15 0.005317
17 0.005329
14 0.005510
14 0.005542
14 0.005543
14 0.005576
14 0.005578
14 0.005602
17 0.005602
14 0.005611
16 0.005687
17 0.005683
14 0.005690
26 0.005811
16 0.005811
16 0.005838
26 0.005847
17 0.005884
17 0.005895
16 0.005898
17 0.005897
13 0.005952
16 0.005961
26 0.005968
13 0.005988
17 0.005993
17 0.005995
13 0.005999
13 0.006010
26 0.006032
26 0.006041
16 0.006101
16 0.006101
17 0.006116
16 0.006120
17 0.006122
17 0.006130
17 0.006136
16 0.006161
16 0.006189
16 0.006191
16 0.006199
16 0.006212
16 0.006212
10 0.006233
16 0.006232
16 0.006241
16 0.006290
16 0.006280
10 0.006302
16 0.006301
25 0.006307
12 0.006349
12 0.006360
12 0.006370
25 0.006371
12 0.006380
25 0.006384
17 0.006401
15 0.006411
15 0.006418
17 0.006443
17 0.006447
15 0.006424
16 0.006452
16 0.006479
16 0.006479
17 0.006487
17 0.006489
14 0.006558
14 0.006571
14 0.006605
11 0.006619
14 0.006620
11 0.006649
15 0.006681
15 0.006691
14 0.006707
17 0.006728
17 0.006745
17 0.006774
11 0.006799
14 0.006881
14 0.006902
13 0.006992
17 0.007010
17 0.007012
13 0.007069
14 0.007070
9 0.007093
9 0.007105
17 0.007117
17 0.007125
17 0.007126
10 0.007149
14 0.007150
17 0.007180
13 0.007182
13 0.007201
9 0.007205
9 0.007218
17 0.007223
17 0.007227
10 0.007245
13 0.007258
13 0.007268
14 0.007340
17 0.007357
13 0.007358
13 0.007366
9 0.007368
17 0.007377
9 0.007380
13 0.007386
13 0.007403
20 0.007410
14 0.007439
13 0.007438
17 0.007472
22 0.007512
17 0.007528
17 0.007530
17 0.007531
17 0.007531
21 0.007587
17 0.007588
17 0.007588
21 0.007590
9 0.007616
9 0.007630
17 0.007638
17 0.007695
17 0.007698
21 0.007729
21 0.007769
21 0.007871
17 0.007889
21 0.007890
22 0.007898
20 0.007901
12 0.007921
12 0.007931
17 0.007953
17 0.007957
12 0.008014
12 0.008019
23 0.008022
9 0.008039
20 0.008051
9 0.008054
23 0.008061
11 0.008151
22 0.008206
22 0.008209
20 0.008248
11 0.008252
11 0.008276
11 0.008319
22 0.008370
11 0.008386
21 0.008403
11 0.008404
23 0.008431
11 0.008468
11 0.008472
21 0.008540
17 0.008541
22 0.008543
17 0.008553
17 0.008553
21 0.008574
20 0.008619
21 0.008666
17 0.008678
17 0.008681
11 0.008687
17 0.008690
17 0.008693
11 0.008695
11 0.008727
11 0.008735
11 0.008749
11 0.008778
11 0.008807
11 0.008820
19 0.008835
9 0.008844
11 0.008852
9 0.008863
21 0.008877
10 0.008899
22 0.008917
21 0.008925
11 0.008931
17 0.009007
17 0.009012
17 0.009020
22 0.009021
21 0.009031
10 0.009047
17 0.009051
17 0.009056
21 0.009178
17 0.009205
17 0.009208
17 0.009210
22 0.009262
21 0.009300
22 0.009300
22 0.009302
22 0.009312
23 0.009390
10 0.009443
10 0.009452
10 0.009469
10 0.009479
23 0.009481
20 0.009494
10 0.009511
23 0.009516
17 0.009581
9 0.009585
10 0.009605
9 0.009608
9 0.009608
10 0.009622
10 0.009630
9 0.009630
21 0.009636
9 0.009654
22 0.009688
22 0.009693
10 0.009712
22 0.009716
9 0.009735
10 0.009758
9 0.009759
23 0.009767
17 0.009770
22 0.009776
17 0.009778
9 0.009785
10 0.009792
22 0.009807
10 0.009826
19 0.009902
9 0.009904
9 0.009928
10 0.009960
20 0.009989
9 0.009992
22 0.010014
9 0.010021
9 0.010064
9 0.010086
9 0.010111
21 0.010130
23 0.010131
20 0.010139
9 0.010141
20 0.010188
8 0.010190
8 0.010191
21 0.010192
8 0.010203
8 0.010209
8 0.010225
8 0.010237
8 0.010244
8 0.010247
20 0.010316
8 0.010370
23 0.010380
8 0.010381
21 0.010391
21 0.010412
8 0.010418
8 0.010418
21 0.010413
23 0.010445
8 0.010480
17 0.010512
8 0.010560
17 0.010565
22 0.010569
20 0.010572
21 0.010623
22 0.010623
17 0.010650
21 0.010676
22 0.010749
21 0.010757
22 0.010758
17 0.010762
17 0.010765
23 0.010791
23 0.010792
23 0.010803
22 0.010818
9 0.010839
9 0.010867
22 0.010884
20 0.010914
22 0.010914
23 0.010970
21 0.011004
22 0.011014
23 0.011023
17 0.011041
21 0.011071
23 0.011071
22 0.011147
10 0.011154
17 0.011155
17 0.011165
24 0.011232
22 0.011253
23 0.011317
22 0.011324
22 0.011337
21 0.011370
21 0.011376
22 0.011393
20 0.011440
22 0.011536
22 0.011622
22 0.011698
22 0.011831
23 0.011868
23 0.011912
22 0.011955
17 0.011986
22 0.011993
21 0.012091
17 0.012133
17 0.012202
8 0.012227
8 0.012232
8 0.012247
8 0.012249
8 0.012258
8 0.012296
8 0.012302
8 0.012305
8 0.012317
8 0.012324
8 0.012331
8 0.012349
8 0.012375
8 0.012465
21 0.012467
8 0.012480
8 0.012483
8 0.012487
8 0.012488
8 0.012507
21 0.012515
24 0.012515
8 0.012516
8 0.012516
8 0.012527
8 0.012534
8 0.012535
8 0.012535
8 0.012557
8 0.012582
20 0.012622
23 0.012682
8 0.012791
17 0.012798
17 0.012816
17 0.012816
17 0.012820
17 0.012822
24 0.012812
23 0.012837
8 0.012840
17 0.012967
21 0.013001
23 0.013006
23 0.013090
21 0.013109
17 0.013139
21 0.013224
22 0.013246
22 0.013264
8 0.013276
21 0.013307
17 0.013346
17 0.013360
21 0.013364
17 0.013373
17 0.013388
8 0.013399
22 0.013413
22 0.013457
24 0.013524
22 0.013542
23 0.013612
17 0.013648
22 0.013649
21 0.013652
22 0.013656
22 0.013675
17 0.013736
17 0.013736
24 0.013773
17 0.013814
17 0.013860
17 0.013885
17 0.013893
17 0.013907
17 0.013943
22 0.013950
17 0.013951
17 0.013964
17 0.013970
17 0.013977
24 0.013980
17 0.013983
23 0.014205
22 0.014326
23 0.014330
22 0.014376
22 0.014387
23 0.014388
24 0.014483
20 0.014492
21 0.014535
17 0.014635
22 0.014640
17 0.014649
17 0.014652
23 0.014686
23 0.014709
17 0.014769
17 0.014803
17 0.014872
8 0.014971
23 0.014988
8 0.015070
8 0.015096
8 0.015194
8 0.015220
17 0.015230
17 0.015249
17 0.015249
8 0.015253
8 0.015260
8 0.015260
9 0.015273
8 0.015290
8 0.015301
22 0.015305
9 0.015331
21 0.015337
9 0.015380
8 0.015392
23 0.015403
17 0.015485
17 0.015494
9 0.015494
17 0.015504
9 0.015508
17 0.015513
9 0.015553
9 0.015567
8 0.015696
8 0.015727
21 0.015740
8 0.015741
8 0.015768
8 0.015777
8 0.015799
8 0.015806
11 0.015829
8 0.015878
10 0.015887
9 0.015895
24 0.015900
9 0.015958
9 0.015997
17 0.016044
17 0.016044
17 0.016051
17 0.016051
21 0.016051
23 0.016096
8 0.016147
8 0.016173
8 0.016192
8 0.016210
8 0.016234
11 0.016256
8 0.016256
8 0.016271
17 0.016286
11 0.016300
17 0.016327
17 0.016328
11 0.016332
17 0.016335
14 0.016335
17 0.016337
17 0.016364
17 0.016381
21 0.016461
23 0.016470
8 0.016473
17 0.016490
11 0.016491
8 0.016519
24 0.016575
12 0.016586
8 0.016626
8 0.016702
8 0.016716
8 0.016774
8 0.016808
13 0.016829
11 0.016832
12 0.016834
12 0.016868
8 0.016893
12 0.016904
8 0.016905
8 0.016920
8 0.016954
8 0.016971
8 0.016982
12 0.016991
22 0.017010
22 0.017016
8 0.017017
12 0.017033
11 0.017034
8 0.017059
9 0.017069
8 0.017110
8 0.017146
22 0.017149
23 0.017150
8 0.017152
11 0.017167
22 0.017179
9 0.017219
12 0.017233
8 0.017241
12 0.017241
24 0.017242
8 0.017277
8 0.017278
9 0.017292
8 0.017337
8 0.017357
8 0.017374
13 0.017384
14 0.017402
13 0.017482
12 0.017544
13 0.017569
13 0.017577
11 0.017758
25 0.017822
13 0.017899
8 0.017908
8 0.017915
13 0.017960
8 0.017972
8 0.017995
22 0.018036
8 0.018041
12 0.018048
13 0.018089
22 0.018115
26 0.018124
13 0.018164
23 0.018174
8 0.018179
16 0.018204
13 0.018209
8 0.018236
13 0.018251
8 0.018269
8 0.018284
8 0.018308
8 0.018327
13 0.018383
8 0.018369
8 0.018394
13 0.018411
8 0.018420
8 0.018427
8 0.018426
8 0.018438
14 0.018440
8 0.018482
8 0.018486
22 0.018503
8 0.018504
13 0.018539
8 0.018546
17 0.018570
8 0.018583
17 0.018590
16 0.018648
14 0.018679
8 0.018710
8 0.018738
14 0.018794
8 0.018791
8 0.018805
8 0.018817
8 0.018824
8 0.018834
13 0.018841
14 0.018860
8 0.018867
13 0.018890
8 0.018902
8 0.018924
8 0.019032
8 0.019058
8 0.019057
14 0.019063
14 0.019078
14 0.019081
8 0.019128
8 0.019165
8 0.019176
14 0.019188
21 0.019212
8 0.019235
8 0.019261
13 0.019479
13 0.019487
14 0.019568
14 0.019624
22 0.019659
14 0.019701
15 0.019753
13 0.019762
13 0.019815
13 0.019832
15 0.019845
13 0.019873
15 0.019956
9 0.020010
17 0.020060
17 0.020060
13 0.020072
14 0.020087
10 0.020089
9 0.020109
17 0.020180
17 0.020260
17 0.020260
15 0.020308
14 0.020339
15 0.020347
15 0.020361
24 0.020405
15 0.020440
15 0.020523
15 0.020537
15 0.020584
16 0.020670
15 0.020691
9 0.020718
15 0.020747
14 0.020783
15 0.020803
17 0.020850
13 0.020949
15 0.020962
15 0.020986
16 0.021024
17 0.021040
17 0.021060
15 0.021086
16 0.021158
15 0.021183
15 0.021186
16 0.021279
9 0.021290
16 0.021339
13 0.021338
9 0.021357
16 0.021512
13 0.021519
15 0.021600
16 0.021612
16 0.021638
16 0.021659
16 0.021672
23 0.021825
16 0.021851
16 0.021991
16 0.022044
15 0.022070
16 0.022093
16 0.022108
16 0.022139
16 0.022162
16 0.022171
15 0.022204
16 0.022393
15 0.022400
14 0.022411
16 0.022474
15 0.022509
22 0.022539
16 0.022639
16 0.022677
16 0.022700
16 0.022719
17 0.022720
21 0.022725
16 0.022796
16 0.022827
16 0.022904
24 0.022941
23 0.022962
23 0.022963
17 0.022970
14 0.023027
17 0.023120
23 0.023172
15 0.023260
15 0.023380
15 0.023439
17 0.023492
24 0.023521
16 0.023596
14 0.023610
17 0.023680
17 0.023720
17 0.023720
23 0.023731
23 0.023783
22 0.023905
14 0.023931
15 0.023939
16 0.024069
16 0.024085
16 0.024117
15 0.024167
25 0.024423
15 0.024427
15 0.024448
15 0.024655
16 0.024720
26 0.024751
17 0.024752
17 0.024760
15 0.024774
17 0.024780
17 0.024810
17 0.024830
24 0.024980
24 0.024980
17 0.024982
16 0.025023
24 0.025080
15 0.025192
22 0.025243
22 0.025271
15 0.025324
15 0.025333
15 0.025511
15 0.025579
15 0.025582
15 0.025585
16 0.025686
17 0.025710
17 0.025710
17 0.025730
17 0.025730
15 0.026224
13 0.026340
15 0.026472
16 0.026573
15 0.026599
15 0.026642
15 0.026841
15 0.026969
17 0.026980
17 0.027010
17 0.027010
15 0.027038
16 0.027108
15 0.027111
13 0.027118
15 0.027127
16 0.027144
15 0.027186
15 0.027215
15 0.027239
15 0.027286
15 0.027310
15 0.027375
17 0.027470
17 0.027530
15 0.027536
17 0.027690
23 0.027779
15 0.027797
21 0.027855
16 0.028190
16 0.028444
15 0.028533
16 0.028579
12 0.028662
15 0.028716
15 0.028751
16 0.028758
15 0.028919
16 0.029172
16 0.029344
16 0.029372
16 0.029419
16 0.029458
24 0.029490
15 0.029552
16 0.029618
14 0.029668
16 0.029804
16 0.029830
14 0.029841
16 0.029842
17 0.030240
16 0.030266
17 0.030270
16 0.030292
17 0.030510
16 0.030730
22 0.030789
13 0.030807
16 0.030860
15 0.030985
16 0.030985
16 0.031032
16 0.031033
13 0.031069
17 0.031258
13 0.031390
12 0.031420
13 0.031662
11 0.031883
13 0.032040
15 0.032356
13 0.032570
12 0.032611
15 0.033022
12 0.033061
15 0.033181
12 0.033201
12 0.033268
15 0.033360
14 0.033420
15 0.033474
15 0.033483
15 0.033748
17 0.033840
13 0.033880
17 0.033952
11 0.033980
17 0.034180
17 0.034180
23 0.034215
14 0.034221
12 0.034388
24 0.034465
24 0.034503
16 0.034600
14 0.034667
23 0.034734
13 0.034956
26 0.035012
14 0.035407
5 0.035552
5 0.035588
5 0.035606
21 0.035681
13 0.035704
13 0.036054
16 0.036122
17 0.036271
16 0.036398
17 0.036478
23 0.036523
16 0.037589
26 0.037719
16 0.037776
16 0.038076
14 0.038485
16 0.039047
20 0.039090
16 0.040216
26 0.040930
17 0.041270
17 0.041340
17 0.041340
17 0.041410
17 0.042680
17 0.042680
17 0.042680
17 0.042680
17 0.044805
16 0.044940
17 0.046781
17 0.046924
21 0.047179
24 0.049261
16 0.049655
24 0.050048
27 0.051504
21 0.052211
22 0.052331
20 0.052829
20 0.052829
20 0.057491
21 0.059701
21 0.059701
4 0.060679
4 0.060759
4 0.060824
4 0.060916
4 0.060921
4 0.060928
4 0.061004
4 0.061025
4 0.061079
17 0.063620
25 0.065937
24 0.066287
17 0.067260
17 0.067980
21 0.067990
22 0.069614
22 0.069614
23 0.071790
23 0.071790
17 0.073910
17 0.074350
22 0.074822
21 0.075086
21 0.075086
21 0.078419
21 0.078419
17 0.078720
19 0.081990
19 0.081990
17 0.085510
24 0.090510
17 0.091490
20 0.093101
20 0.093101
17 0.095330
17 0.095600
5 0.100686
5 0.100751
5 0.100902
5 0.101094
5 0.101380
5 0.101743
5 0.101836
5 0.102114
5 0.102808
22 0.110220
14 0.112300
12 0.112510
21 0.112700
13 0.113420
24 0.114740
26 0.117800
20 0.119200
20 0.122140
5 0.122631
5 0.122819
5 0.123173
5 0.123455
5 0.123695
5 0.123985
5 0.124691
13 0.125850
5 0.125861
5 0.126328
2 0.126593
21 0.127000
5 0.127070
2 0.127194
5 0.127223
5 0.127552
2 0.127690
5 0.127701
14 0.127710
5 0.128163
5 0.128400
5 0.128695
2 0.129397
2 0.129553
5 0.129555
2 0.129586
5 0.129587
2 0.129710
2 0.129958
5 0.130112
2 0.130239
2 0.130676
2 0.130695
2 0.131112
2 0.131186
2 0.131542
2 0.131609
2 0.131819
2 0.131860
2 0.131984
5 0.134567
8 0.134686
5 0.135122
5 0.135342
5 0.135520
5 0.135767
5 0.136132
5 0.136246
5 0.136417
5 0.136824
12 0.136870
5 0.136930
5 0.137101
5 0.137309
5 0.137520
5 0.137812
26 0.137900
5 0.137905
5 0.138021
5 0.138911
2 0.140933
5 0.145977
2 0.146621
5 0.146898
2 0.147187
2 0.147290
2 0.147581
5 0.147665
5 0.148262
5 0.148291
2 0.148426
5 0.148602
2 0.148650
5 0.148873
2 0.150923
2 0.159054
2 0.159577
2 0.159930
17 0.163400
2 0.169334
27 0.169520
3 0.169601
3 0.169799
3 0.170279
2 0.170605
3 0.170735
3 0.170795
17 0.171500
17 0.171500
2 0.172301
3 0.172397
27 0.174000
2 0.174055
2 0.174339
3 0.174567
2 0.175421
3 0.175598
3 0.176035
3 0.176996
3 0.177322
3 0.177442
3 0.177714
3 0.178005
3 0.178297
3 0.178406
3 0.178708
3 0.178907
3 0.179026
3 0.179806
3 0.180554
2 0.180801
3 0.181147
3 0.182126
3 0.182169
3 0.182177
3 0.182308
3 0.182536
3 0.182595
3 0.183009
8 0.183070
3 0.183144
3 0.183192
3 0.183220
3 0.183500
2 0.183756
3 0.183763
2 0.183937
1 0.184234
3 0.184616
1 0.184789
1 0.185271
3 0.185292
3 0.185439
3 0.185476
1 0.185505
3 0.186178
3 0.186383
3 0.186419
3 0.187187
1 0.187828
3 0.188170
3 0.189537
2 0.191762
3 0.191912
3 0.192857
1 0.193658
3 0.194015
8 0.194520
1 0.194679
2 0.195009
1 0.195190
3 0.195394
1 0.195422
1 0.195517
2 0.195742
1 0.195855
3 0.195941
1 0.196159
1 0.196869
1 0.196893
1 0.197071
1 0.197116
1 0.197252
1 0.197385
1 0.197697
1 0.198089
3 0.198960
1 0.198980
1 0.199034
8 0.199230
1 0.199849
2 0.200144
3 0.200174
1 0.200297
1 0.200869
2 0.201216
3 0.201227
13 0.201300
13 0.201300
3 0.201453
1 0.201523
1 0.201682
2 0.202300
2 0.202641
2 0.202769
3 0.203246
1 0.203261
2 0.203723
1 0.204061
1 0.204177
24 0.204290
2 0.204983
3 0.205377
3 0.205687
2 0.205948
3 0.206283
2 0.206444
2 0.206620
26 0.207100
1 0.207842
3 0.208040
1 0.208633
1 0.208821
3 0.208924
1 0.209001
3 0.209117
1 0.209407
1 0.209553
1 0.209644
1 0.209818
3 0.209830
22 0.210500
22 0.210500
1 0.210540
1 0.210747
1 0.210965
2 0.211211
1 0.211835
2 0.212946
3 0.213482
1 0.213845
12 0.213900
1 0.213964
1 0.216371
2 0.216512
2 0.217401
1 0.217528
14 0.217800
2 0.218267
2 0.218769
2 0.219136
2 0.219319
2 0.219429
2 0.220109
2 0.220364
13 0.224600
13 0.224600
21 0.224800
21 0.224800
2 0.225743
2 0.226070
2 0.228422
2 0.228686
1 0.228851
13 0.229100
13 0.229100
2 0.229269
2 0.229409
1 0.229594
2 0.230211
2 0.230856
1 0.230972
2 0.231231
2 0.231476
2 0.231568
2 0.231777
14 0.231900
14 0.231900
1 0.232385
2 0.232502
1 0.232625
2 0.232682
2 0.232718
2 0.233107
1 0.233671
1 0.233939
2 0.234499
2 0.234811
1 0.235357
2 0.235413
1 0.235411
1 0.235620
1 0.235890
2 0.236452
1 0.236578
1 0.237257
12 0.237400
12 0.237400
2 0.237591
2 0.237935
1 0.238121
2 0.238249
2 0.238418
1 0.238559
2 0.238709
2 0.238965
2 0.239027
1 0.239276
2 0.239463
2 0.239811
1 0.240279
2 0.240490
1 0.240798
1 0.241235
1 0.241349
2 0.241480
1 0.241519
1 0.241603
2 0.241838
1 0.242567
2 0.242903
1 0.242996
1 0.243295
1 0.243656
1 0.243740
2 0.243772
1 0.243978
2 0.244337
2 0.244677
2 0.244843
2 0.244990
2 0.245074
3 0.245290
1 0.246155
2 0.246495
1 0.246843
1 0.247101
1 0.247738
2 0.248719
2 0.249957
1 0.250527
2 0.250722
1 0.250764
1 0.251177
2 0.251192
1 0.251863
2 0.252058
1 0.252212
2 0.252541
2 0.252573
2 0.252938
1 0.252973
2 0.253085
1 0.253089
1 0.253294
2 0.253458
1 0.253672
1 0.253726
2 0.254270
1 0.254501
2 0.254750
1 0.254910
1 0.255414
1 0.255584
2 0.256018
2 0.256080
1 0.256291
2 0.256481
1 0.256812
1 0.257512
2 0.258109
2 0.258299
2 0.258799
2 0.258829
2 0.258968
13 0.259900
13 0.259900
2 0.260649
2 0.261328
2 0.261514
2 0.262955
2 0.263304
2 0.263686
1 0.264721
1 0.264943
2 0.265451
2 0.266432
2 0.266752
2 0.267665
3 0.267978
3 0.267978
2 0.268522
1 0.268613
2 0.269548
1 0.269665
3 0.270117
2 0.270282
2 0.270742
2 0.270815
1 0.271679
2 0.272859
2 0.273535
3 0.274158
3 0.274158
1 0.274591
2 0.275403
3 0.276398
3 0.276398
1 0.276501
2 0.276752
2 0.277579
26 0.277800
3 0.278822
3 0.278822
2 0.279182
13 0.279300
13 0.279300
2 0.279455
24 0.280980
3 0.281138
3 0.281138
2 0.281168
3 0.281258
1 0.281639
3 0.282090
26 0.282500
2 0.282607
2 0.283578
2 0.283646
3 0.284461
3 0.284461
2 0.284819
1 0.286344
2 0.287206
1 0.288729
3 0.288916
2 0.291923
1 0.292967
2 0.293110
3 0.293413
2 0.295559
3 0.297888
1 0.298803
1 0.299046
3 0.299276
1 0.300142
2 0.300974
3 0.301180
26 0.301200
1 0.301447
1 0.301842
2 0.302347
1 0.303531
2 0.303601
26 0.304000
1 0.304336
1 0.304489
1 0.304977
1 0.305501
1 0.305560
1 0.306271
1 0.306308
1 0.306525
1 0.307285
1 0.307323
1 0.308351
1 0.308767
14 0.308800
14 0.308800
8 0.309020
1 0.309049
1 0.309909
1 0.310683
1 0.311172
3 0.311758
1 0.311915
1 0.311954
1 0.312232
1 0.312246
1 0.312815
1 0.312991
1 0.313312
1 0.313763
1 0.313823
1 0.314085
1 0.314797
1 0.315022
3 0.315231
1 0.315921
1 0.315968
3 0.318156
1 0.318726
1 0.319067
1 0.319221
1 0.319408
1 0.319959
1 0.320024
1 0.320395
1 0.322008
1 0.322408
1 0.322868
3 0.323304
8 0.323310
1 0.323795
3 0.325018
1 0.325094
3 0.326062
3 0.327017
26 0.327900
1 0.328253
3 0.328863
3 0.330633
1 0.333813
2 0.335376
1 0.335534
13 0.335900
1 0.336808
1 0.337129
1 0.338619
2 0.338867
1 0.338914
1 0.339635
1 0.340610
1 0.341016
1 0.341062
1 0.341332
1 0.341361
1 0.341449
1 0.341570
1 0.341650
2 0.341675
1 0.341814
1 0.341877
8 0.342280
8 0.342280
2 0.342482
1 0.343256
1 0.343402
1 0.344391
1 0.344463
2 0.344738
1 0.345016
1 0.345043
3 0.345224
1 0.345449
1 0.345622
1 0.345791
1 0.346171
1 0.346379
1 0.346678
1 0.347497
1 0.347502
1 0.347552
1 0.348441
1 0.348479
1 0.349040
1 0.349174
1 0.349232
1 0.349669
1 0.349768
2 0.349833
2 0.350272
1 0.350328
1 0.350362
1 0.350732
2 0.350877
1 0.351084
1 0.351142
1 0.351364
1 0.351448
2 0.351524
2 0.351851
1 0.351936
1 0.352109
1 0.352258
1 0.352444
2 0.352452
3 0.352725
1 0.352786
1 0.353004
1 0.353082
1 0.353437
2 0.353693
1 0.354398
2 0.354604
1 0.355160
1 0.355373
2 0.355695
1 0.356191
2 0.356209
1 0.356597
2 0.356800
1 0.357039
2 0.357597
1 0.357598
2 0.357634
1 0.357638
2 0.357898
1 0.358581
1 0.358618
1 0.358821
1 0.359590
1 0.360311
1 0.360640
1 0.360934
1 0.361904
2 0.362225
1 0.362599
1 0.362884
1 0.363242
3 0.363525
3 0.363735
2 0.364465
1 0.364870
1 0.365358
2 0.365779
1 0.365800
3 0.366856
3 0.367828
1 0.367904
3 0.368179
2 0.368240
2 0.369637
1 0.370511
2 0.371579
1 0.374656
2 0.375576
3 0.376357
3 0.378334
12 0.380200
12 0.380215
1 0.380918
1 0.381214
1 0.384254
1 0.384314
1 0.384656
1 0.385204
1 0.386225
1 0.387422
1 0.387506
1 0.388297
1 0.388570
1 0.388637
1 0.389518
1 0.389608
1 0.390739
1 0.391103
2 0.391251
1 0.392386
1 0.393503
17 0.393685
1 0.393708
1 0.394201
1 0.394284
1 0.394644
1 0.395344
1 0.395403
1 0.395905
2 0.396422
1 0.396612
1 0.396635
1 0.397585
2 0.397786
1 0.397977
1 0.398064
2 0.398415
1 0.398824
12 0.399200
1 0.399281
1 0.399566
1 0.399644
1 0.399904
1 0.399968
1 0.402204
2 0.403728
2 0.403851
2 0.404116
1 0.404653
2 0.405137
2 0.405354
1 0.405933
2 0.406388
26 0.406500
2 0.406565
1 0.406751
2 0.407549
1 0.407727
1 0.408374
1 0.409354
2 0.409773
1 0.411169
1 0.411993
1 0.412248
2 0.413205
1 0.413331
2 0.414630
1 0.415160
8 0.415720
8 0.415720
2 0.416184
1 0.418188
2 0.418231
1 0.419189
2 0.420980
1 0.422496
1 0.424200
2 0.424544
20 0.425000
1 0.426106
3 0.426725
3 0.426725
1 0.427162
2 0.427353
3 0.427431
2 0.428946
1 0.431065
2 0.433008
3 0.433674
15 0.435190
15 0.435300
1 0.436065
8 0.437840
8 0.437840
2 0.438549
3 0.438875
3 0.438875
14 0.439000
2 0.439818
3 0.440135
3 0.440135
2 0.441515
8 0.441980
8 0.441980
3 0.442613
3 0.442613
1 0.443767
1 0.445203
3 0.447027
3 0.447027
1 0.447081
8 0.448350
2 0.448376
1 0.448576
2 0.449038
1 0.449155
2 0.449870
3 0.450093
3 0.450093
2 0.450180
2 0.451792
3 0.452190
3 0.452190
1 0.452778
1 0.453223
2 0.453449
2 0.453922
3 0.454896
1 0.455094
1 0.455175
1 0.455461
2 0.456057
1 0.456687
3 0.456865
2 0.457054
3 0.457057
1 0.457622
1 0.458142
1 0.458288
3 0.458314
3 0.458314
26 0.458700
2 0.461759
1 0.462061
3 0.462803
3 0.462803
1 0.463068
3 0.463118
3 0.463118
2 0.466196
1 0.466472
8 0.467090
1 0.468716
1 0.470049
3 0.471485
3 0.471876
3 0.471876
8 0.478210
1 0.478277
1 0.478390
1 0.479420
2 0.483251
1 0.484162
1 0.486924
3 0.491668
3 0.491668
1 0.492165
1 0.493425
2 0.496557
2 0.497144
3 0.498917
2 0.499186
2 0.499737
1 0.503543
1 0.503633
8 0.509580
8 0.509580
1 0.509636
1 0.511464
3 0.511502
3 0.511502
3 0.513684
1 0.514759
1 0.514818
1 0.515121
1 0.516658
3 0.516697
11 0.516930
11 0.516930
1 0.517752
3 0.519351
3 0.519351
1 0.521415
1 0.523167
1 0.523666
3 0.524887
3 0.524887
1 0.524938
1 0.526725
1 0.526777
1 0.526796
1 0.526999
1 0.528211
1 0.528902
1 0.530252
1 0.533293
1 0.533413
1 0.533463
3 0.533515
3 0.533515
1 0.534420
1 0.534488
1 0.535354
1 0.535497
1 0.537108
1 0.538260
26 0.543500
3 0.545611
3 0.545611
1 0.547082
1 0.547803
1 0.547860
1 0.548486
1 0.548548
8 0.549630
8 0.549630
1 0.553231
1 0.559227
3 0.562870
1 0.564880
1 0.569014
3 0.584060
12 0.585900
1 0.587970
1 0.588504
3 0.589010
1 0.589212
3 0.590840
1 0.591719
1 0.593702
3 0.594310
3 0.594310
1 0.598574
1 0.599354
1 0.600668
1 0.605991
8 0.606800
1 0.608411
1 0.609483
1 0.611869
3 0.612940
1 0.613079
1 0.618272
1 0.619071
3 0.619720
3 0.621020
1 0.623272
1 0.624810
1 0.625124
1 0.628438
12 0.632100
12 0.632100
1 0.635451
1 0.638843
1 0.641955
1 0.643169
1 0.643207
1 0.644645
26 0.645200
1 0.645202
1 0.645287
1 0.645677
1 0.649213
1 0.651058
1 0.656522
3 0.657810
26 0.662300
1 0.662520
1 0.663427
1 0.664022
1 0.664586
1 0.665414
1 0.668064
1 0.677290
1 0.678668
1 0.681084
1 0.681682
3 0.685110
3 0.685540
1 0.687430
3 0.696340
3 0.696340
3 0.696370
3 0.701370
3 0.701370
1 0.701856
1 0.705482
1 0.705600
1 0.708694
1 0.710833
3 0.715470
3 0.715470
1 0.715664
3 0.716220
3 0.716220
3 0.717130
3 0.720350
3 0.720350
3 0.727240
3 0.727240
1 0.735661
3 0.736010
3 0.737380
3 0.737380
1 0.739073
1 0.741941
3 0.749900
3 0.749900
1 0.759267
1 0.761237
3 0.764540
1 0.771479
1 0.774534
3 0.782220
3 0.782220
1 0.784029
8 0.785180
1 0.791089
1 0.798958
1 0.800947
1 0.809618
14 0.831200
1 0.837512
1 0.857771
1 0.882157
1 0.883763
1 0.892869
14 0.930300
14 0.930300
1 0.935957
3 1.106820
3 1.135250
13 1.148100
13 1.148100
3 1.186880
8 1.204100
3 1.272770
3 1.310510
3 1.548780
13 1.655700
13 1.655700
3 1.741350
3 1.764260
3 1.821400
3 1.958000
3 2.002800
3 2.097900
8 2.256800
3 2.281300
3 2.474100
14 2.659000
14 2.659000
17 2.696900
3 3.013600
8 3.110400
3 3.491700
8 5.834000
8 6.993000
12 8.000000
8 8.223000
3 8.489000
3 11.887800
3 12.680700
3 13.819800
3 14.005600
3 16.390800
8 18.690001
3 24.066999
3 26.096001
3 33.840000
3 44.188999
End Spectral Lines:
