Symbol: Ni
Atomic Number: 28
Atomic Mass: 58.693000
Start Spectral Index: 28
1 576
2 249
3 128
4 216
5 63
7 24
9 38
10 41
11 27
12 26
13 34
14 58
15 54
16 125
17 117
18 261
19 59
20 73
21 60
22 59
23 71
24 48
25 60
26 63
27 108
28 21
End Spectral Index:
Order of Magnitude: 0.000001
Start Spectral Lines:
28 0.000120
28 0.000123
27 0.000125
27 0.000125
27 0.000128
27 0.000128
28 0.000129
28 0.000129
26 0.000130
27 0.000135
27 0.000135
26 0.000137
27 0.000153
28 0.000153
27 0.000153
27 0.000153
27 0.000153
28 0.000154
27 0.000154
27 0.000154
27 0.000154
27 0.000154
27 0.000154
27 0.000154
27 0.000154
27 0.000154
27 0.000154
27 0.000154
27 0.000154
27 0.000154
27 0.000155
27 0.000155
27 0.000155
27 0.000155
27 0.000155
27 0.000156
27 0.000159
26 0.000159
27 0.000159
26 0.000159
26 0.000159
26 0.000159
26 0.000159
27 0.000160
26 0.000160
26 0.000160
26 0.000160
26 0.000160
26 0.000160
26 0.000160
26 0.000160
26 0.000160
27 0.000160
26 0.000160
26 0.000161
26 0.000161
26 0.000161
26 0.000161
26 0.000161
26 0.000161
26 0.000162
26 0.000163
28 0.000545
28 0.000552
27 0.000574
27 0.000575
27 0.000583
27 0.000585
27 0.000590
27 0.000595
28 0.000610
26 0.000611
26 0.000611
28 0.000618
26 0.000627
26 0.000629
26 0.000634
26 0.000634
26 0.000636
27 0.000641
27 0.000642
27 0.000651
27 0.000652
27 0.000652
27 0.000652
27 0.000655
27 0.000659
27 0.000659
27 0.000662
27 0.000666
27 0.000668
26 0.000681
26 0.000682
26 0.000701
26 0.000705
26 0.000709
26 0.000709
26 0.000714
28 0.000820
28 0.000834
19 0.000849
19 0.000851
27 0.000861
19 0.000861
27 0.000873
19 0.000874
27 0.000875
27 0.000875
27 0.000875
19 0.000885
27 0.000886
27 0.000888
27 0.000888
27 0.000898
27 0.000901
26 0.000906
27 0.000907
26 0.000911
21 0.000913
19 0.000914
19 0.000914
19 0.000915
25 0.000919
21 0.000920
19 0.000925
19 0.000926
25 0.000930
25 0.000930
25 0.000931
25 0.000932
20 0.000934
25 0.000934
20 0.000937
20 0.000939
20 0.000939
20 0.000939
25 0.000939
26 0.000939
25 0.000943
20 0.000946
20 0.000950
20 0.000950
20 0.000950
20 0.000950
26 0.000953
26 0.000955
20 0.000956
20 0.000956
25 0.000956
26 0.000957
20 0.000958
25 0.000960
25 0.000964
25 0.000982
25 0.000969
20 0.000969
25 0.000971
25 0.000971
25 0.000971
26 0.000973
25 0.000974
25 0.000987
25 0.000975
25 0.000976
25 0.000976
25 0.000976
25 0.000976
25 0.000978
25 0.000980
20 0.000982
25 0.000986
25 0.000986
25 0.000987
25 0.000991
25 0.000992
25 0.000992
25 0.000994
25 0.000999
25 0.000997
19 0.000998
19 0.001011
19 0.001016
19 0.001028
19 0.001043
20 0.001077
20 0.001092
20 0.001094
20 0.001099
20 0.001114
20 0.001116
20 0.001118
20 0.001123
20 0.001123
20 0.001123
21 0.001123
21 0.001124
21 0.001114
20 0.001128
21 0.001130
21 0.001132
21 0.001132
21 0.001132
21 0.001148
21 0.001152
21 0.001151
21 0.001149
21 0.001152
19 0.001154
21 0.001154
21 0.001160
19 0.001160
20 0.001178
20 0.001179
20 0.001183
20 0.001184
20 0.001187
20 0.001198
20 0.001197
20 0.001197
20 0.001199
20 0.001201
20 0.001204
20 0.001205
20 0.001208
21 0.001208
20 0.001211
20 0.001213
20 0.001216
21 0.001216
21 0.001218
20 0.001218
21 0.001218
21 0.001221
21 0.001221
21 0.001224
21 0.001228
21 0.001228
21 0.001234
21 0.001237
19 0.001244
21 0.001244
21 0.001247
21 0.001247
21 0.001250
21 0.001249
21 0.001253
20 0.001258
21 0.001259
21 0.001260
19 0.001266
21 0.001265
19 0.001281
20 0.001281
20 0.001292
20 0.001293
20 0.001303
20 0.001307
20 0.001313
20 0.001316
20 0.001326
20 0.001328
20 0.001331
19 0.001378
19 0.001404
19 0.001408
18 0.001410
18 0.001437
28 0.001611
28 0.001627
28 0.001632
27 0.001705
27 0.001708
27 0.001724
27 0.001736
27 0.001751
27 0.001759
26 0.001855
26 0.001871
26 0.001872
26 0.001873
26 0.001890
28 0.002345
28 0.002377
28 0.002387
27 0.002469
27 0.002482
18 0.002488
27 0.002502
27 0.002504
27 0.002506
27 0.002506
18 0.002507
18 0.002507
27 0.002533
27 0.002538
27 0.002550
27 0.002559
27 0.002572
27 0.002575
27 0.002583
27 0.002585
27 0.002586
27 0.002587
27 0.002588
27 0.002591
18 0.002602
18 0.002602
18 0.002605
26 0.002621
18 0.002622
18 0.002623
26 0.002636
26 0.002691
26 0.002724
26 0.002730
26 0.002758
18 0.002798
18 0.002798
26 0.002799
18 0.002802
18 0.002802
18 0.002822
18 0.002822
18 0.002911
18 0.002939
18 0.002942
18 0.002942
18 0.002978
18 0.002983
17 0.003092
18 0.003185
18 0.003189
18 0.003189
18 0.003198
18 0.003203
18 0.003234
18 0.003235
18 0.003249
18 0.003253
18 0.003254
17 0.003325
17 0.003325
17 0.003334
17 0.003334
17 0.003357
17 0.003396
18 0.003699
18 0.003705
18 0.003705
18 0.003851
18 0.003854
18 0.003857
18 0.003864
18 0.003866
17 0.003896
17 0.003935
17 0.003935
17 0.003935
17 0.003937
17 0.003937
17 0.003937
17 0.003941
17 0.003941
17 0.003941
19 0.004065
19 0.004073
18 0.004102
19 0.004112
18 0.004122
19 0.004138
18 0.004248
17 0.004286
18 0.004302
18 0.004303
18 0.004381
18 0.004437
18 0.004441
17 0.004485
17 0.004499
17 0.004502
17 0.004538
17 0.004542
18 0.004703
16 0.004718
17 0.004766
18 0.004772
16 0.004777
18 0.004799
15 0.004962
15 0.004991
15 0.005017
15 0.005022
18 0.005026
17 0.005096
18 0.005104
17 0.005200
17 0.005222
18 0.005249
18 0.005260
18 0.005261
18 0.005272
18 0.005274
17 0.005280
18 0.005282
18 0.005283
27 0.005388
18 0.005391
27 0.005418
18 0.005462
18 0.005468
18 0.005476
18 0.005482
17 0.005514
17 0.005519
17 0.005526
27 0.005530
27 0.005594
27 0.005602
13 0.005619
13 0.005639
13 0.005658
16 0.005714
16 0.005726
18 0.005730
16 0.005735
18 0.005737
18 0.005738
18 0.005739
17 0.005759
18 0.005778
18 0.005783
18 0.005820
18 0.005824
26 0.005827
15 0.005870
26 0.005891
26 0.005903
16 0.005921
16 0.005932
15 0.005959
18 0.005978
15 0.005995
18 0.005997
12 0.006001
18 0.006006
18 0.006006
18 0.006009
18 0.006021
15 0.006089
15 0.006115
10 0.006181
10 0.006191
15 0.006237
11 0.006273
18 0.006311
18 0.006313
18 0.006351
18 0.006359
18 0.006360
11 0.006364
18 0.006409
15 0.006462
14 0.006479
18 0.006487
14 0.006501
18 0.006503
18 0.006510
18 0.006530
14 0.006540
15 0.006541
10 0.006654
10 0.006669
18 0.006709
18 0.006713
18 0.006716
18 0.006760
18 0.006813
18 0.006815
18 0.006853
18 0.006907
18 0.006909
13 0.006925
13 0.006937
21 0.006961
13 0.007007
18 0.007058
23 0.007075
18 0.007118
18 0.007138
12 0.007120
22 0.007149
22 0.007152
12 0.007218
22 0.007251
12 0.007258
12 0.007279
22 0.007284
23 0.007408
10 0.007410
10 0.007427
22 0.007438
21 0.007442
12 0.007422
22 0.007450
24 0.007508
24 0.007558
12 0.007581
12 0.007570
12 0.007582
18 0.007625
18 0.007636
18 0.007638
21 0.007643
23 0.007703
19 0.007716
11 0.007739
18 0.007742
18 0.007744
18 0.007754
18 0.007757
23 0.007825
21 0.007829
11 0.007874
23 0.007875
24 0.007919
23 0.007998
18 0.008008
22 0.008018
18 0.008021
18 0.008032
22 0.008057
18 0.008067
18 0.008071
19 0.008096
22 0.008102
11 0.008112
11 0.008121
11 0.008139
11 0.008148
21 0.008170
11 0.008172
22 0.008179
18 0.008197
18 0.008200
18 0.008203
11 0.008241
11 0.008251
11 0.008261
10 0.008289
10 0.008311
10 0.008311
11 0.008312
20 0.008319
10 0.008333
11 0.008352
10 0.008368
23 0.008371
11 0.008380
22 0.008408
11 0.008410
10 0.008419
22 0.008427
10 0.008442
10 0.008466
23 0.008472
22 0.008503
18 0.008503
11 0.008521
10 0.008551
10 0.008578
22 0.008583
10 0.008630
19 0.008618
10 0.008646
10 0.008686
10 0.008708
10 0.008732
23 0.008751
24 0.008748
23 0.008767
10 0.008768
23 0.008778
22 0.008800
23 0.008810
18 0.008827
18 0.008834
24 0.008853
21 0.008882
24 0.008898
23 0.009050
23 0.009098
19 0.009101
23 0.009109
22 0.009120
10 0.009149
10 0.009175
23 0.009187
24 0.009214
23 0.009231
23 0.009274
11 0.009382
21 0.009393
20 0.009450
18 0.009466
18 0.009518
22 0.009560
21 0.009586
18 0.009591
22 0.009600
24 0.009607
21 0.009680
18 0.009699
18 0.009703
21 0.009712
24 0.009708
22 0.009818
24 0.009835
22 0.009859
18 0.009928
23 0.009981
22 0.010011
21 0.010024
18 0.010035
22 0.010037
23 0.010041
18 0.010044
23 0.010050
22 0.010061
24 0.010107
22 0.010131
9 0.010168
9 0.010170
9 0.010185
18 0.010191
9 0.010193
23 0.010204
24 0.010211
18 0.010218
9 0.010228
9 0.010234
9 0.010237
9 0.010248
23 0.010250
9 0.010254
9 0.010260
9 0.010271
18 0.010275
18 0.010277
24 0.010288
23 0.010304
23 0.010324
22 0.010333
21 0.010340
9 0.010341
24 0.010347
22 0.010343
24 0.010355
9 0.010361
23 0.010383
9 0.010389
9 0.010393
9 0.010398
9 0.010399
25 0.010407
24 0.010463
23 0.010470
22 0.010589
22 0.010606
23 0.010606
22 0.010613
24 0.010669
23 0.010700
18 0.010730
23 0.010801
23 0.010829
23 0.010859
18 0.010870
24 0.010901
23 0.010909
21 0.010931
18 0.010937
21 0.010945
18 0.011039
18 0.011050
18 0.011052
23 0.011122
18 0.011141
18 0.011143
18 0.011152
18 0.011154
23 0.011179
23 0.011183
23 0.011253
24 0.011312
22 0.011448
18 0.011438
18 0.011460
18 0.011467
18 0.011494
17 0.011566
18 0.011598
18 0.011601
18 0.011602
22 0.011793
25 0.011799
22 0.011820
24 0.011858
18 0.011902
18 0.011915
18 0.011932
18 0.011945
21 0.012034
23 0.012047
25 0.012052
24 0.012117
18 0.012246
24 0.012271
18 0.012330
18 0.012332
22 0.012338
18 0.012398
18 0.012402
22 0.012431
22 0.012449
18 0.012451
18 0.012455
18 0.012456
18 0.012464
18 0.012469
18 0.012522
18 0.012545
24 0.012630
22 0.012631
23 0.012677
25 0.012672
23 0.012713
23 0.012721
22 0.012730
23 0.012748
24 0.012779
23 0.012815
10 0.012829
23 0.012830
10 0.012880
25 0.012882
22 0.012885
23 0.012889
10 0.012926
18 0.012982
18 0.013015
18 0.013029
18 0.013030
18 0.013062
18 0.013094
25 0.013099
18 0.013130
23 0.013160
18 0.013193
23 0.013265
23 0.013352
24 0.013477
24 0.013477
24 0.013543
23 0.013550
25 0.013593
18 0.013600
18 0.013615
18 0.013617
22 0.013630
23 0.013659
24 0.013701
23 0.013757
18 0.013831
18 0.013848
24 0.013885
21 0.013904
9 0.014054
9 0.014092
9 0.014092
9 0.014100
9 0.014135
18 0.014286
18 0.014288
18 0.014292
18 0.014294
24 0.014330
23 0.014393
10 0.014422
10 0.014432
18 0.014454
18 0.014472
22 0.014481
10 0.014488
10 0.014499
10 0.014506
18 0.014543
18 0.014550
10 0.014573
18 0.014574
18 0.014575
10 0.014608
9 0.014701
12 0.014784
11 0.014838
17 0.014937
22 0.015026
9 0.015033
9 0.015058
9 0.015083
9 0.015102
9 0.015128
16 0.015150
9 0.015170
25 0.015190
12 0.015215
12 0.015215
22 0.015291
12 0.015318
24 0.015349
16 0.015404
12 0.015417
13 0.015469
13 0.015512
22 0.015656
24 0.015674
13 0.015753
14 0.015762
13 0.015773
12 0.015780
10 0.015838
13 0.015878
25 0.015882
24 0.015969
12 0.015998
13 0.015997
10 0.015998
12 0.016055
10 0.016079
23 0.016106
13 0.016155
13 0.016175
16 0.016209
23 0.016214
14 0.016262
23 0.016271
23 0.016281
16 0.016318
16 0.016319
16 0.016364
15 0.016364
14 0.016415
13 0.016417
16 0.016429
14 0.016471
14 0.016480
25 0.016533
26 0.016541
9 0.016544
9 0.016544
9 0.016604
9 0.016630
12 0.016688
14 0.016812
14 0.016837
27 0.016843
17 0.016893
16 0.016918
13 0.016959
14 0.016969
14 0.016988
16 0.017038
16 0.017046
14 0.017050
14 0.017137
16 0.017154
24 0.017206
14 0.017216
14 0.017280
16 0.017283
15 0.017372
14 0.017374
23 0.017380
16 0.017467
15 0.017499
17 0.017515
17 0.017539
23 0.017560
19 0.017600
15 0.017611
15 0.017672
14 0.017728
14 0.017756
23 0.017851
15 0.017878
15 0.017889
15 0.017927
15 0.018008
18 0.018070
14 0.018214
18 0.018250
18 0.018260
14 0.018276
16 0.018300
22 0.018419
16 0.018438
15 0.018488
24 0.018492
10 0.018494
16 0.018498
16 0.018525
24 0.018528
23 0.018533
17 0.018537
14 0.018594
14 0.018596
16 0.018623
14 0.018666
14 0.018669
11 0.018699
16 0.018740
18 0.018750
25 0.018806
14 0.018869
15 0.018923
18 0.018940
18 0.018950
16 0.019106
15 0.019145
16 0.019148
16 0.019165
16 0.019217
10 0.019260
16 0.019341
16 0.019404
17 0.019467
16 0.019527
16 0.019541
15 0.019553
16 0.019609
14 0.019620
17 0.019730
10 0.019740
16 0.019752
16 0.019761
10 0.019791
17 0.019820
16 0.019863
16 0.019884
16 0.019920
16 0.019922
17 0.019987
16 0.019991
16 0.020050
17 0.020055
14 0.020073
18 0.020150
17 0.020202
16 0.020258
17 0.020291
14 0.020297
17 0.020312
17 0.020328
17 0.020330
18 0.020370
17 0.020508
16 0.020550
18 0.020610
24 0.020688
17 0.020776
17 0.020752
17 0.020752
18 0.020780
11 0.020792
17 0.020812
16 0.020824
17 0.020865
16 0.020901
15 0.020918
17 0.020933
17 0.020936
23 0.020959
16 0.020986
16 0.021038
16 0.021060
17 0.021071
11 0.021141
17 0.021185
16 0.021171
18 0.021180
18 0.021210
16 0.021215
18 0.021220
16 0.021223
25 0.021281
24 0.021315
17 0.021359
17 0.021408
17 0.021501
17 0.021541
17 0.021591
15 0.021592
16 0.021662
16 0.021679
16 0.021680
16 0.021838
24 0.021860
25 0.021872
16 0.021928
16 0.021986
18 0.022000
18 0.022041
18 0.022100
24 0.022106
18 0.022120
18 0.022150
18 0.022170
16 0.022312
22 0.022322
15 0.022406
17 0.022422
18 0.022440
18 0.022450
18 0.022460
18 0.022470
24 0.022471
19 0.022532
27 0.022609
17 0.022610
17 0.022605
16 0.022689
24 0.022782
16 0.022872
19 0.022888
18 0.022880
18 0.022900
18 0.022900
18 0.022910
16 0.022913
18 0.023060
18 0.023080
16 0.023137
23 0.023237
16 0.023248
17 0.023252
25 0.023289
25 0.023289
18 0.023378
26 0.023415
19 0.023495
19 0.023485
19 0.023490
23 0.023535
16 0.023566
16 0.023578
17 0.023592
18 0.023632
16 0.023748
19 0.023751
16 0.023761
16 0.023786
16 0.023808
16 0.023870
25 0.023881
16 0.023906
16 0.023951
18 0.023980
16 0.023993
18 0.024000
18 0.024000
19 0.024040
17 0.024090
18 0.024420
18 0.024470
14 0.024567
19 0.024582
16 0.024566
18 0.024650
23 0.024704
16 0.024900
17 0.024919
22 0.024994
19 0.025040
19 0.025040
16 0.025060
16 0.025108
19 0.025130
16 0.025161
17 0.025195
16 0.025316
16 0.025322
14 0.025368
19 0.025405
19 0.025410
16 0.025414
16 0.025463
16 0.025480
17 0.025485
16 0.025516
16 0.025574
16 0.025662
16 0.025784
20 0.025924
16 0.025974
20 0.026076
16 0.026336
17 0.026358
24 0.026498
20 0.026536
16 0.026565
17 0.026606
20 0.026609
18 0.026730
13 0.026748
18 0.026750
17 0.026875
15 0.026905
17 0.026907
16 0.026912
17 0.026942
16 0.026965
18 0.027010
17 0.027029
20 0.027105
16 0.027164
19 0.027210
17 0.027310
20 0.027305
17 0.027408
17 0.027438
17 0.027496
17 0.027535
20 0.027578
17 0.027714
20 0.027719
15 0.027778
25 0.027801
15 0.027839
17 0.027911
17 0.027917
17 0.028147
23 0.028238
17 0.028312
19 0.028330
17 0.028562
14 0.028588
16 0.028815
14 0.028889
17 0.028972
17 0.029024
17 0.029023
13 0.029057
17 0.029169
17 0.029191
18 0.029198
14 0.029240
12 0.029532
14 0.029555
20 0.029711
19 0.029795
15 0.029808
19 0.029821
16 0.030176
14 0.030226
16 0.030258
13 0.030284
18 0.030340
19 0.030390
5 0.030402
16 0.030430
16 0.030444
19 0.030630
18 0.030680
18 0.030690
19 0.030795
13 0.030805
13 0.030857
16 0.030919
16 0.030968
16 0.031002
15 0.031176
15 0.031203
20 0.031283
16 0.031323
16 0.031372
19 0.031500
5 0.031524
5 0.031571
14 0.031611
16 0.031681
27 0.031699
12 0.031747
15 0.031906
18 0.032056
13 0.032188
17 0.032203
16 0.032247
20 0.032283
15 0.032435
15 0.032465
16 0.032590
14 0.032596
20 0.032599
25 0.032658
19 0.032822
22 0.033058
19 0.033415
14 0.033452
25 0.033490
16 0.033560
15 0.033595
5 0.033679
17 0.033820
24 0.033862
14 0.033866
18 0.033930
24 0.033966
17 0.034123
18 0.034180
16 0.034330
5 0.034393
19 0.034621
20 0.034675
16 0.034700
5 0.034734
5 0.034746
5 0.034772
19 0.034803
5 0.034810
5 0.035077
5 0.035359
17 0.035377
20 0.035391
5 0.035418
5 0.035442
5 0.035449
24 0.035474
16 0.035510
5 0.035561
5 0.035578
17 0.035589
5 0.035737
5 0.035857
5 0.035858
21 0.035905
27 0.035917
17 0.035923
5 0.035947
15 0.035979
19 0.036136
5 0.036562
20 0.036582
17 0.036679
16 0.036854
18 0.036900
18 0.036950
14 0.036958
5 0.037062
5 0.037131
5 0.037176
17 0.037282
5 0.037360
5 0.037768
18 0.037980
18 0.037990
18 0.038020
18 0.038040
16 0.038537
19 0.038812
16 0.038882
27 0.039113
4 0.039268
4 0.039324
5 0.039391
5 0.039431
5 0.039524
5 0.040059
16 0.040768
16 0.040790
15 0.040921
16 0.041054
22 0.041225
17 0.041237
18 0.041640
15 0.041696
17 0.042101
4 0.042440
16 0.043154
16 0.043431
18 0.043670
18 0.043830
15 0.043993
17 0.044128
25 0.044385
28 0.044419
4 0.044421
16 0.045350
17 0.046153
23 0.046540
16 0.046618
4 0.046967
21 0.047114
21 0.047113
4 0.047124
16 0.047162
22 0.047760
4 0.048542
25 0.049950
21 0.051401
22 0.052433
22 0.052433
4 0.053628
4 0.053796
26 0.056338
18 0.057270
18 0.057340
25 0.058207
18 0.058650
18 0.058720
18 0.059400
24 0.060995
24 0.060990
23 0.061490
23 0.061480
3 0.062568
3 0.063071
18 0.063100
22 0.063480
3 0.063754
18 0.064000
3 0.066237
3 0.066357
22 0.066516
22 0.066516
3 0.067694
22 0.068980
22 0.068980
20 0.069462
20 0.069464
3 0.070017
3 0.071333
3 0.071338
3 0.071848
23 0.071860
3 0.072126
3 0.072209
3 0.072520
3 0.072982
3 0.073011
17 0.073100
3 0.073170
3 0.073216
18 0.073400
3 0.073826
3 0.074799
3 0.074968
3 0.075005
3 0.075202
3 0.075780
3 0.075827
3 0.075873
25 0.076464
3 0.077022
3 0.077204
17 0.077710
3 0.077881
21 0.077925
21 0.077950
3 0.078502
3 0.078804
3 0.078830
18 0.080500
3 0.080501
3 0.081157
3 0.082614
3 0.082650
3 0.084214
3 0.084524
3 0.084743
3 0.085709
18 0.085760
3 0.086064
3 0.086288
3 0.086322
3 0.086751
3 0.086970
3 0.087084
18 0.089850
18 0.090170
23 0.091100
17 0.092880
25 0.094340
3 0.097379
3 0.097959
13 0.102212
22 0.102460
14 0.103488
27 0.106400
22 0.107390
14 0.117472
21 0.119105
12 0.122503
13 0.127723
2 0.131722
27 0.131800
2 0.133520
4 0.134572
4 0.135707
2 0.137014
12 0.137076
4 0.139819
4 0.141145
4 0.141958
4 0.142122
4 0.142745
3 0.142887
4 0.142893
3 0.143431
4 0.143524
4 0.143882
4 0.144901
3 0.145150
4 0.145222
4 0.145542
28 0.146300
4 0.147081
4 0.147263
4 0.147682
4 0.148225
4 0.148953
4 0.148983
4 0.149301
4 0.149367
4 0.149700
4 0.149700
4 0.149871
4 0.149877
4 0.149890
4 0.149997
28 0.150000
18 0.150600
11 0.151026
4 0.151125
4 0.151274
4 0.151636
4 0.151636
4 0.151666
4 0.152063
4 0.152531
4 0.152768
4 0.152780
4 0.152978
4 0.152978
4 0.153098
4 0.153098
4 0.153471
4 0.153725
4 0.153893
4 0.154341
4 0.154467
4 0.154467
4 0.154623
4 0.154804
4 0.155728
4 0.156018
18 0.159000
18 0.159700
3 0.160454
11 0.160597
3 0.165287
3 0.165312
3 0.165613
3 0.166179
3 0.166663
12 0.168687
3 0.168790
3 0.169251
3 0.170735
3 0.170743
3 0.170990
3 0.171530
11 0.171721
3 0.171946
3 0.172126
3 0.172228
3 0.172452
3 0.173313
3 0.173825
3 0.173978
2 0.174155
3 0.174196
3 0.174701
2 0.174828
2 0.175191
3 0.175243
3 0.175301
3 0.176055
3 0.176469
3 0.176794
3 0.176964
3 0.177607
3 0.178274
3 0.178692
3 0.178830
3 0.179040
3 0.179093
3 0.179164
3 0.179490
3 0.180724
3 0.181169
3 0.181928
3 0.182305
3 0.183000
3 0.183007
3 0.184728
3 0.184950
3 0.185414
3 0.185875
14 0.186678
14 0.186675
25 0.186920
27 0.189400
23 0.191723
22 0.192894
3 0.193043
3 0.195254
1 0.196387
14 0.196610
14 0.196610
13 0.196838
1 0.196892
1 0.197689
1 0.197717
1 0.198162
3 0.198956
1 0.199025
1 0.199430
11 0.200100
1 0.200115
1 0.200248
4 0.200517
4 0.200517
1 0.200764
1 0.200833
1 0.201489
4 0.201519
4 0.201519
1 0.202604
1 0.202724
1 0.202992
4 0.203081
4 0.203081
1 0.203084
2 0.203404
1 0.203420
4 0.203951
4 0.204110
4 0.204110
1 0.204180
1 0.204800
1 0.205149
1 0.205273
1 0.205309
2 0.205395
1 0.205461
1 0.205615
1 0.206056
1 0.206085
1 0.206301
1 0.206406
1 0.206503
4 0.206605
4 0.206605
1 0.207017
4 0.207640
1 0.208128
2 0.208151
1 0.208351
1 0.208602
15 0.208618
15 0.208617
1 0.208622
1 0.208963
1 0.208973
2 0.209077
2 0.209422
1 0.209579
1 0.210650
1 0.211044
1 0.211243
1 0.211508
1 0.212206
1 0.212548
4 0.212575
4 0.212575
2 0.212579
13 0.212618
13 0.212617
1 0.212630
2 0.212658
1 0.212908
2 0.212925
1 0.213063
2 0.213926
1 0.214846
1 0.215264
1 0.215290
4 0.215460
1 0.215851
1 0.215898
2 0.215942
1 0.216172
2 0.216189
2 0.216623
1 0.216683
2 0.216978
1 0.217422
1 0.217517
2 0.217535
2 0.217583
2 0.217777
2 0.217804
2 0.218003
2 0.218115
1 0.218306
1 0.218459
14 0.218492
14 0.218494
2 0.218528
2 0.218618
2 0.218873
1 0.219091
1 0.219188
2 0.219278
1 0.219804
1 0.220137
2 0.220210
1 0.220225
2 0.220624
2 0.220740
2 0.221107
1 0.221284
2 0.221717
2 0.222109
2 0.222175
1 0.222264
2 0.222365
2 0.222505
2 0.222556
2 0.222702
1 0.223165
2 0.224338
1 0.224522
1 0.225219
1 0.225427
2 0.225455
4 0.225526
4 0.225526
1 0.225550
1 0.225885
1 0.226027
1 0.226213
2 0.226516
1 0.226705
1 0.226826
2 0.227091
1 0.227266
1 0.227537
2 0.227798
2 0.227902
2 0.227947
4 0.228005
4 0.228005
4 0.228775
4 0.228775
2 0.228779
1 0.228803
2 0.228836
1 0.228910
1 0.229069
1 0.229383
2 0.229726
2 0.229785
2 0.229820
2 0.229897
1 0.230149
4 0.230216
1 0.230365
2 0.230371
4 0.230742
1 0.230807
1 0.231167
1 0.231305
1 0.231437
1 0.231469
2 0.231675
1 0.231787
2 0.232046
1 0.232074
1 0.232209
14 0.232230
14 0.232230
1 0.232339
1 0.232537
1 0.232651
2 0.232717
1 0.233068
2 0.233530
1 0.233821
1 0.233854
4 0.234145
4 0.234145
2 0.234192
4 0.234363
4 0.234363
1 0.234626
1 0.234735
1 0.234824
1 0.234946
2 0.235712
1 0.236135
1 0.236278
4 0.236698
4 0.236698
2 0.236811
2 0.237615
5 0.238549
1 0.238731
2 0.238849
4 0.239142
4 0.239142
2 0.239525
17 0.240200
2 0.241148
2 0.241300
2 0.241377
4 0.241575
4 0.241575
2 0.241686
1 0.242005
1 0.242197
1 0.242407
1 0.242440
1 0.242477
4 0.242498
2 0.243429
5 0.243721
2 0.243863
4 0.244539
4 0.244539
4 0.244999
4 0.244999
1 0.245473
5 0.245476
25 0.246730
1 0.247281
5 0.247340
1 0.247762
4 0.248064
4 0.248364
4 0.248364
5 0.248687
5 0.249147
5 0.251070
2 0.251163
27 0.251300
5 0.251538
5 0.252248
27 0.253800
14 0.254072
14 0.254072
1 0.254079
2 0.254666
4 0.255024
4 0.255024
1 0.255414
1 0.256219
2 0.256669
4 0.259187
4 0.259187
3 0.259738
2 0.260704
2 0.261072
2 0.261584
2 0.263106
1 0.263603
7 0.267700
7 0.268630
27 0.269600
1 0.269729
7 0.271330
27 0.272500
7 0.272920
1 0.274755
7 0.275070
3 0.278781
1 0.278960
7 0.279580
1 0.279930
1 0.279947
1 0.280591
3 0.281261
15 0.281884
15 0.281884
21 0.281918
1 0.282212
1 0.283538
2 0.286486
1 0.286634
5 0.290559
1 0.290831
1 0.291486
7 0.291750
5 0.293585
7 0.294400
1 0.294477
7 0.296290
1 0.298252
5 0.298270
7 0.298390
1 0.298500
7 0.299020
1 0.299199
1 0.299347
1 0.299533
1 0.300336
1 0.300450
5 0.300693
1 0.301288
5 0.301459
1 0.302002
7 0.302520
7 0.302710
1 0.303275
5 0.303706
1 0.303882
1 0.304590
7 0.304910
1 0.305171
1 0.305521
7 0.305560
1 0.305853
1 0.306551
2 0.307470
2 0.307697
1 0.308165
1 0.309802
1 0.310001
1 0.310245
1 0.310278
1 0.310637
7 0.310710
1 0.310862
1 0.311502
1 0.313021
7 0.313230
1 0.313502
7 0.314110
27 0.314500
1 0.314602
1 0.314662
1 0.316044
1 0.316642
12 0.316795
14 0.316880
7 0.316890
1 0.318266
1 0.318529
1 0.319649
1 0.319803
1 0.320135
1 0.320307
1 0.321499
1 0.321876
1 0.322220
7 0.322240
1 0.322258
2 0.322408
1 0.322595
1 0.322791
1 0.323388
1 0.323558
1 0.323669
1 0.324400
1 0.324940
1 0.325037
1 0.325168
1 0.327206
18 0.327480
1 0.328365
1 0.328789
2 0.329382
2 0.329855
2 0.330666
1 0.331115
7 0.331660
1 0.331661
1 0.332122
1 0.332327
2 0.333284
2 0.333660
1 0.333797
2 0.333905
11 0.333925
7 0.334520
2 0.334980
2 0.335020
1 0.335202
7 0.335600
2 0.335965
1 0.336253
1 0.336377
2 0.336442
1 0.336674
1 0.336714
1 0.336778
1 0.336886
1 0.337054
1 0.337296
1 0.337519
1 0.337561
2 0.337912
2 0.337994
1 0.338154
5 0.338171
1 0.338184
1 0.339202
1 0.339396
2 0.340203
1 0.341056
1 0.341446
1 0.341492
7 0.341530
1 0.341574
17 0.341900
1 0.342172
1 0.342469
5 0.343363
1 0.343454
1 0.343827
2 0.343986
2 0.343986
5 0.344715
1 0.344725
1 0.345388
1 0.345946
1 0.346264
1 0.346849
1 0.347048
1 0.347353
1 0.348477
5 0.348662
1 0.348689
1 0.349396
1 0.349919
1 0.350185
1 0.350360
1 0.350869
1 0.351134
1 0.351493
1 0.351606
5 0.351998
1 0.352078
1 0.352408
1 0.352445
1 0.352555
1 0.352899
5 0.354183
1 0.354919
1 0.355254
2 0.356043
2 0.356043
5 0.356114
1 0.356277
1 0.356739
5 0.356790
1 0.357289
1 0.357826
1 0.358895
5 0.358953
1 0.359873
16 0.360100
5 0.360121
16 0.360228
1 0.360331
1 0.361034
1 0.361149
4 0.361303
4 0.361303
1 0.361377
1 0.362042
1 0.362106
4 0.362476
1 0.362576
5 0.362605
2 0.362792
2 0.362792
13 0.363754
13 0.363754
1 0.364267
15 0.365277
1 0.366514
1 0.367029
1 0.367148
1 0.367511
1 0.367519
5 0.367543
1 0.368947
27 0.369000
4 0.369051
1 0.369498
13 0.370750
5 0.370794
1 0.372354
5 0.372771
1 0.373787
1 0.374029
4 0.374038
4 0.374038
1 0.375011
4 0.375248
4 0.375248
5 0.375376
4 0.377531
4 0.377531
1 0.377664
1 0.378460
1 0.379342
1 0.379468
1 0.380822
4 0.382312
4 0.382312
1 0.383278
1 0.383396
1 0.385939
4 0.385999
4 0.385999
4 0.388500
4 0.388500
1 0.388697
1 0.389077
17 0.389400
4 0.390090
4 0.392283
4 0.392782
1 0.394731
4 0.394962
4 0.394962
5 0.395831
1 0.397329
1 0.397468
4 0.398872
4 0.398872
4 0.399138
4 0.399138
2 0.399419
2 0.399419
1 0.401114
2 0.402642
1 0.402880
2 0.403418
2 0.403418
1 0.403709
5 0.405464
4 0.407294
4 0.407294
4 0.408511
4 0.408573
4 0.408573
1 0.409477
5 0.411836
4 0.414401
4 0.414401
2 0.414428
2 0.414428
2 0.414841
2 0.414841
4 0.416164
4 0.416164
4 0.418017
4 0.418017
1 0.420164
2 0.420236
2 0.420236
12 0.423210
12 0.423220
4 0.423587
27 0.423700
2 0.425000
2 0.425000
4 0.425507
2 0.428651
2 0.428651
2 0.429530
2 0.429530
1 0.429709
2 0.431155
2 0.431602
2 0.431602
3 0.432738
3 0.432738
2 0.432745
2 0.432745
1 0.433286
4 0.436472
4 0.436472
1 0.438410
1 0.440278
1 0.441176
4 0.442304
1 0.443228
1 0.443882
4 0.444644
4 0.444644
1 0.445134
4 0.445252
1 0.446029
2 0.446272
2 0.446272
1 0.446371
2 0.446750
1 0.447173
2 0.448647
2 0.448647
1 0.451426
1 0.452125
1 0.452441
1 0.452441
4 0.453920
4 0.453920
1 0.455250
1 0.455444
1 0.456672
1 0.456869
2 0.457464
1 0.459382
3 0.459813
1 0.460165
1 0.460628
1 0.460752
4 0.462826
4 0.462826
2 0.462934
2 0.462934
1 0.463433
1 0.464996
1 0.466829
1 0.467690
1 0.468753
1 0.469970
1 0.470267
1 0.470285
1 0.471198
1 0.471574
1 0.471709
1 0.473060
1 0.473312
1 0.473378
1 0.474149
17 0.474750
1 0.475375
4 0.475561
4 0.475561
1 0.475785
1 0.475975
1 0.476396
1 0.476528
4 0.477381
1 0.477475
1 0.478762
1 0.478788
1 0.479230
1 0.479477
3 0.479867
1 0.480834
1 0.481022
1 0.481333
1 0.481460
1 0.481460
1 0.481594
1 0.481728
1 0.481916
1 0.482247
1 0.483038
1 0.483253
1 0.483999
1 0.484451
1 0.484486
1 0.484652
1 0.485391
1 0.485677
1 0.486763
1 0.487480
27 0.490200
1 0.490234
1 0.490578
1 0.491339
1 0.491535
1 0.491973
1 0.492694
1 0.493721
1 0.493873
1 0.494682
1 0.494741
4 0.494812
1 0.495459
1 0.496891
1 0.497752
1 0.497772
1 0.497809
1 0.498156
13 0.498510
1 0.498552
2 0.499341
1 0.499704
1 0.499824
1 0.499962
1 0.500173
1 0.500514
1 0.501234
1 0.501385
1 0.501898
1 0.502872
1 0.503413
1 0.503677
1 0.504076
4 0.504297
4 0.504297
1 0.504359
1 0.505026
4 0.505342
4 0.505342
4 0.506127
2 0.506563
1 0.508137
1 0.508194
1 0.508253
1 0.508376
1 0.508551
1 0.508690
1 0.509038
1 0.509583
1 0.510074
1 0.510136
1 0.510439
1 0.511682
13 0.511720
13 0.511724
1 0.513081
2 0.513405
1 0.513851
1 0.514420
1 0.514791
1 0.515656
1 0.515720
1 0.515942
1 0.517010
1 0.517800
1 0.518056
1 0.518927
1 0.519861
1 0.522174
1 0.526429
1 0.526718
2 0.527061
2 0.527061
2 0.527558
2 0.527558
2 0.527728
2 0.527728
2 0.528274
2 0.528274
4 0.528958
4 0.532308
1 0.534920
1 0.534977
1 0.535488
4 0.536483
1 0.537282
1 0.538984
1 0.539383
1 0.542615
2 0.543270
2 0.543270
1 0.543737
1 0.545438
1 0.545475
1 0.546401
1 0.546962
1 0.547695
1 0.547843
1 0.549641
1 0.550093
1 0.550562
1 0.551153
1 0.551633
4 0.551919
1 0.553864
1 0.555523
1 0.558027
1 0.558941
1 0.559091
1 0.559382
1 0.559529
1 0.561635
1 0.562688
1 0.563868
1 0.564031
1 0.564345
1 0.564417
1 0.564464
1 0.565127
1 0.566557
1 0.568378
1 0.569657
2 0.570516
2 0.570516
1 0.571113
2 0.571299
1 0.571348
1 0.571668
1 0.574995
1 0.575089
1 0.575627
1 0.576244
1 0.580683
4 0.581070
4 0.582170
1 0.584862
1 0.585938
1 0.589451
4 0.590700
4 0.590700
4 0.591160
4 0.596590
4 0.596590
1 0.599839
3 0.600190
2 0.600872
1 0.600897
1 0.602742
1 0.604097
1 0.605536
1 0.608797
1 0.610745
1 0.610981
1 0.611276
4 0.611960
4 0.611960
4 0.612100
1 0.612145
4 0.612580
4 0.612580
1 0.613067
1 0.613183
27 0.613500
1 0.613566
1 0.617708
1 0.617852
1 0.617895
4 0.618010
4 0.618010
1 0.618842
1 0.619289
1 0.620034
1 0.620632
4 0.622040
4 0.622040
1 0.622571
1 0.623181
1 0.625809
17 0.627000
1 0.627350
1 0.627436
1 0.631641
1 0.631832
1 0.632391
1 0.632935
4 0.634530
4 0.635100
4 0.635100
1 0.636633
2 0.636686
2 0.636686
27 0.637000
1 0.637211
1 0.637698
1 0.638001
1 0.638643
3 0.640330
1 0.640621
1 0.641636
1 0.642329
1 0.643948
2 0.644307
4 0.645270
4 0.645270
2 0.646908
1 0.648459
1 0.649137
1 0.653468
3 0.653560
1 0.658813
1 0.660042
1 0.660612
4 0.663090
1 0.663695
1 0.664547
1 0.666316
2 0.666864
2 0.666864
3 0.668400
2 0.670209
2 0.670209
15 0.670330
1 0.673211
1 0.676964
1 0.677419
1 0.678885
2 0.679335
2 0.679608
3 0.679900
3 0.679900
2 0.681545
2 0.681545
4 0.682140
4 0.682140
1 0.684393
2 0.685031
1 0.685228
2 0.691270
1 0.691647
1 0.694356
3 0.694830
3 0.694830
2 0.695774
2 0.695774
1 0.697543
1 0.700347
1 0.700394
1 0.700394
1 0.703195
1 0.703631
2 0.705615
2 0.705615
1 0.706490
2 0.707999
2 0.707999
2 0.710462
2 0.710462
1 0.711285
1 0.712416
3 0.712680
1 0.713220
9 0.714395
1 0.718398
1 0.719592
1 0.719900
1 0.722072
1 0.722274
1 0.724598
2 0.725782
2 0.725782
1 0.726392
1 0.728854
1 0.729346
2 0.730966
2 0.730966
1 0.732967
2 0.737986
2 0.737986
1 0.738396
1 0.738727
1 0.739568
1 0.739784
1 0.739784
1 0.740316
1 0.741139
2 0.741365
2 0.741365
1 0.741655
1 0.742432
1 0.746642
1 0.746642
1 0.748353
1 0.749076
1 0.750945
1 0.752483
1 0.752719
1 0.755768
1 0.757614
2 0.761482
2 0.761482
1 0.761910
1 0.762131
2 0.769668
2 0.769668
1 0.771644
1 0.771770
1 0.772975
1 0.775102
1 0.779108
1 0.779974
3 0.789210
3 0.789210
1 0.791043
1 0.791962
1 0.793187
1 0.799214
15 0.802615
15 0.802630
2 0.803575
2 0.803575
2 0.809898
1 0.811421
2 0.811644
2 0.812371
1 0.819678
1 0.820400
1 0.820400
2 0.830327
18 0.833200
1 0.846865
3 0.850190
3 0.850190
14 0.869300
14 0.869300
2 0.870626
2 0.870626
1 0.881184
1 0.883478
1 0.884580
1 0.884580
1 0.886498
2 0.889853
2 0.937744
2 0.937744
4 0.938170
4 0.960530
2 0.976011
2 0.988566
2 0.988566
1 0.988982
2 0.990363
2 0.995936
4 1.018400
2 1.021176
2 1.021176
2 1.046256
2 1.046256
2 1.062106
2 1.062106
2 1.064821
2 1.071807
2 1.071807
2 1.092067
2 1.092067
3 1.101670
4 1.113840
2 1.136285
2 1.136285
9 1.144400
4 1.145510
2 1.145822
2 1.161613
2 1.161613
1 1.165368
17 1.214300
2 1.232634
4 1.274210
2 1.278266
14 1.281850
14 1.281850
2 1.292768
2 1.335620
2 1.335620
2 1.339916
4 1.466380
4 1.485890
3 1.551080
4 1.591190
2 1.677107
2 1.677107
2 1.724947
2 1.724947
4 1.756540
2 1.765060
4 1.808200
15 1.853900
4 1.893200
2 1.895830
2 1.895830
9 1.900500
2 1.939300
4 1.949700
15 1.956100
15 1.956100
2 2.049220
2 2.081050
2 2.101930
4 2.132000
18 2.141000
2 2.308570
2 2.334960
2 2.361280
2 2.369470
4 2.423500
2 2.478590
2 2.478590
4 2.900600
2 2.911440
1 3.119979
3 3.125900
3 3.394200
3 3.394200
17 3.703000
3 3.802300
1 3.952380
1 4.519459
9 4.566000
1 4.788132
2 5.186450
9 5.319000
1 5.893270
4 5.948100
17 5.950000
2 5.952700
2 6.636000
2 6.919600
3 7.349200
1 7.506580
2 8.063200
1 8.281620
4 8.405500
4 8.944500
2 9.617700
4 9.722900
4 9.975100
2 10.080400
2 10.682200
3 11.002300
1 11.307280
4 11.726100
1 12.000900
2 12.728800
2 14.537000
1 14.814180
4 15.878100
4 16.903299
4 17.283100
2 18.240499
13 19.290001
4 23.747000
3 31.625000
1 35.297600
15 35.459999
3 39.541000
4 40.290001
2 40.293301
1 80.543198
End Spectral Lines:
