Symbol: Cu
Atomic Number: 29
Atomic Mass: 63.546000
Start Spectral Index: 29
1 76
2 450
3 100
4 60
5 50
10 28
11 37
12 19
13 8
14 15
15 15
16 45
17 35
18 87
19 44
20 42
21 56
22 14
23 21
24 24
25 4
26 15
27 66
28 110
29 21
End Spectral Index:
Order of Magnitude: 0.000001
Start Spectral Lines:
29 0.000112
29 0.000114
28 0.000117
28 0.000117
28 0.000119
28 0.000119
29 0.000120
29 0.000121
27 0.000121
28 0.000126
28 0.000126
27 0.000127
28 0.000142
29 0.000143
28 0.000143
28 0.000143
28 0.000143
29 0.000143
28 0.000143
28 0.000143
28 0.000143
28 0.000143
28 0.000143
28 0.000143
28 0.000144
28 0.000144
28 0.000144
28 0.000144
28 0.000144
28 0.000144
28 0.000144
28 0.000144
28 0.000144
28 0.000144
28 0.000144
28 0.000145
28 0.000148
27 0.000148
28 0.000148
27 0.000148
27 0.000148
27 0.000148
27 0.000148
27 0.000148
27 0.000149
28 0.000149
27 0.000149
27 0.000149
27 0.000149
27 0.000149
27 0.000149
27 0.000149
27 0.000149
28 0.000149
27 0.000149
27 0.000149
27 0.000150
27 0.000150
27 0.000150
27 0.000150
27 0.000151
27 0.000151
29 0.000508
29 0.000514
28 0.000534
28 0.000534
28 0.000542
28 0.000543
28 0.000549
28 0.000553
27 0.000567
27 0.000567
29 0.000568
29 0.000576
27 0.000581
27 0.000583
27 0.000588
27 0.000588
27 0.000590
28 0.000596
28 0.000597
28 0.000605
28 0.000606
28 0.000606
28 0.000606
28 0.000609
28 0.000613
28 0.000613
28 0.000616
28 0.000619
28 0.000621
27 0.000632
27 0.000633
27 0.000649
27 0.000653
27 0.000658
27 0.000658
27 0.000662
29 0.000763
29 0.000777
28 0.000796
20 0.000797
28 0.000800
20 0.000807
28 0.000811
28 0.000812
28 0.000812
28 0.000813
28 0.000824
28 0.000824
28 0.000826
20 0.000833
28 0.000835
28 0.000838
20 0.000839
20 0.000840
27 0.000840
28 0.000844
20 0.000842
27 0.000845
27 0.000870
27 0.000884
27 0.000885
27 0.000887
27 0.000904
20 0.000910
20 0.000924
20 0.000927
20 0.000937
20 0.000952
21 0.000991
21 0.001006
21 0.001007
21 0.001012
21 0.001020
21 0.001023
21 0.001026
21 0.001028
21 0.001029
21 0.001031
21 0.001032
21 0.001035
21 0.001039
20 0.001060
20 0.001065
21 0.001080
21 0.001080
21 0.001081
21 0.001086
21 0.001086
21 0.001090
21 0.001097
21 0.001100
21 0.001101
21 0.001107
21 0.001110
21 0.001111
21 0.001114
21 0.001116
21 0.001119
21 0.001135
20 0.001138
20 0.001159
20 0.001174
21 0.001172
18 0.001177
21 0.001183
21 0.001192
21 0.001196
21 0.001203
21 0.001206
21 0.001214
21 0.001217
21 0.001219
20 0.001257
20 0.001283
19 0.001311
29 0.001500
29 0.001516
29 0.001522
28 0.001585
28 0.001588
28 0.001602
28 0.001613
28 0.001628
28 0.001635
27 0.001719
27 0.001734
27 0.001736
27 0.001737
27 0.001752
29 0.002183
29 0.002215
29 0.002225
19 0.002248
19 0.002266
28 0.002294
28 0.002307
28 0.002324
28 0.002325
28 0.002327
28 0.002328
19 0.002350
28 0.002355
19 0.002360
28 0.002360
19 0.002362
28 0.002369
19 0.002370
28 0.002378
28 0.002391
28 0.002394
28 0.002402
28 0.002403
28 0.002405
28 0.002406
28 0.002407
28 0.002408
27 0.002430
27 0.002446
27 0.002493
19 0.002514
19 0.002517
27 0.002526
19 0.002530
27 0.002532
19 0.002553
27 0.002554
27 0.002555
27 0.002562
27 0.002588
27 0.002595
19 0.002642
19 0.002648
26 0.002701
19 0.002703
19 0.002708
26 0.002719
26 0.002740
19 0.002863
19 0.002869
19 0.002899
19 0.002928
18 0.003001
18 0.003010
18 0.003032
19 0.003326
19 0.003332
18 0.003524
18 0.003526
18 0.003529
19 0.003729
19 0.003749
18 0.003888
19 0.003971
19 0.004026
19 0.004030
18 0.004061
18 0.004075
18 0.004077
18 0.004113
18 0.004117
17 0.004281
17 0.004331
16 0.004448
16 0.004461
16 0.004468
16 0.004499
16 0.004521
16 0.004522
19 0.004533
16 0.004590
19 0.004609
18 0.004679
18 0.004701
19 0.004733
19 0.004744
18 0.004758
18 0.004889
18 0.004888
17 0.004890
18 0.004901
18 0.004940
18 0.004945
18 0.004949
18 0.004956
18 0.004964
18 0.004963
18 0.004977
18 0.004986
17 0.004990
18 0.005007
28 0.005008
18 0.005012
17 0.005018
28 0.005033
17 0.005081
17 0.005098
17 0.005116
17 0.005118
18 0.005129
28 0.005137
18 0.005150
28 0.005203
16 0.005209
28 0.005208
16 0.005209
16 0.005240
17 0.005259
17 0.005273
16 0.005292
16 0.005376
19 0.005365
19 0.005389
27 0.005399
16 0.005422
16 0.005424
27 0.005462
27 0.005475
16 0.005548
12 0.005547
16 0.005603
12 0.005632
11 0.005696
11 0.005702
15 0.005744
15 0.005752
14 0.006108
14 0.006170
11 0.006302
11 0.006320
13 0.006524
22 0.006544
13 0.006618
23 0.006776
12 0.006789
12 0.006911
23 0.007007
12 0.007055
12 0.007066
12 0.007080
12 0.007103
12 0.007153
12 0.007161
12 0.007170
12 0.007195
11 0.007237
12 0.007237
12 0.007257
11 0.007258
11 0.007258
11 0.007279
12 0.007282
11 0.007296
11 0.007352
12 0.007373
11 0.007374
11 0.007398
22 0.007438
11 0.007463
11 0.007486
11 0.007533
11 0.007547
11 0.007587
11 0.007602
23 0.007608
11 0.007626
22 0.007751
21 0.007839
11 0.007852
11 0.007879
23 0.007961
23 0.007966
23 0.008006
23 0.008040
12 0.008068
24 0.008220
24 0.008309
22 0.008318
23 0.008334
24 0.008332
24 0.008521
19 0.008590
10 0.008616
10 0.008620
10 0.008634
10 0.008643
10 0.008672
10 0.008678
10 0.008679
10 0.008691
10 0.008696
10 0.008702
24 0.008708
24 0.008716
10 0.008713
10 0.008751
10 0.008770
10 0.008792
10 0.008798
10 0.008802
10 0.008802
22 0.008839
22 0.009028
21 0.009034
22 0.009086
19 0.009100
23 0.009100
23 0.009273
22 0.009330
23 0.009367
23 0.009489
24 0.009489
22 0.009522
23 0.009649
23 0.009684
24 0.009682
24 0.009697
25 0.009727
24 0.009782
22 0.009818
24 0.009842
24 0.009879
23 0.009885
23 0.009925
24 0.009922
24 0.010062
19 0.010298
19 0.010319
24 0.010385
24 0.010429
22 0.010463
24 0.010578
24 0.010588
25 0.010766
11 0.010800
11 0.010848
23 0.010856
11 0.010888
23 0.011107
26 0.011119
19 0.011129
19 0.011138
26 0.011312
22 0.011497
25 0.011751
26 0.011900
24 0.011957
24 0.012042
26 0.012058
26 0.012249
26 0.012749
10 0.013222
10 0.013248
10 0.013303
11 0.013491
11 0.013499
11 0.013529
11 0.013565
11 0.013574
11 0.013602
11 0.013638
10 0.013704
13 0.013807
12 0.013917
10 0.013977
10 0.013987
10 0.014007
14 0.014059
13 0.014296
13 0.014375
13 0.014472
26 0.014570
11 0.014774
14 0.014832
14 0.014832
11 0.014948
11 0.015038
13 0.015064
14 0.015084
14 0.015192
26 0.015229
14 0.015246
27 0.015351
10 0.015371
10 0.015377
14 0.015409
16 0.015427
10 0.015436
10 0.015459
15 0.015471
15 0.015513
28 0.015559
15 0.015790
26 0.015870
15 0.015894
15 0.015968
14 0.015999
15 0.016014
15 0.016138
15 0.016185
15 0.016327
20 0.016360
16 0.016423
18 0.016535
16 0.016550
16 0.016602
16 0.016689
16 0.016803
16 0.016829
16 0.016888
11 0.017188
26 0.017322
16 0.017392
17 0.017416
16 0.017451
12 0.017474
18 0.017578
17 0.017700
16 0.017893
11 0.018000
17 0.018072
17 0.018070
17 0.018348
11 0.018431
16 0.018461
17 0.018488
18 0.018560
17 0.018819
18 0.018822
18 0.018898
18 0.019019
18 0.019069
18 0.019097
18 0.019108
18 0.019172
16 0.019245
18 0.019295
16 0.019576
18 0.019639
18 0.019765
18 0.019823
18 0.019853
18 0.019872
17 0.020040
18 0.020209
18 0.020264
18 0.020296
16 0.020316
17 0.020389
18 0.020409
18 0.020411
28 0.020670
19 0.020732
17 0.020833
16 0.020918
16 0.021039
19 0.021070
18 0.021255
20 0.021272
18 0.021292
18 0.021309
20 0.021530
17 0.021871
18 0.021941
19 0.022138
17 0.022319
18 0.022317
17 0.022383
20 0.022381
19 0.022423
27 0.022479
17 0.022484
26 0.022780
20 0.022788
18 0.022813
17 0.023069
20 0.023287
18 0.023420
18 0.023462
20 0.023759
20 0.023759
15 0.023805
20 0.023876
17 0.023948
18 0.024003
20 0.024113
21 0.024215
21 0.024570
18 0.024699
20 0.024700
18 0.024947
14 0.025041
21 0.025048
16 0.025195
21 0.025287
18 0.025298
18 0.025620
18 0.025661
18 0.025747
21 0.025775
20 0.025824
5 0.025895
21 0.025980
16 0.025988
18 0.025985
16 0.026127
18 0.026181
18 0.026209
21 0.026206
21 0.026394
18 0.026515
20 0.026571
18 0.026626
17 0.026865
18 0.027032
5 0.027133
18 0.027211
18 0.027231
20 0.027230
19 0.027335
18 0.027401
18 0.027479
18 0.027582
16 0.027682
20 0.027940
21 0.027920
14 0.028202
28 0.028320
5 0.028397
20 0.028470
20 0.028710
20 0.028892
17 0.029024
16 0.029171
5 0.029341
21 0.029329
20 0.029608
15 0.029680
16 0.029818
5 0.029964
18 0.030041
14 0.030240
18 0.030240
21 0.030278
19 0.030355
21 0.030572
5 0.030583
20 0.031151
5 0.031251
18 0.031756
20 0.031737
5 0.032105
21 0.032599
5 0.032657
20 0.032869
20 0.033042
21 0.033201
5 0.033356
18 0.033400
5 0.033988
20 0.034079
17 0.034270
18 0.034554
5 0.034600
21 0.034612
18 0.034646
28 0.034774
5 0.035541
4 0.036086
17 0.036093
5 0.036396
17 0.036440
5 0.037063
28 0.037345
4 0.037440
5 0.037776
29 0.038506
17 0.038685
5 0.038740
16 0.038768
18 0.039568
5 0.039606
4 0.040524
4 0.040645
5 0.040694
16 0.041038
17 0.041023
4 0.041345
24 0.041410
22 0.042015
18 0.043047
23 0.043475
4 0.044368
4 0.045116
4 0.046372
27 0.048414
4 0.048453
4 0.049700
4 0.050460
4 0.050938
4 0.051951
25 0.052280
24 0.054000
4 0.054065
3 0.054290
4 0.055092
4 0.058485
23 0.058500
21 0.059215
3 0.061567
3 0.061603
26 0.064800
22 0.065785
2 0.068514
3 0.068798
2 0.070931
3 0.071553
2 0.071818
2 0.072449
28 0.072500
3 0.073038
2 0.073552
2 0.073603
24 0.075695
2 0.077929
3 0.078807
3 0.078846
3 0.079136
2 0.079746
3 0.080114
2 0.081100
2 0.081388
2 0.082700
3 0.082934
2 0.084881
2 0.085130
2 0.085849
2 0.086199
2 0.086539
2 0.086934
2 0.087326
2 0.087672
2 0.087701
2 0.087756
2 0.087870
2 0.088413
2 0.088585
2 0.088694
2 0.089057
2 0.089241
2 0.089368
2 0.089423
2 0.089676
2 0.089698
2 0.090107
2 0.090611
2 0.091421
2 0.092202
2 0.092424
2 0.093523
2 0.093590
2 0.094333
15 0.094415
2 0.094553
2 0.094596
16 0.095290
2 0.095438
2 0.095629
2 0.095815
2 0.096041
28 0.096200
2 0.096804
2 0.097476
2 0.097757
2 0.098766
2 0.099295
2 0.100405
2 0.100857
2 0.100873
2 0.101027
2 0.101260
2 0.101871
2 0.102783
2 0.102833
2 0.103026
2 0.103647
2 0.103935
2 0.103958
2 0.104452
2 0.104474
3 0.104888
2 0.104975
2 0.105469
2 0.105580
4 0.105613
2 0.105696
2 0.105880
2 0.105910
2 0.106063
2 0.106301
2 0.106578
2 0.106613
2 0.106919
2 0.107374
4 0.107472
2 0.108839
4 0.109165
2 0.109440
2 0.109705
5 0.109710
4 0.110550
5 0.110624
5 0.111322
4 0.111943
2 0.111995
5 0.112120
5 0.112880
5 0.113386
5 0.114238
2 0.114264
2 0.114486
5 0.114906
4 0.115218
5 0.115754
5 0.116735
5 0.117653
5 0.118363
3 0.118680
14 0.119040
5 0.119254
3 0.120096
5 0.120122
5 0.120490
5 0.121436
3 0.121930
5 0.122134
4 0.122744
4 0.122887
5 0.123011
5 0.123973
3 0.124438
5 0.124699
2 0.125005
5 0.125307
4 0.125869
28 0.125900
5 0.126024
2 0.126551
29 0.126900
5 0.126935
4 0.127484
2 0.127557
5 0.127820
3 0.127914
2 0.128246
5 0.128613
2 0.128747
5 0.129208
4 0.129346
2 0.129839
5 0.129922
29 0.130000
2 0.130830
4 0.130941
5 0.130972
3 0.131239
2 0.131434
5 0.131889
2 0.132069
4 0.132117
5 0.132328
2 0.132639
5 0.132922
3 0.133297
3 0.133948
4 0.134008
4 0.135042
2 0.135059
2 0.135184
2 0.135531
2 0.135877
2 0.135901
4 0.136205
2 0.136260
3 0.136308
2 0.136795
2 0.137184
4 0.137214
3 0.137679
3 0.137749
4 0.137782
4 0.138880
2 0.139313
2 0.139864
2 0.140278
4 0.140549
2 0.140717
2 0.141490
4 0.141527
2 0.141843
2 0.142176
3 0.142348
2 0.142783
2 0.143024
4 0.143434
2 0.143490
2 0.143624
2 0.144214
2 0.144598
2 0.144906
4 0.144969
2 0.145030
2 0.145229
2 0.145800
2 0.145941
2 0.146375
2 0.146384
2 0.146607
4 0.146618
2 0.147070
2 0.147240
2 0.147398
2 0.147493
2 0.147606
3 0.148123
2 0.148154
4 0.148277
2 0.148533
2 0.148883
2 0.149283
2 0.149337
2 0.149543
2 0.149669
4 0.149981
2 0.150337
2 0.150476
2 0.150539
2 0.150863
2 0.151051
2 0.151247
2 0.151337
2 0.151449
4 0.151528
2 0.151763
2 0.151949
2 0.151984
2 0.152054
2 0.152486
2 0.152576
2 0.153186
2 0.153213
2 0.153399
2 0.153500
4 0.153512
2 0.153756
2 0.154024
2 0.154039
2 0.154059
2 0.154170
3 0.154346
2 0.154468
2 0.154796
2 0.155065
4 0.155112
2 0.155139
2 0.155265
2 0.155390
2 0.155513
2 0.155570
2 0.155834
2 0.156592
2 0.156641
4 0.156735
2 0.156942
2 0.157949
2 0.158063
2 0.158200
4 0.158347
2 0.158368
2 0.159017
2 0.159356
3 0.159375
4 0.159512
2 0.159840
2 0.160239
2 0.160485
2 0.160528
2 0.160683
4 0.160814
2 0.160864
2 0.161030
2 0.161792
2 0.162143
2 0.162243
2 0.163027
2 0.163660
4 0.163975
3 0.164221
2 0.164946
4 0.165016
1 0.165532
2 0.165632
2 0.166000
2 0.166300
2 0.167278
3 0.167914
1 0.168809
23 0.169000
1 0.169108
3 0.170210
1 0.170384
4 0.170437
1 0.171336
2 0.171772
3 0.172237
28 0.172400
1 0.172566
2 0.173655
3 0.174137
1 0.174157
2 0.175328
3 0.176886
1 0.177482
24 0.177600
4 0.179799
4 0.181756
4 0.181923
1 0.182535
4 0.183704
3 0.184091
4 0.184962
4 0.186724
16 0.187165
4 0.191871
2 0.192975
2 0.194460
2 0.194649
2 0.195752
4 0.196631
2 0.197049
3 0.197195
2 0.197703
2 0.197996
2 0.198986
2 0.199970
3 0.201387
2 0.203651
2 0.203778
2 0.204446
2 0.205564
2 0.207933
15 0.208600
2 0.209906
2 0.210546
2 0.211277
2 0.211798
2 0.212365
2 0.212672
2 0.213501
2 0.213666
2 0.214966
3 0.215796
2 0.216200
1 0.216577
2 0.217566
1 0.217962
2 0.218009
1 0.218240
2 0.219031
2 0.219295
2 0.219637
1 0.220027
1 0.220044
2 0.220120
2 0.221050
2 0.221096
1 0.221527
2 0.221580
1 0.221634
2 0.221880
1 0.222639
2 0.222747
1 0.222847
2 0.222956
1 0.223077
1 0.223915
2 0.224331
1 0.224496
2 0.224770
1 0.226123
1 0.226378
2 0.226449
28 0.226800
2 0.227696
28 0.228300
2 0.228735
1 0.229455
2 0.229508
3 0.230018
1 0.230383
3 0.236889
2 0.237061
3 0.239247
1 0.239336
2 0.240407
3 0.240623
1 0.240739
3 0.241307
28 0.241600
1 0.244238
28 0.244500
3 0.244518
3 0.246916
3 0.248311
2 0.248654
3 0.248721
2 0.249050
1 0.249290
2 0.250703
3 0.250925
3 0.252314
2 0.252735
3 0.253942
16 0.254525
2 0.254557
3 0.256714
2 0.257253
3 0.257410
2 0.259130
2 0.260105
3 0.261010
1 0.261915
3 0.264471
2 0.266708
2 0.269010
3 0.269718
2 0.270176
2 0.270399
2 0.271431
2 0.271958
2 0.272248
2 0.273815
2 0.274608
3 0.275214
1 0.276719
2 0.277049
2 0.279262
2 0.280035
2 0.281163
3 0.281377
1 0.282520
2 0.283820
2 0.285859
2 0.287794
2 0.288504
1 0.296203
3 0.297974
2 0.298721
1 0.299823
28 0.300300
17 0.300875
1 0.301172
1 0.303698
1 0.306430
1 0.307469
1 0.309489
1 0.310083
1 0.310950
1 0.312702
1 0.319502
1 0.320916
1 0.324410
1 0.324848
1 0.327490
1 0.328367
2 0.329137
1 0.329149
2 0.330183
2 0.330218
1 0.330890
2 0.331723
1 0.333880
2 0.333961
2 0.336661
2 0.337142
2 0.337592
28 0.337800
2 0.338168
2 0.338592
1 0.348476
13 0.350120
1 0.352524
1 0.353139
3 0.354988
1 0.360016
1 0.360306
3 0.364046
2 0.368760
3 0.370397
3 0.374576
3 0.374934
3 0.375313
3 0.377804
2 0.378734
3 0.379188
2 0.379893
3 0.380521
3 0.381026
2 0.381996
2 0.382801
2 0.386523
3 0.388278
2 0.388523
2 0.389403
2 0.390428
2 0.392176
2 0.393438
28 0.393700
18 0.394335
3 0.395493
2 0.398815
2 0.399443
2 0.400461
1 0.402377
2 0.403379
2 0.404463
2 0.404489
1 0.406379
2 0.406925
3 0.409164
2 0.413253
2 0.414418
2 0.415479
2 0.416231
2 0.416546
2 0.417303
2 0.418069
14 0.418480
2 0.421305
2 0.423164
1 0.425020
2 0.425683
1 0.427631
2 0.428117
3 0.428461
2 0.429368
3 0.435319
3 0.435402
3 0.435646
2 0.436660
3 0.437207
3 0.437263
3 0.437466
3 0.437834
3 0.438765
28 0.444400
2 0.444608
1 0.448170
2 0.450727
1 0.451070
2 0.451732
1 0.453210
1 0.454100
2 0.454230
2 0.455720
1 0.458830
2 0.459819
2 0.465057
1 0.465242
2 0.466267
2 0.467301
2 0.467488
2 0.468330
1 0.470590
2 0.475976
2 0.481429
2 0.485262
2 0.485634
2 0.487467
2 0.490280
2 0.491111
2 0.491975
2 0.492780
3 0.492879
2 0.493308
2 0.494441
2 0.495511
2 0.498690
2 0.500820
2 0.501125
2 0.501402
2 0.502268
2 0.504042
2 0.504875
2 0.505320
2 0.506032
2 0.506687
2 0.506851
2 0.507372
2 0.508969
2 0.509524
3 0.509570
2 0.510149
1 0.510696
2 0.512590
1 0.515468
2 0.515953
3 0.517041
2 0.518481
3 0.520979
1 0.521965
3 0.522066
1 0.522160
3 0.527006
2 0.527146
2 0.527799
1 0.529399
3 0.531926
2 0.536988
3 0.537128
16 0.537725
3 0.541999
3 0.549647
3 0.557549
3 0.561056
1 0.570182
3 0.570370
3 0.577016
1 0.578373
2 0.580760
2 0.583513
3 0.585234
28 0.588300
2 0.589961
2 0.593922
2 0.594284
3 0.596690
2 0.599492
2 0.600178
2 0.602493
2 0.607390
2 0.608203
2 0.610168
3 0.610256
2 0.610910
2 0.611619
2 0.615209
2 0.615592
28 0.617300
2 0.617374
2 0.618860
2 0.619039
2 0.619981
2 0.620598
2 0.621018
2 0.621866
2 0.622157
2 0.626358
2 0.627508
2 0.629044
2 0.630275
2 0.630772
2 0.631424
2 0.632822
3 0.637103
2 0.637503
2 0.637960
2 0.640515
2 0.642566
2 0.644475
2 0.645034
2 0.646803
2 0.647196
2 0.648323
2 0.648621
3 0.651434
2 0.651912
2 0.653189
2 0.655310
2 0.657890
2 0.662612
2 0.664323
3 0.664596
2 0.666280
2 0.677223
3 0.679507
2 0.680809
2 0.681153
2 0.682509
2 0.684605
2 0.687069
2 0.687413
2 0.688130
2 0.693947
2 0.695479
2 0.697950
2 0.702480
2 0.719688
2 0.732803
2 0.733371
2 0.738431
2 0.740639
2 0.743620
2 0.756410
2 0.765444
2 0.766676
2 0.768390
2 0.774623
2 0.778088
2 0.780733
2 0.780981
2 0.782781
2 0.786274
2 0.789274
2 0.790473
1 0.793531
2 0.794662
2 0.797423
2 0.799036
1 0.809486
2 0.827983
2 0.828544
2 0.850573
2 0.851340
2 0.861150
2 0.981590
2 0.983067
2 0.983349
2 0.986398
2 0.986684
2 0.988668
2 0.991914
2 0.992067
2 0.992832
2 0.994172
2 0.996309
2 1.000933
2 1.002572
2 1.004084
2 1.005769
2 1.008312
End Spectral Lines:
