Symbol: Kr
Atomic Number: 36
Atomic Mass: 83.800000
Start Spectral Index: 36
1 860
2 1178
3 877
4 485
5 174
6 142
7 73
8 177
9 26
10 46
18 12
19 2
20 4
21 6
22 7
23 24
24 14
25 50
26 71
27 62
28 69
29 16
30 10
31 12
32 10
33 12
34 60
35 110
36 21
End Spectral Index:
Order of Magnitude: 0.000001
Start Spectral Lines:
36 0.000072
36 0.000074
35 0.000075
35 0.000075
35 0.000076
35 0.000076
36 0.000078
36 0.000078
35 0.000080
35 0.000080
35 0.000091
35 0.000092
36 0.000092
35 0.000092
35 0.000092
35 0.000092
35 0.000092
35 0.000092
35 0.000092
35 0.000092
35 0.000092
35 0.000092
36 0.000092
35 0.000093
35 0.000093
35 0.000093
35 0.000093
35 0.000093
35 0.000093
35 0.000093
35 0.000093
35 0.000093
35 0.000093
35 0.000094
34 0.000094
34 0.000095
35 0.000095
35 0.000095
34 0.000095
34 0.000095
34 0.000095
34 0.000095
34 0.000095
34 0.000095
34 0.000095
34 0.000095
35 0.000095
34 0.000095
34 0.000095
34 0.000095
34 0.000095
35 0.000096
34 0.000096
34 0.000096
34 0.000096
34 0.000096
34 0.000096
34 0.000096
34 0.000096
34 0.000097
36 0.000327
36 0.000333
35 0.000340
35 0.000340
35 0.000344
35 0.000345
35 0.000351
35 0.000354
34 0.000357
34 0.000357
34 0.000364
36 0.000365
34 0.000365
34 0.000371
34 0.000371
34 0.000372
36 0.000373
35 0.000379
35 0.000380
35 0.000384
35 0.000385
35 0.000385
35 0.000385
35 0.000387
35 0.000392
35 0.000393
35 0.000395
35 0.000395
35 0.000397
34 0.000398
34 0.000399
34 0.000407
34 0.000409
34 0.000415
34 0.000415
34 0.000418
27 0.000434
28 0.000436
27 0.000439
27 0.000442
27 0.000446
27 0.000448
29 0.000449
27 0.000452
27 0.000452
27 0.000455
27 0.000459
28 0.000459
28 0.000459
28 0.000461
27 0.000468
28 0.000470
28 0.000470
26 0.000478
27 0.000481
36 0.000489
26 0.000490
26 0.000490
27 0.000491
27 0.000496
29 0.000496
27 0.000497
27 0.000497
25 0.000498
26 0.000500
29 0.000500
26 0.000500
29 0.000503
26 0.000503
36 0.000503
35 0.000506
28 0.000508
35 0.000510
29 0.000513
35 0.000514
35 0.000515
28 0.000515
35 0.000515
35 0.000515
28 0.000516
28 0.000516
28 0.000517
28 0.000517
28 0.000518
28 0.000518
28 0.000519
28 0.000519
35 0.000523
35 0.000528
27 0.000528
34 0.000529
35 0.000529
28 0.000530
26 0.000532
35 0.000533
34 0.000533
26 0.000535
26 0.000536
26 0.000536
26 0.000536
26 0.000536
26 0.000537
35 0.000538
26 0.000538
27 0.000540
35 0.000540
27 0.000541
27 0.000542
34 0.000544
25 0.000544
26 0.000545
26 0.000548
26 0.000548
26 0.000548
26 0.000549
26 0.000549
26 0.000550
26 0.000552
27 0.000554
34 0.000555
25 0.000557
25 0.000557
34 0.000558
34 0.000560
34 0.000571
28 0.000596
28 0.000596
28 0.000596
28 0.000601
28 0.000601
27 0.000610
28 0.000613
28 0.000614
28 0.000614
28 0.000617
28 0.000617
28 0.000617
28 0.000619
28 0.000621
28 0.000622
28 0.000626
27 0.000634
27 0.000639
26 0.000640
26 0.000642
28 0.000643
28 0.000645
28 0.000647
28 0.000647
28 0.000648
28 0.000648
28 0.000650
28 0.000652
28 0.000653
28 0.000659
28 0.000661
28 0.000662
28 0.000663
28 0.000664
28 0.000666
28 0.000668
27 0.000670
28 0.000670
26 0.000671
28 0.000672
28 0.000673
28 0.000673
26 0.000673
26 0.000677
26 0.000678
25 0.000679
26 0.000685
27 0.000688
28 0.000688
26 0.000689
28 0.000690
26 0.000691
26 0.000692
28 0.000694
28 0.000694
28 0.000694
26 0.000695
27 0.000696
28 0.000697
26 0.000698
25 0.000698
28 0.000699
27 0.000700
28 0.000701
28 0.000712
28 0.000716
28 0.000719
28 0.000720
28 0.000720
27 0.000721
28 0.000721
27 0.000727
27 0.000728
26 0.000730
26 0.000732
26 0.000735
26 0.000738
26 0.000738
26 0.000739
26 0.000740
25 0.000742
27 0.000750
27 0.000752
26 0.000753
26 0.000757
26 0.000758
26 0.000760
36 0.000965
36 0.000981
36 0.000987
35 0.001008
35 0.001012
35 0.001018
35 0.001025
35 0.001042
35 0.001045
34 0.001077
34 0.001086
34 0.001094
34 0.001095
34 0.001105
36 0.001400
36 0.001432
36 0.001442
35 0.001457
35 0.001471
35 0.001474
35 0.001475
35 0.001475
35 0.001475
35 0.001504
35 0.001505
35 0.001510
35 0.001516
26 0.001521
35 0.001526
34 0.001527
35 0.001534
35 0.001538
35 0.001540
35 0.001541
35 0.001542
35 0.001542
35 0.001542
34 0.001542
34 0.001558
34 0.001592
34 0.001597
34 0.001597
26 0.001606
26 0.001633
34 0.001638
26 0.001793
26 0.001799
26 0.002118
26 0.002137
25 0.002182
26 0.002226
26 0.002274
26 0.002476
26 0.002541
26 0.002562
26 0.002573
35 0.003193
35 0.003196
35 0.003265
35 0.003336
35 0.003336
34 0.003375
34 0.003439
34 0.003451
18 0.003519
18 0.003540
26 0.004810
26 0.004859
26 0.004992
26 0.005085
28 0.005259
29 0.005364
29 0.005397
30 0.005460
26 0.005572
26 0.005593
31 0.005699
29 0.005849
29 0.005870
26 0.005938
26 0.005947
29 0.005971
31 0.005972
30 0.006032
30 0.006073
9 0.006210
31 0.006241
31 0.006310
30 0.006369
31 0.006412
32 0.006465
32 0.006507
31 0.006538
9 0.006655
32 0.006652
28 0.006873
29 0.006942
32 0.006996
30 0.007189
33 0.007263
33 0.007276
29 0.007466
9 0.007546
33 0.007568
33 0.007568
9 0.007630
31 0.007660
9 0.007679
33 0.007710
32 0.007890
31 0.007923
31 0.004159
31 0.007958
29 0.007995
33 0.008073
32 0.008445
30 0.008625
29 0.008698
34 0.009105
18 0.009140
35 0.009170
10 0.009177
18 0.009200
18 0.009221
18 0.009271
18 0.009295
18 0.009335
18 0.009356
32 0.009373
31 0.009508
19 0.009623
10 0.009669
10 0.009701
10 0.009819
33 0.009824
10 0.009841
10 0.009851
10 0.009851
10 0.009891
10 0.009904
20 0.009916
10 0.009920
10 0.009922
10 0.009926
18 0.009933
10 0.009953
10 0.009953
10 0.009965
20 0.009966
10 0.009983
10 0.010007
10 0.010011
20 0.010025
10 0.010026
10 0.010030
10 0.010065
10 0.010066
10 0.010088
10 0.010107
10 0.010116
10 0.010118
10 0.010122
10 0.010137
10 0.010167
10 0.010169
10 0.010172
10 0.010199
18 0.010200
10 0.010215
10 0.010226
10 0.010230
10 0.010269
10 0.010275
10 0.010284
10 0.010291
20 0.010302
10 0.010325
21 0.010327
10 0.010349
10 0.010357
21 0.010368
10 0.010379
10 0.010402
21 0.010401
10 0.010437
10 0.010462
21 0.010717
23 0.010724
21 0.010770
22 0.010836
21 0.010888
22 0.010898
22 0.010965
22 0.011006
25 0.011024
30 0.011061
23 0.011105
35 0.011109
33 0.011162
22 0.011168
23 0.011259
23 0.011259
22 0.011401
23 0.011401
23 0.011437
8 0.011474
23 0.011492
9 0.011495
8 0.011524
9 0.011574
8 0.011605
23 0.011680
8 0.011735
9 0.011771
33 0.011772
8 0.011818
23 0.011847
24 0.011862
19 0.011867
23 0.011885
8 0.011945
8 0.011954
8 0.011960
8 0.011988
8 0.012091
8 0.012096
8 0.012130
8 0.012149
8 0.012158
8 0.012160
8 0.012189
8 0.012292
8 0.012308
33 0.012300
8 0.012350
8 0.012357
8 0.012378
8 0.012389
23 0.012432
8 0.012448
23 0.012452
8 0.012476
8 0.012482
8 0.012501
8 0.012530
8 0.012544
8 0.012669
8 0.012681
25 0.012689
23 0.012729
23 0.012765
8 0.012774
23 0.012849
25 0.012942
25 0.013000
25 0.012990
24 0.013070
23 0.013070
1 0.013109
1 0.013143
25 0.013179
24 0.013179
1 0.013212
24 0.013247
23 0.013279
1 0.013281
1 0.013317
25 0.013322
1 0.013390
1 0.013409
24 0.013410
1 0.013588
25 0.013602
25 0.013698
8 0.013842
8 0.013878
23 0.013942
8 0.014017
26 0.014089
35 0.014100
25 0.014166
8 0.014212
32 0.014313
8 0.014351
25 0.014397
25 0.014395
25 0.014440
23 0.014467
27 0.014538
25 0.014551
8 0.014551
27 0.014578
25 0.014608
25 0.014612
25 0.014694
27 0.014751
25 0.014865
27 0.014973
24 0.014976
25 0.014978
25 0.015046
27 0.015089
32 0.015112
24 0.015202
24 0.015211
27 0.015239
27 0.015239
8 0.015319
25 0.015504
8 0.015552
25 0.015818
27 0.015843
27 0.015903
36 0.015911
26 0.015992
8 0.015995
30 0.016090
25 0.016116
27 0.016209
8 0.016241
25 0.016332
26 0.016516
25 0.016608
25 0.016895
25 0.016961
33 0.016985
27 0.016998
27 0.017078
25 0.017114
25 0.017234
24 0.017247
27 0.017303
27 0.017360
25 0.017400
34 0.017404
27 0.017410
25 0.017488
27 0.017553
25 0.017579
27 0.017613
27 0.017763
26 0.017899
8 0.018167
25 0.018195
8 0.018222
8 0.018292
27 0.018395
8 0.018552
27 0.018583
27 0.018685
25 0.018690
27 0.018819
27 0.018819
27 0.019007
29 0.019051
8 0.019098
25 0.019291
25 0.019296
24 0.019442
8 0.019464
25 0.019561
27 0.019615
25 0.019766
8 0.019856
8 0.020106
32 0.020301
8 0.020486
30 0.020522
25 0.021701
25 0.021706
26 0.022006
7 0.022128
28 0.022400
27 0.022825
27 0.023409
33 0.023549
29 0.023593
27 0.024118
27 0.024213
25 0.024252
27 0.024292
24 0.024288
24 0.024807
23 0.025009
31 0.025200
30 0.025990
35 0.026460
23 0.026751
24 0.027256
35 0.028000
8 0.028497
8 0.028611
8 0.028611
8 0.028869
8 0.029708
7 0.031128
7 0.031392
24 0.031802
7 0.032042
6 0.033166
6 0.033284
6 0.033284
6 0.034669
6 0.034846
6 0.035193
6 0.035799
6 0.036312
6 0.036618
6 0.037418
6 0.037474
6 0.037623
6 0.038047
6 0.038201
6 0.038201
35 0.038520
7 0.038553
6 0.038717
6 0.038772
3 0.038805
6 0.038929
6 0.038927
6 0.039070
3 0.039837
3 0.039751
6 0.039954
9 0.040281
9 0.040228
9 0.040220
6 0.040344
5 0.040445
3 0.040462
3 0.040855
3 0.040819
3 0.040812
3 0.040780
3 0.040715
6 0.041058
5 0.041086
5 0.041144
3 0.041248
5 0.041507
3 0.041621
5 0.041807
3 0.041860
9 0.041860
9 0.041800
9 0.041800
9 0.041794
9 0.041776
6 0.041941
5 0.042163
3 0.042168
3 0.042163
6 0.042490
3 0.042520
3 0.042839
3 0.042817
3 0.042756
3 0.042752
3 0.042723
3 0.042710
3 0.042706
5 0.042857
6 0.042855
7 0.042995
3 0.043012
3 0.043011
6 0.043046
5 0.043241
3 0.043283
3 0.043185
6 0.043379
8 0.043412
7 0.043417
5 0.043455
7 0.043502
3 0.043706
3 0.043692
3 0.043683
6 0.044004
6 0.044020
5 0.044037
6 0.044084
5 0.044145
6 0.044228
3 0.044305
6 0.044386
6 0.044501
6 0.044498
7 0.044531
3 0.044630
7 0.044670
3 0.044759
7 0.044760
6 0.044850
6 0.044866
6 0.044895
6 0.044916
6 0.045020
6 0.045058
8 0.045065
3 0.045079
1 0.045145
1 0.045156
1 0.045169
1 0.045186
1 0.045207
5 0.045208
1 0.045234
1 0.045268
6 0.045297
3 0.045303
1 0.045315
8 0.045336
1 0.045373
1 0.045473
1 0.045612
5 0.045715
7 0.045812
1 0.045869
6 0.045946
3 0.046143
3 0.046113
3 0.046103
3 0.046061
3 0.046047
6 0.046194
6 0.046231
7 0.046262
1 0.046271
5 0.046278
5 0.046511
6 0.046527
5 0.046643
6 0.046726
5 0.046744
7 0.046838
5 0.046920
3 0.046993
6 0.047019
5 0.047020
5 0.047120
1 0.047123
1 0.047148
5 0.047218
5 0.047218
5 0.047359
6 0.047421
6 0.047562
5 0.047575
35 0.047730
5 0.047783
6 0.047801
7 0.047927
5 0.048012
7 0.048022
4 0.048062
6 0.048063
7 0.048092
5 0.048172
7 0.048220
6 0.048270
5 0.048464
7 0.048757
4 0.048844
6 0.048973
5 0.049081
4 0.049272
4 0.049386
4 0.049414
6 0.049546
4 0.049566
5 0.049572
1 0.049607
6 0.049623
4 0.049646
4 0.049679
1 0.049750
6 0.049806
4 0.049870
4 0.049905
5 0.049975
7 0.050016
5 0.050085
7 0.050135
4 0.050150
5 0.050245
4 0.050287
4 0.050323
4 0.050369
5 0.050373
5 0.050723
6 0.050783
6 0.051179
4 0.051329
4 0.051374
4 0.051484
5 0.051535
3 0.051639
6 0.051696
4 0.051730
4 0.051771
4 0.051817
4 0.052090
4 0.052115
4 0.052117
5 0.052188
6 0.052230
4 0.052478
6 0.052504
5 0.052549
3 0.052569
36 0.052570
4 0.052657
5 0.052657
4 0.052808
6 0.052846
3 0.052881
4 0.052939
8 0.052989
5 0.053004
3 0.053031
4 0.053089
3 0.053126
4 0.053277
8 0.053365
8 0.053375
4 0.053563
5 0.053608
5 0.053634
36 0.053730
3 0.053854
5 0.053950
5 0.054035
6 0.054058
3 0.054079
3 0.054086
4 0.054234
4 0.054303
3 0.054342
6 0.054369
6 0.054402
3 0.054441
3 0.054655
3 0.054669
4 0.054727
5 0.054738
5 0.054769
5 0.054807
6 0.054810
3 0.054865
3 0.055053
2 0.055133
5 0.055151
3 0.055168
3 0.055206
4 0.055248
4 0.055344
7 0.055441
6 0.055451
3 0.055480
7 0.055530
7 0.055580
7 0.055661
7 0.055685
7 0.055751
4 0.055775
4 0.055795
7 0.055822
3 0.055864
2 0.055932
2 0.056079
4 0.056092
3 0.056098
2 0.056194
3 0.056269
2 0.056280
6 0.056347
5 0.056349
3 0.056513
4 0.056516
3 0.056564
3 0.056588
4 0.056644
6 0.056911
3 0.056916
6 0.056938
2 0.057002
3 0.057074
8 0.057120
3 0.057198
3 0.057323
4 0.057358
5 0.057367
4 0.057409
4 0.057436
4 0.057487
3 0.057496
3 0.057572
2 0.057591
3 0.057607
2 0.057665
2 0.057700
5 0.057729
6 0.057769
3 0.057809
3 0.057821
4 0.057896
2 0.057910
8 0.057927
2 0.057942
3 0.057983
2 0.058034
3 0.058058
6 0.058061
2 0.058122
4 0.058142
2 0.058150
4 0.058204
7 0.058332
4 0.058370
4 0.058367
3 0.058464
6 0.058498
9 0.058455
9 0.058430
6 0.058517
3 0.058514
7 0.058536
2 0.058569
3 0.058595
2 0.058627
5 0.058630
8 0.058698
8 0.058711
3 0.058738
3 0.058754
5 0.058771
6 0.058792
6 0.058830
2 0.058926
4 0.059183
6 0.059229
6 0.059269
6 0.059358
3 0.059370
3 0.059410
2 0.059429
6 0.059461
7 0.059489
4 0.059517
3 0.059553
2 0.059555
4 0.059572
5 0.059572
6 0.059598
3 0.059641
3 0.059659
6 0.059669
2 0.059696
3 0.059720
2 0.059864
2 0.059880
2 0.059898
6 0.059928
6 0.059979
2 0.059995
9 0.059965
3 0.060017
3 0.060114
4 0.060183
3 0.060367
4 0.060375
3 0.060385
5 0.060391
3 0.060436
2 0.060533
5 0.060537
2 0.060555
2 0.060578
3 0.060586
3 0.060647
6 0.060671
5 0.060675
2 0.060813
4 0.060987
6 0.061081
4 0.061106
3 0.061111
3 0.061119
4 0.061183
6 0.061232
3 0.061249
2 0.061338
6 0.061407
6 0.061479
6 0.061508
2 0.061514
2 0.061523
5 0.061527
4 0.061614
4 0.061656
3 0.061673
4 0.061704
2 0.061707
6 0.061719
7 0.061719
6 0.061739
2 0.061776
2 0.061805
2 0.061852
7 0.061866
2 0.061888
9 0.061835
9 0.061835
5 0.061930
2 0.061939
2 0.061955
5 0.061972
2 0.062107
3 0.062145
2 0.062191
3 0.062279
6 0.062292
4 0.062294
5 0.062412
3 0.062427
5 0.062452
3 0.062501
3 0.062576
2 0.062590
6 0.062621
7 0.062649
5 0.062740
7 0.062766
3 0.062859
5 0.062881
5 0.062900
3 0.063004
3 0.063156
3 0.063309
2 0.063338
3 0.063363
2 0.063427
4 0.063480
2 0.063615
3 0.063635
2 0.063663
4 0.063667
4 0.063729
2 0.063821
6 0.063869
2 0.063896
2 0.063926
3 0.063998
2 0.064087
9 0.064185
9 0.064095
5 0.064188
4 0.064232
3 0.064285
2 0.064340
4 0.064348
3 0.064452
5 0.064494
7 0.064584
5 0.064585
3 0.064641
4 0.064925
5 0.064979
5 0.064979
5 0.065029
3 0.065120
8 0.065158
7 0.065290
7 0.065418
5 0.065502
2 0.065568
2 0.065710
6 0.065720
2 0.065865
3 0.065972
9 0.066160
9 0.066255
7 0.066242
3 0.066304
3 0.066485
2 0.066588
3 0.066733
2 0.066883
3 0.067031
4 0.067059
3 0.067082
3 0.067106
3 0.067118
3 0.067234
3 0.067285
5 0.067422
5 0.067437
9 0.067435
3 0.067484
6 0.067502
5 0.067600
3 0.067657
4 0.067753
4 0.067897
3 0.068012
2 0.068113
4 0.068192
2 0.068280
4 0.068303
3 0.068368
4 0.068576
2 0.068582
5 0.068599
3 0.068625
7 0.068678
5 0.068768
3 0.068798
7 0.068890
5 0.068948
5 0.069001
2 0.069057
4 0.069087
5 0.069184
3 0.069193
7 0.069223
5 0.069357
3 0.069561
8 0.069591
5 0.069607
3 0.069805
7 0.069811
4 0.069981
6 0.070008
7 0.070028
7 0.070028
5 0.070190
3 0.070484
6 0.070588
5 0.070758
3 0.070836
5 0.070885
5 0.071077
4 0.071151
2 0.071204
3 0.071400
3 0.071478
3 0.071984
3 0.072205
3 0.072212
7 0.072630
5 0.072880
3 0.072927
6 0.072931
2 0.072940
3 0.073027
3 0.073226
6 0.073320
4 0.073348
6 0.073499
6 0.073531
6 0.073890
6 0.073910
4 0.074017
2 0.074282
6 0.074283
2 0.074313
3 0.074390
6 0.074439
3 0.074576
3 0.074670
3 0.074684
6 0.074870
7 0.074948
5 0.074975
6 0.075029
5 0.075069
3 0.075098
3 0.075099
6 0.075110
2 0.075205
2 0.074745
4 0.075327
4 0.075535
4 0.075574
2 0.076118
5 0.076332
2 0.076398
2 0.076621
4 0.076661
6 0.076671
5 0.076737
5 0.076770
3 0.076812
4 0.076900
2 0.077103
5 0.077125
4 0.077156
2 0.077211
2 0.077369
7 0.077379
5 0.077553
4 0.077679
5 0.077782
7 0.077798
6 0.078091
4 0.078159
2 0.078210
4 0.078216
2 0.077871
3 0.078597
4 0.078695
4 0.078877
5 0.079343
2 0.079362
4 0.079362
5 0.079419
4 0.079552
2 0.079667
2 0.079909
4 0.079912
6 0.079971
4 0.080525
2 0.080551
4 0.080574
3 0.080752
3 0.080758
5 0.081023
6 0.081062
4 0.081274
5 0.081561
4 0.081631
4 0.081682
2 0.081815
5 0.081843
5 0.081925
4 0.081941
2 0.082116
6 0.082259
4 0.082323
6 0.082382
4 0.082549
6 0.082599
2 0.082643
6 0.083011
2 0.083038
7 0.083268
6 0.083419
4 0.083676
3 0.083766
4 0.084174
4 0.084202
2 0.084406
1 0.084765
1 0.084790
1 0.084817
1 0.084821
1 0.084853
1 0.084858
1 0.084896
1 0.084902
1 0.084949
1 0.084956
1 0.085015
1 0.085024
2 0.085032
1 0.085099
1 0.085110
4 0.085188
1 0.085206
7 0.085211
1 0.085221
1 0.085349
1 0.085368
23 0.085390
3 0.085474
1 0.085542
1 0.085569
1 0.085816
1 0.085853
2 0.085904
6 0.085967
1 0.086220
3 0.086258
1 0.086278
2 0.086482
4 0.086562
1 0.086854
2 0.086887
6 0.086898
1 0.086941
3 0.087084
4 0.087171
3 0.087668
7 0.087926
1 0.087939
5 0.088009
1 0.088081
4 0.088308
2 0.088414
4 0.088503
2 0.088630
1 0.088806
1 0.088814
4 0.088824
1 0.088834
1 0.088843
1 0.088864
1 0.088867
1 0.088878
1 0.088903
1 0.088907
1 0.088920
1 0.088951
1 0.088955
4 0.088967
1 0.088971
4 0.088994
1 0.089009
1 0.089014
1 0.089033
1 0.089081
1 0.089087
2 0.089100
1 0.089111
1 0.089172
1 0.089180
4 0.089191
1 0.089211
1 0.089290
1 0.089299
1 0.089340
4 0.089394
1 0.089446
1 0.089457
1 0.089511
1 0.089657
1 0.089670
1 0.089744
3 0.089781
5 0.089853
6 0.089932
1 0.089952
1 0.089965
1 0.090031
1 0.090088
1 0.090307
1 0.090400
1 0.090486
4 0.090499
1 0.090670
3 0.090712
5 0.090863
5 0.090963
6 0.091048
1 0.091092
2 0.091139
1 0.091167
22 0.091250
1 0.091455
35 0.091700
2 0.091743
6 0.091812
7 0.091844
3 0.091915
6 0.091992
7 0.092097
1 0.092274
1 0.092371
7 0.092451
6 0.092732
1 0.092871
6 0.093139
4 0.093395
5 0.094052
6 0.094403
1 0.094544
1 0.094654
3 0.094884
4 0.094886
1 0.095106
4 0.095126
1 0.095340
3 0.095478
6 0.095661
4 0.095785
7 0.096065
35 0.096200
1 0.096337
4 0.096408
5 0.096478
2 0.096497
5 0.096510
6 0.096510
4 0.096591
4 0.096681
6 0.097009
6 0.098041
4 0.098305
3 0.098729
4 0.099939
4 0.100033
1 0.100106
5 0.100277
6 0.100272
5 0.100339
1 0.100355
7 0.100550
4 0.100718
7 0.100941
6 0.101112
4 0.101324
6 0.101579
5 0.101621
5 0.101842
4 0.101910
4 0.102228
4 0.102823
3 0.102958
1 0.103002
5 0.103040
6 0.104521
4 0.104912
6 0.105298
4 0.105362
7 0.105749
8 0.105940
6 0.106108
3 0.106750
5 0.107069
3 0.107120
5 0.107202
4 0.107464
3 0.107661
3 0.108017
4 0.109295
8 0.109678
5 0.110220
4 0.110249
3 0.110612
35 0.111700
5 0.111709
35 0.112000
3 0.112071
4 0.112098
4 0.112290
4 0.112333
5 0.112802
3 0.114855
35 0.115200
4 0.115302
8 0.115760
8 0.115760
8 0.115760
3 0.115874
1 0.116487
4 0.116603
7 0.116691
35 0.116800
7 0.116952
4 0.117157
7 0.117290
4 0.118014
4 0.118418
4 0.118695
4 0.119029
8 0.119159
7 0.119718
8 0.119921
4 0.120239
7 0.120272
3 0.120636
5 0.120967
5 0.121408
3 0.121689
4 0.123425
1 0.123584
4 0.124298
4 0.124810
5 0.125311
5 0.125357
5 0.125431
4 0.125578
4 0.125730
3 0.125875
3 0.125931
4 0.126133
4 0.126379
3 0.126531
8 0.126769
3 0.127020
5 0.127129
4 0.127620
8 0.127697
25 0.127605
3 0.127819
3 0.127894
4 0.127923
4 0.128207
3 0.128330
4 0.128346
3 0.128380
5 0.128449
4 0.128541
4 0.128597
4 0.128625
4 0.128637
4 0.128752
3 0.128818
4 0.129189
4 0.129275
5 0.129288
3 0.129398
5 0.129504
4 0.129964
5 0.130159
5 0.130247
3 0.130258
4 0.130927
4 0.131196
4 0.131415
4 0.131854
4 0.132123
2 0.133095
2 0.133140
5 0.133409
5 0.133778
4 0.133956
4 0.134118
3 0.134270
4 0.134275
4 0.134969
4 0.135136
4 0.135135
3 0.135532
4 0.135929
3 0.136385
5 0.136758
3 0.137784
4 0.137917
5 0.138238
5 0.138383
5 0.138460
4 0.138510
4 0.138680
4 0.138900
4 0.138997
5 0.139261
5 0.139360
4 0.140090
3 0.140168
4 0.140181
5 0.140220
3 0.140288
4 0.141157
3 0.141235
2 0.141389
5 0.141612
4 0.141689
3 0.142070
4 0.142171
2 0.142251
3 0.142355
4 0.142430
5 0.142498
3 0.142575
3 0.142777
4 0.142965
5 0.142987
5 0.142977
4 0.143068
5 0.143379
2 0.143509
2 0.143568
5 0.143620
4 0.143647
4 0.143912
4 0.144343
2 0.144434
4 0.144529
4 0.144563
3 0.144750
4 0.144762
5 0.145223
3 0.145348
4 0.145630
4 0.145730
4 0.145948
4 0.146109
23 0.146268
2 0.146407
4 0.146553
4 0.146600
4 0.146614
2 0.146646
2 0.146803
4 0.147717
4 0.148136
3 0.148346
4 0.148629
4 0.148952
4 0.149017
2 0.149093
2 0.149111
2 0.149577
5 0.149829
3 0.149850
5 0.149962
4 0.150158
4 0.150290
3 0.150592
4 0.151351
2 0.151459
4 0.151685
4 0.152162
4 0.152372
4 0.152411
4 0.152516
2 0.152548
4 0.152566
3 0.153250
4 0.153286
4 0.153340
4 0.153553
5 0.153857
2 0.153907
5 0.154009
5 0.154290
4 0.154509
4 0.154630
3 0.155475
5 0.155535
4 0.155851
3 0.155880
4 0.156193
3 0.156285
5 0.156606
2 0.156805
5 0.156896
2 0.156914
4 0.156982
3 0.156990
4 0.157037
2 0.157188
2 0.157233
3 0.157318
2 0.157340
2 0.157411
2 0.157434
2 0.157473
4 0.157498
2 0.157537
4 0.157566
4 0.157594
2 0.157617
2 0.157952
2 0.157973
4 0.157973
4 0.158198
3 0.158248
2 0.158456
3 0.158601
2 0.158609
2 0.158617
2 0.158662
2 0.158939
4 0.158987
4 0.159032
3 0.159161
2 0.159256
4 0.159386
2 0.159395
2 0.159395
2 0.159490
4 0.159641
4 0.159667
2 0.159808
2 0.159948
4 0.159982
5 0.159981
2 0.160372
2 0.160602
2 0.160890
4 0.161020
3 0.161125
5 0.161150
4 0.161256
4 0.161317
2 0.161385
2 0.161390
2 0.161428
4 0.161588
4 0.161785
4 0.161819
4 0.161878
4 0.162120
2 0.162395
4 0.162468
3 0.162662
4 0.162790
4 0.162843
2 0.162987
2 0.163203
4 0.163318
2 0.163440
3 0.163577
4 0.163624
2 0.163798
2 0.163880
3 0.163881
4 0.163972
4 0.163998
4 0.164269
3 0.164320
4 0.164468
3 0.164703
3 0.164737
3 0.164790
4 0.164894
2 0.165063
4 0.165139
3 0.165171
4 0.165352
4 0.165453
3 0.165552
3 0.165626
8 0.165679
3 0.165692
3 0.165718
3 0.165790
2 0.165836
3 0.165980
5 0.166171
4 0.166451
4 0.166535
2 0.166841
3 0.167090
4 0.167212
3 0.167295
2 0.167457
3 0.167680
2 0.167706
3 0.167707
3 0.167749
3 0.167960
3 0.168230
3 0.168243
2 0.168262
2 0.168484
4 0.168724
2 0.168745
4 0.169107
4 0.169214
3 0.169373
4 0.169374
3 0.169551
2 0.169719
5 0.169841
2 0.169930
3 0.170103
4 0.170104
4 0.170168
4 0.170212
4 0.170327
4 0.170402
3 0.170470
4 0.170474
4 0.170727
3 0.170868
3 0.171104
4 0.171104
2 0.171351
3 0.171405
2 0.171658
2 0.171666
3 0.171804
2 0.171843
3 0.171894
2 0.171964
2 0.171991
2 0.172022
2 0.172164
3 0.172161
2 0.172269
2 0.172294
4 0.172373
2 0.172487
2 0.172598
2 0.172608
4 0.172711
4 0.172778
2 0.172785
3 0.172819
4 0.172855
4 0.172941
4 0.173129
3 0.173176
3 0.173298
2 0.173364
2 0.173369
2 0.173450
2 0.173455
4 0.173663
4 0.173800
2 0.173880
2 0.173886
4 0.174055
4 0.174073
3 0.174145
2 0.174210
4 0.174358
3 0.174420
4 0.174426
4 0.174542
4 0.174614
4 0.174864
3 0.174880
2 0.174969
4 0.175040
3 0.175304
4 0.175317
3 0.175348
3 0.175360
4 0.175437
2 0.175482
3 0.175484
7 0.175638
3 0.175654
2 0.175738
2 0.175808
2 0.175827
4 0.176023
3 0.176083
4 0.176185
2 0.176269
5 0.176448
8 0.176699
3 0.176902
2 0.176955
4 0.177166
3 0.177269
3 0.177310
4 0.177352
3 0.177577
3 0.177603
3 0.177836
3 0.178050
2 0.178189
2 0.178260
2 0.178400
2 0.178541
4 0.178781
5 0.178982
4 0.179280
2 0.179442
3 0.179464
4 0.179491
5 0.179610
4 0.179680
2 0.182440
2 0.179702
2 0.179751
4 0.179850
35 0.179900
4 0.180222
2 0.180407
3 0.180588
3 0.180626
4 0.180649
3 0.180686
4 0.180710
3 0.180727
2 0.180871
2 0.180945
2 0.181168
4 0.181319
3 0.181491
4 0.181490
6 0.181722
2 0.181760
4 0.182111
3 0.182200
4 0.182897
2 0.183085
7 0.183216
2 0.183385
3 0.183540
4 0.183928
4 0.184209
2 0.184209
3 0.184427
3 0.184637
7 0.184716
2 0.185009
2 0.185078
4 0.185100
3 0.185183
2 0.185260
4 0.185779
3 0.185839
3 0.185920
4 0.186007
3 0.186277
4 0.186401
4 0.186498
4 0.186538
4 0.186613
4 0.186748
2 0.186789
2 0.186866
4 0.187039
2 0.187065
2 0.187162
4 0.187300
2 0.187376
4 0.187391
3 0.187481
4 0.187479
2 0.187529
2 0.187600
2 0.187649
2 0.187761
2 0.187805
2 0.187825
2 0.187883
2 0.187914
4 0.188109
2 0.188141
4 0.188160
4 0.188231
4 0.188481
3 0.188579
2 0.188877
2 0.188968
3 0.189225
4 0.189289
4 0.189339
4 0.189350
3 0.189382
5 0.189485
2 0.189540
4 0.189638
2 0.189746
2 0.189805
2 0.189863
2 0.189950
4 0.189961
2 0.189963
2 0.190149
4 0.190150
2 0.190277
2 0.190320
4 0.190439
4 0.190519
2 0.190654
2 0.190736
2 0.190776
2 0.190978
2 0.190984
2 0.191042
2 0.191054
4 0.191070
2 0.191180
3 0.191379
3 0.191409
3 0.191457
2 0.191466
8 0.191685
8 0.191685
8 0.191685
2 0.191738
3 0.191839
2 0.191856
2 0.191919
2 0.191952
3 0.191987
2 0.192047
3 0.192385
4 0.192571
8 0.192905
8 0.192905
8 0.192905
2 0.193128
2 0.193157
3 0.193367
2 0.193378
2 0.193385
4 0.193420
2 0.193842
2 0.193904
2 0.194010
3 0.194102
2 0.194194
4 0.194270
2 0.194376
2 0.194667
4 0.194669
2 0.194875
6 0.195010
3 0.195107
4 0.195437
2 0.195641
2 0.195753
4 0.195830
2 0.195843
2 0.199124
3 0.195931
3 0.196002
2 0.196186
2 0.196336
2 0.196927
2 0.197013
4 0.197060
4 0.197109
4 0.197139
4 0.197241
2 0.197401
2 0.197525
3 0.197556
3 0.197574
2 0.197625
2 0.197891
2 0.198126
2 0.198165
4 0.198232
4 0.198232
2 0.198287
2 0.198364
4 0.198588
4 0.198642
3 0.198795
4 0.198842
2 0.199034
5 0.199181
2 0.202646
4 0.199337
2 0.199376
4 0.199802
2 0.203400
4 0.199989
2 0.200093
4 0.200308
2 0.200365
4 0.200397
5 0.200798
3 0.200995
3 0.201138
2 0.201179
2 0.201744
4 0.201829
2 0.201968
3 0.202210
2 0.202363
3 0.202543
4 0.202572
3 0.202613
3 0.202704
2 0.203375
2 0.203387
2 0.203411
2 0.203507
2 0.203600
3 0.203623
4 0.203741
4 0.203753
4 0.203849
3 0.203932
2 0.204098
2 0.204616
3 0.204720
2 0.204863
4 0.204902
7 0.205075
2 0.205064
6 0.205186
2 0.205317
2 0.205489
7 0.205693
2 0.205931
2 0.206045
3 0.206128
2 0.206140
3 0.206239
2 0.206463
2 0.206695
7 0.206715
4 0.206790
7 0.206892
2 0.206928
8 0.206915
2 0.207250
7 0.207318
3 0.207486
7 0.207750
3 0.207875
3 0.207991
2 0.208088
2 0.208122
2 0.208187
4 0.208200
4 0.208301
3 0.208316
2 0.208341
2 0.208457
2 0.208523
2 0.208606
2 0.208740
2 0.208814
4 0.208818
3 0.208836
2 0.208882
2 0.209067
4 0.209201
2 0.209253
4 0.209282
2 0.209379
2 0.209404
2 0.209570
2 0.209578
2 0.209690
2 0.209734
3 0.209760
2 0.209960
2 0.209968
2 0.210006
3 0.210111
2 0.210702
4 0.210967
2 0.211046
2 0.211055
2 0.211385
2 0.211516
2 0.211524
2 0.211592
2 0.211599
3 0.211654
3 0.211666
3 0.211825
2 0.211891
2 0.211949
2 0.212053
2 0.212154
4 0.212412
2 0.212571
4 0.212590
8 0.212615
2 0.212644
3 0.213042
2 0.213049
2 0.213049
3 0.213076
2 0.213090
2 0.213111
2 0.213160
5 0.213192
2 0.213287
2 0.213452
2 0.213537
3 0.213674
4 0.213762
8 0.213805
3 0.213937
2 0.214087
3 0.214316
3 0.214364
4 0.214368
2 0.214452
2 0.214574
2 0.214671
4 0.214869
3 0.214926
4 0.215077
3 0.215076
2 0.215138
3 0.215210
8 0.215300
8 0.215300
3 0.215910
3 0.216262
3 0.216298
3 0.216320
3 0.216451
4 0.216508
2 0.216581
4 0.216972
2 0.216974
3 0.217151
3 0.217294
3 0.217318
3 0.217366
3 0.217443
5 0.217601
2 0.217846
2 0.217876
2 0.218026
3 0.218128
5 0.218180
4 0.218260
2 0.218282
4 0.218432
3 0.218619
2 0.218691
2 0.222848
2 0.218761
3 0.219065
5 0.219280
2 0.223410
3 0.219290
4 0.219290
2 0.219303
2 0.219311
2 0.223702
4 0.219793
2 0.219819
35 0.219900
3 0.219979
4 0.219979
4 0.219988
4 0.220078
2 0.224248
2 0.220110
4 0.220140
2 0.220175
2 0.220308
3 0.220553
2 0.220705
2 0.220783
2 0.220909
3 0.220939
3 0.221008
3 0.221038
2 0.221241
4 0.221293
2 0.221365
4 0.221431
2 0.221478
3 0.221630
2 0.221656
3 0.221913
3 0.221983
8 0.222080
8 0.222030
2 0.222252
4 0.222421
2 0.222588
2 0.222667
3 0.222845
2 0.222862
2 0.222979
2 0.223005
3 0.223139
3 0.223302
4 0.223341
3 0.223451
2 0.223509
3 0.223783
8 0.223795
2 0.224063
3 0.224482
3 0.224494
2 0.224600
3 0.224782
3 0.224930
4 0.224930
3 0.225199
2 0.225357
4 0.225370
3 0.225475
5 0.225517
8 0.225705
8 0.225995
4 0.226041
2 0.226145
2 0.226438
3 0.226679
2 0.227259
4 0.227318
2 0.227330
2 0.227394
3 0.227446
2 0.227541
2 0.227556
8 0.227715
2 0.227813
2 0.227844
3 0.228049
2 0.228126
3 0.228202
4 0.228280
2 0.228339
3 0.228350
4 0.228648
2 0.229116
3 0.229122
2 0.229126
3 0.229199
8 0.229285
3 0.229299
8 0.229590
3 0.229902
35 0.230000
3 0.229986
2 0.230109
2 0.230245
3 0.230372
2 0.230565
3 0.230609
3 0.230610
3 0.230942
4 0.230940
4 0.231018
2 0.231273
5 0.231490
2 0.231495
2 0.231536
2 0.231624
2 0.231705
3 0.231771
3 0.231858
2 0.232156
3 0.232304
4 0.232331
3 0.232365
4 0.232379
4 0.232451
2 0.232476
2 0.232533
2 0.232563
35 0.232700
3 0.232995
3 0.233103
2 0.233281
3 0.233344
5 0.233909
2 0.234065
5 0.234106
3 0.234149
3 0.234361
2 0.234510
3 0.234617
3 0.234847
4 0.234861
4 0.235051
3 0.235072
2 0.235360
3 0.235406
2 0.235442
3 0.235768
4 0.235771
3 0.235920
3 0.236086
3 0.236254
2 0.236347
3 0.236398
2 0.236536
3 0.236544
2 0.236641
2 0.236638
2 0.236688
2 0.236969
3 0.236993
2 0.237048
3 0.237218
3 0.237318
4 0.237337
2 0.237383
2 0.237442
2 0.237626
3 0.237742
3 0.238546
3 0.238562
2 0.238658
2 0.238742
5 0.238725
4 0.238791
3 0.238863
2 0.239016
3 0.239051
2 0.239125
2 0.239352
3 0.239428
3 0.239466
3 0.239799
3 0.239897
3 0.239932
3 0.239933
3 0.240084
2 0.240157
3 0.240231
3 0.240314
3 0.240370
3 0.240402
3 0.240439
3 0.240647
3 0.240782
4 0.240818
2 0.240832
2 0.240923
2 0.240981
2 0.241130
2 0.241454
3 0.241549
4 0.241558
2 0.241568
4 0.241639
2 0.241754
3 0.241799
4 0.241858
2 0.241896
8 0.241900
2 0.241913
3 0.241976
3 0.241976
3 0.242022
3 0.242025
3 0.242099
2 0.242106
2 0.242346
2 0.242581
8 0.242600
8 0.242600
3 0.242610
4 0.242640
5 0.242690
4 0.242691
2 0.242711
4 0.242752
3 0.242823
2 0.242907
3 0.242967
3 0.243025
4 0.243060
2 0.243076
3 0.243180
2 0.243414
3 0.243538
3 0.243560
2 0.243719
3 0.243806
3 0.243993
3 0.244052
3 0.244078
3 0.244162
4 0.244269
3 0.244332
2 0.244718
2 0.244765
3 0.244785
3 0.244979
4 0.245118
3 0.245228
3 0.245302
3 0.245384
3 0.245400
3 0.245448
3 0.245485
2 0.250782
2 0.245605
3 0.245631
3 0.245676
2 0.245681
3 0.246036
2 0.246309
3 0.246352
2 0.246403
2 0.246552
3 0.246563
3 0.246565
3 0.246579
4 0.246619
3 0.246652
3 0.246655
3 0.246763
3 0.246915
4 0.247327
3 0.247470
2 0.247544
3 0.247564
4 0.247658
3 0.247856
2 0.247960
3 0.248183
3 0.248338
3 0.248374
2 0.248436
2 0.254170
2 0.248838
3 0.248970
4 0.248970
2 0.249014
3 0.249042
5 0.249097
4 0.249211
3 0.249475
3 0.249516
3 0.249536
3 0.249741
3 0.249846
3 0.249949
3 0.250140
3 0.250439
3 0.250627
3 0.250731
2 0.250731
3 0.250762
3 0.250861
2 0.251129
4 0.251148
4 0.251181
2 0.251249
3 0.251267
3 0.251364
2 0.251415
3 0.251619
4 0.251721
3 0.251758
3 0.251862
3 0.252004
3 0.252200
3 0.252501
3 0.252573
4 0.252628
3 0.252627
2 0.252793
8 0.252880
8 0.252880
8 0.252880
3 0.253029
8 0.253085
8 0.253085
8 0.253085
3 0.253206
3 0.253222
2 0.253251
3 0.253620
4 0.253619
3 0.253700
3 0.253833
2 0.253910
3 0.254547
3 0.254712
3 0.254742
4 0.254768
3 0.254935
2 0.255090
3 0.255224
4 0.255341
3 0.255392
3 0.255455
3 0.255502
3 0.255589
2 0.255668
2 0.255711
4 0.255780
3 0.255830
3 0.255875
2 0.255987
3 0.256091
2 0.256270
2 0.256280
3 0.256289
3 0.256402
2 0.256738
3 0.257123
3 0.257196
2 0.257280
4 0.257520
2 0.257975
2 0.258089
3 0.258360
2 0.258492
3 0.258506
4 0.258501
3 0.258617
3 0.258752
3 0.259023
4 0.259072
2 0.259150
2 0.259201
3 0.259285
2 0.259324
3 0.259412
4 0.259412
2 0.259516
4 0.259600
4 0.259748
2 0.259849
2 0.260288
3 0.260514
2 0.260621
4 0.260738
3 0.260783
3 0.260877
4 0.261003
3 0.261044
2 0.261153
2 0.261176
3 0.261597
2 0.261748
4 0.261840
4 0.262002
2 0.262122
2 0.262148
2 0.262359
3 0.262389
3 0.262641
2 0.262853
3 0.262886
3 0.262968
3 0.263144
2 0.263519
2 0.263730
3 0.263905
2 0.263911
3 0.264055
2 0.264152
3 0.264178
3 0.264253
2 0.264287
2 0.264385
3 0.264921
3 0.264948
2 0.265006
2 0.265045
3 0.265176
3 0.265222
3 0.265446
2 0.265473
3 0.265879
3 0.266106
4 0.266109
2 0.266176
2 0.266203
3 0.266214
2 0.266226
2 0.266335
2 0.266478
2 0.266518
2 0.266739
3 0.267146
3 0.267358
2 0.267610
3 0.267679
4 0.267768
2 0.267798
3 0.267918
4 0.267918
3 0.268041
3 0.268111
3 0.268149
3 0.268198
2 0.268435
2 0.268657
3 0.269103
2 0.269199
3 0.269330
3 0.269558
3 0.269562
2 0.269650
8 0.269700
3 0.269739
4 0.269781
3 0.269809
8 0.269840
3 0.269887
3 0.269951
2 0.270214
2 0.270213
3 0.270913
3 0.270979
3 0.271003
2 0.271107
3 0.271107
2 0.271190
3 0.271212
2 0.271320
4 0.271407
2 0.271528
3 0.271599
2 0.271695
2 0.271799
2 0.271799
2 0.271855
2 0.271851
3 0.271957
2 0.273027
3 0.273068
3 0.273122
4 0.273310
2 0.273314
2 0.273407
2 0.273894
2 0.273892
2 0.274091
3 0.274262
3 0.274283
2 0.274337
3 0.274382
3 0.274486
2 0.274545
4 0.274711
3 0.274877
4 0.274880
3 0.275047
3 0.275118
2 0.275239
4 0.275459
3 0.275692
3 0.275734
2 0.275984
3 0.276671
3 0.276935
2 0.277342
2 0.277541
4 0.277568
2 0.277876
2 0.277981
2 0.284701
4 0.277998
2 0.278032
2 0.278078
2 0.278078
4 0.278100
4 0.278581
3 0.278610
4 0.279002
2 0.279664
2 0.286500
2 0.279746
4 0.279881
3 0.280021
2 0.280181
2 0.280205
2 0.287230
3 0.280690
2 0.280787
2 0.280953
3 0.281251
3 0.281479
3 0.281532
2 0.288622
2 0.281769
3 0.281836
4 0.282088
3 0.282180
2 0.289269
3 0.282346
2 0.282385
3 0.283024
4 0.283111
2 0.283125
2 0.290294
2 0.283320
2 0.283383
2 0.283618
3 0.283678
3 0.283837
2 0.290968
2 0.284003
3 0.284119
4 0.284119
3 0.284184
2 0.284530
2 0.284822
3 0.285110
3 0.285137
3 0.285200
3 0.285277
4 0.285369
3 0.285406
3 0.285690
3 0.285989
2 0.286300
3 0.286424
3 0.287145
3 0.287369
2 0.287455
3 0.287508
4 0.287748
3 0.288539
3 0.289303
3 0.289453
2 0.289548
3 0.289674
3 0.290090
2 0.290798
2 0.290946
3 0.291002
2 0.291408
3 0.291422
3 0.291661
3 0.291852
2 0.292275
2 0.293125
4 0.293178
2 0.293292
3 0.293485
3 0.293608
3 0.293943
2 0.294057
3 0.294077
3 0.294899
8 0.295005
8 0.295005
8 0.295005
2 0.295040
3 0.295295
3 0.295343
2 0.295514
4 0.295600
3 0.295606
2 0.295716
2 0.296165
2 0.296192
4 0.296396
2 0.296597
2 0.296645
2 0.296811
2 0.296898
3 0.296918
8 0.297115
8 0.297115
8 0.297115
8 0.297115
8 0.297115
8 0.297115
2 0.297266
2 0.297264
2 0.297320
8 0.297420
8 0.297420
8 0.297420
2 0.297491
2 0.297679
2 0.297715
2 0.297974
4 0.298051
2 0.298068
2 0.298321
2 0.298481
2 0.298618
2 0.298956
2 0.299067
2 0.299177
3 0.299309
3 0.299415
2 0.299747
3 0.299749
3 0.300312
2 0.300929
2 0.301288
2 0.301919
3 0.302318
2 0.302337
4 0.302529
3 0.302532
2 0.303089
2 0.303247
2 0.303504
3 0.304568
3 0.304781
2 0.305012
2 0.305263
4 0.305278
2 0.305619
2 0.305690
3 0.305761
2 0.306239
3 0.306332
3 0.306401
2 0.306761
4 0.306906
3 0.309806
4 0.310262
2 0.310658
2 0.311235
3 0.311315
2 0.311482
2 0.311657
4 0.312058
3 0.312151
3 0.312337
3 0.312530
2 0.312692
2 0.313373
2 0.313601
3 0.313711
4 0.313869
2 0.314049
3 0.314049
2 0.314076
2 0.314135
3 0.314225
3 0.314279
3 0.314524
4 0.314569
2 0.314830
2 0.315185
3 0.315266
2 0.315698
3 0.315750
4 0.315979
2 0.316586
2 0.317146
3 0.317185
3 0.317305
2 0.317786
2 0.317985
1 0.318386
2 0.318455
1 0.318547
1 0.318696
1 0.318696
2 0.318852
3 0.319003
8 0.319015
8 0.319015
8 0.319015
3 0.319214
2 0.319346
2 0.319346
2 0.319642
2 0.319856
2 0.320132
2 0.320346
2 0.320619
2 0.320637
2 0.320820
3 0.320871
2 0.320920
2 0.320917
2 0.321010
2 0.321157
2 0.321182
2 0.321717
3 0.321951
3 0.322156
3 0.322317
2 0.322392
3 0.322466
3 0.322578
1 0.323161
2 0.323307
1 0.323376
1 0.323376
3 0.324045
2 0.324113
3 0.324136
3 0.324663
2 0.324712
3 0.324754
2 0.324793
2 0.324898
3 0.325479
2 0.325763
1 0.325800
1 0.325802
1 0.325900
1 0.325897
3 0.326574
3 0.326942
3 0.327258
2 0.327774
3 0.328037
1 0.328157
2 0.328304
3 0.328619
3 0.328683
2 0.328833
2 0.328863
2 0.329124
3 0.329315
3 0.329484
1 0.330348
1 0.330431
3 0.330569
1 0.330712
1 0.330710
3 0.330912
3 0.330965
3 0.331243
3 0.331600
2 0.331666
3 0.331935
4 0.332039
2 0.332213
4 0.332309
3 0.332328
3 0.332671
2 0.332709
1 0.332896
3 0.333171
1 0.333342
3 0.333346
1 0.333397
2 0.333612
3 0.333642
1 0.333820
8 0.333890
4 0.333977
3 0.334343
1 0.334667
1 0.334665
1 0.334843
1 0.334846
3 0.334913
4 0.335009
3 0.335290
2 0.335855
1 0.336266
1 0.336263
3 0.337593
4 0.337683
2 0.337999
2 0.338207
2 0.338620
3 0.338990
2 0.339065
3 0.339756
4 0.339810
1 0.340237
4 0.340351
2 0.340376
2 0.340613
1 0.340995
1 0.341087
2 0.341365
1 0.341378
2 0.341578
2 0.342450
2 0.342471
1 0.342592
1 0.342725
2 0.342869
3 0.342979
2 0.343089
2 0.343198
1 0.343242
1 0.343270
1 0.343513
3 0.343848
2 0.343987
3 0.344045
3 0.344384
2 0.344751
3 0.344785
3 0.344970
2 0.345443
1 0.345590
1 0.345787
1 0.345784
2 0.346108
2 0.346645
2 0.346640
2 0.347104
3 0.347200
3 0.347564
2 0.347889
2 0.347887
2 0.348000
2 0.348072
8 0.348425
8 0.348425
8 0.348425
3 0.348593
3 0.348605
8 0.348795
8 0.348795
8 0.348795
2 0.348848
3 0.348957
3 0.348958
2 0.348965
3 0.349380
2 0.349405
2 0.349456
1 0.349699
3 0.349814
2 0.349845
2 0.349950
2 0.349993
1 0.350356
2 0.350424
1 0.350490
8 0.350710
1 0.350766
3 0.350843
1 0.350884
1 0.351290
3 0.351556
2 0.351838
3 0.352212
1 0.352368
3 0.352579
2 0.353635
3 0.353821
1 0.354055
1 0.354196
2 0.354515
2 0.354555
1 0.354748
3 0.354808
2 0.354971
3 0.355043
1 0.355042
2 0.355092
3 0.355087
2 0.355450
2 0.355657
3 0.356014
8 0.356080
8 0.356185
3 0.356312
3 0.356524
3 0.356875
2 0.357070
2 0.357370
3 0.357475
2 0.357862
3 0.357877
3 0.357978
3 0.357982
3 0.358097
3 0.358351
3 0.358404
2 0.358728
4 0.358900
2 0.359067
8 0.359090
2 0.359789
3 0.359909
2 0.360024
2 0.360093
2 0.360316
3 0.360500
2 0.360891
3 0.361209
3 0.361478
1 0.361651
3 0.361685
1 0.362354
2 0.362464
1 0.362488
3 0.362671
1 0.362793
3 0.362800
1 0.362919
2 0.363199
3 0.363199
2 0.363291
1 0.363352
3 0.363354
2 0.363458
2 0.363546
2 0.363852
2 0.363896
3 0.364237
2 0.364964
2 0.365206
3 0.365381
2 0.365499
3 0.365682
2 0.366205
2 0.366346
2 0.366449
2 0.366642
1 0.366637
2 0.366705
3 0.366724
2 0.366964
1 0.366978
3 0.367019
3 0.367128
3 0.367220
3 0.367528
8 0.367615
8 0.367890
1 0.368061
1 0.368066
2 0.368142
4 0.368459
8 0.368505
2 0.368721
2 0.369169
3 0.369170
3 0.369776
1 0.369910
3 0.370103
8 0.370190
3 0.370373
8 0.370450
8 0.371130
2 0.371230
2 0.371356
8 0.371390
2 0.371610
4 0.371648
2 0.371721
3 0.371755
3 0.371766
2 0.371908
2 0.371968
2 0.372241
3 0.372738
1 0.372832
8 0.372825
2 0.372909
1 0.373238
1 0.373238
1 0.373235
2 0.373272
2 0.373368
2 0.373401
1 0.373652
1 0.373652
1 0.373649
2 0.373684
1 0.374137
1 0.374136
1 0.374133
2 0.374179
2 0.374273
1 0.374371
1 0.374412
1 0.374412
1 0.374464
1 0.374454
1 0.374572
2 0.374587
1 0.374729
1 0.374770
1 0.375060
1 0.375060
1 0.375116
1 0.375212
1 0.375322
1 0.375419
1 0.375424
2 0.375531
2 0.376000
8 0.375955
3 0.376295
2 0.376695
3 0.377077
8 0.377115
2 0.377241
1 0.377450
3 0.377760
2 0.377914
2 0.377913
2 0.378418
3 0.379378
2 0.379676
1 0.379796
1 0.380162
3 0.380376
2 0.380575
2 0.380725
3 0.381024
1 0.381330
2 0.381819
3 0.382375
2 0.382724
3 0.382771
3 0.383066
3 0.383145
2 0.383226
3 0.383245
3 0.383646
2 0.383762
1 0.383879
1 0.383890
2 0.384045
23 0.384200
2 0.384337
2 0.384395
4 0.384488
2 0.384553
2 0.384641
1 0.384707
1 0.384722
2 0.384792
3 0.384858
2 0.384884
2 0.385841
3 0.385951
2 0.385988
4 0.386200
3 0.386892
3 0.386979
3 0.387513
2 0.387654
2 0.388120
4 0.388203
2 0.388637
2 0.388865
2 0.389580
3 0.389980
2 0.390225
3 0.390275
2 0.390732
2 0.391369
2 0.391398
3 0.391497
1 0.391627
2 0.391800
2 0.391871
3 0.391986
2 0.392121
2 0.392280
1 0.392715
8 0.392995
8 0.392995
8 0.392995
2 0.393037
3 0.393964
2 0.393999
2 0.394203
1 0.394636
2 0.394660
2 0.394696
2 0.394877
2 0.395472
2 0.395590
3 0.395880
2 0.396345
2 0.396600
3 0.398017
3 0.398255
1 0.398330
2 0.398891
2 0.399179
1 0.399221
1 0.399239
2 0.399307
3 0.399470
1 0.399592
2 0.399597
2 0.399781
2 0.399908
1 0.400185
3 0.400374
2 0.400674
2 0.400669
2 0.400921
2 0.400960
3 0.401733
4 0.401740
2 0.402735
3 0.402831
1 0.402916
1 0.403082
1 0.403077
2 0.403895
2 0.404580
3 0.404885
1 0.405771
2 0.405817
2 0.406627
3 0.406852
3 0.408358
1 0.408806
2 0.408949
1 0.409900
2 0.409989
2 0.410088
1 0.410958
2 0.411040
2 0.411489
2 0.411930
3 0.413250
2 0.413484
3 0.413570
2 0.413702
2 0.413913
2 0.414629
3 0.415562
3 0.416138
2 0.416501
1 0.416563
1 0.416847
1 0.416842
3 0.417298
2 0.417368
1 0.417398
2 0.418076
4 0.418230
1 0.418565
3 0.418579
2 0.418629
3 0.419692
3 0.419704
3 0.419943
2 0.420260
2 0.421907
4 0.422241
2 0.422338
3 0.422656
3 0.422711
3 0.422778
2 0.422998
3 0.423402
2 0.423462
3 0.423492
2 0.423783
3 0.424552
2 0.425178
2 0.425387
2 0.425604
2 0.426206
1 0.426449
2 0.426976
2 0.427000
1 0.427517
2 0.428181
1 0.428417
2 0.428423
1 0.428769
1 0.428923
1 0.429385
2 0.429413
3 0.429533
3 0.429605
4 0.429940
8 0.430085
8 0.430085
8 0.430085
1 0.430170
2 0.430171
2 0.430275
2 0.430273
1 0.430366
3 0.430640
2 0.431062
2 0.431902
1 0.431977
2 0.432034
1 0.432079
2 0.432420
2 0.433245
8 0.433370
8 0.433370
8 0.433370
2 0.433455
3 0.433677
8 0.433895
8 0.433895
8 0.433895
8 0.433915
8 0.433915
8 0.433915
2 0.434255
3 0.434546
2 0.435224
1 0.435258
3 0.435541
3 0.435612
2 0.435670
3 0.436184
3 0.436286
3 0.436333
1 0.436387
2 0.436583
2 0.436749
2 0.437092
2 0.437247
1 0.437735
3 0.437993
2 0.438276
2 0.438650
2 0.438776
2 0.439013
2 0.439095
2 0.440062
1 0.440120
2 0.440210
3 0.440459
2 0.440556
2 0.441014
3 0.441046
1 0.441161
1 0.441362
1 0.441812
2 0.441848
1 0.442000
2 0.442140
2 0.442396
1 0.442643
3 0.443178
2 0.443293
2 0.443806
3 0.444453
3 0.444497
2 0.445446
1 0.445517
2 0.445562
2 0.445850
2 0.446123
2 0.446170
1 0.446494
2 0.447625
2 0.448310
2 0.449114
3 0.449298
1 0.450362
3 0.451990
2 0.452441
35 0.452600
2 0.452989
3 0.453772
3 0.453852
1 0.453933
1 0.455157
2 0.455788
2 0.456165
3 0.456679
2 0.456709
2 0.457462
2 0.457704
2 0.457849
1 0.458426
2 0.458419
2 0.459279
2 0.459408
2 0.459978
2 0.460270
2 0.460530
2 0.460974
2 0.461104
2 0.461193
2 0.461579
2 0.461658
2 0.462046
2 0.462132
3 0.462269
2 0.463518
2 0.463672
1 0.463743
2 0.463899
2 0.464150
2 0.464144
2 0.465148
2 0.466018
8 0.466910
8 0.466910
8 0.466910
1 0.467291
2 0.467340
3 0.467511
1 0.467846
2 0.468172
2 0.468760
2 0.468858
2 0.468960
3 0.468998
2 0.469261
3 0.469496
2 0.469571
1 0.469614
2 0.469615
2 0.469697
2 0.470100
4 0.470518
2 0.470675
2 0.470763
3 0.471177
1 0.472620
3 0.473103
2 0.474033
3 0.474671
3 0.475033
2 0.475333
3 0.475580
2 0.476009
2 0.476377
2 0.476708
3 0.477026
2 0.477434
2 0.477577
2 0.478787
2 0.479010
3 0.479106
2 0.479767
2 0.480430
2 0.481311
1 0.481398
2 0.482654
3 0.482740
2 0.483343
2 0.483405
2 0.483504
2 0.483791
2 0.484039
3 0.484325
2 0.484649
3 0.484696
2 0.484797
2 0.485855
1 0.486319
1 0.486627
1 0.486860
2 0.487150
3 0.487523
2 0.487698
3 0.489357
3 0.490766
2 0.490972
1 0.491176
2 0.491602
2 0.491731
3 0.493169
1 0.493174
1 0.493584
1 0.493976
3 0.494160
2 0.494697
2 0.494987
1 0.495665
2 0.496163
3 0.496718
1 0.497047
1 0.497074
35 0.497600
3 0.497846
2 0.498028
2 0.498421
3 0.498991
2 0.499860
2 0.499992
1 0.500353
2 0.501469
2 0.501709
3 0.501782
3 0.502012
2 0.502327
2 0.502380
2 0.502976
1 0.503055
2 0.503525
3 0.503807
1 0.504174
3 0.504425
2 0.504772
2 0.504892
1 0.504915
1 0.504912
2 0.505594
1 0.505949
3 0.506287
2 0.506698
2 0.506863
3 0.507134
2 0.507396
2 0.507732
2 0.507864
2 0.507960
2 0.508793
1 0.509053
1 0.509178
1 0.511123
3 0.511242
2 0.512459
2 0.512715
2 0.512779
2 0.513494
1 0.514127
1 0.514409
2 0.514447
1 0.514647
1 0.514682
2 0.515103
3 0.515311
3 0.515346
3 0.516153
2 0.541007
1 0.516915
1 0.516949
2 0.516956
1 0.517379
2 0.517914
2 0.518377
2 0.543226
3 0.518992
1 0.519928
1 0.520041
2 0.544679
2 0.520301
2 0.520979
1 0.521386
1 0.521727
2 0.521891
1 0.521922
2 0.521939
1 0.522029
1 0.522383
1 0.522501
2 0.522601
2 0.522650
1 0.522963
2 0.523098
1 0.523352
2 0.524274
2 0.524678
2 0.525052
2 0.525821
3 0.525931
3 0.526467
1 0.527608
2 0.527798
1 0.528130
3 0.528848
1 0.529222
1 0.530126
1 0.530222
1 0.530591
1 0.530589
2 0.531016
2 0.531174
2 0.531888
1 0.532349
2 0.532423
1 0.532717
1 0.532934
2 0.533064
1 0.533257
1 0.533255
2 0.533489
1 0.533624
1 0.533919
3 0.533968
1 0.534060
2 0.534824
1 0.534886
3 0.535125
2 0.535694
3 0.536360
1 0.536740
3 0.537288
1 0.537323
1 0.537408
2 0.537568
1 0.538113
3 0.538291
1 0.540453
1 0.541095
3 0.541369
1 0.541591
2 0.541994
2 0.542505
1 0.543337
3 0.543971
2 0.544013
2 0.544091
1 0.544693
2 0.544785
1 0.544937
1 0.545790
1 0.546032
1 0.546099
1 0.546291
1 0.546418
3 0.546930
2 0.546970
3 0.547701
2 0.547798
1 0.547810
3 0.547918
1 0.548896
1 0.549038
1 0.549246
1 0.549286
2 0.549296
1 0.549429
1 0.549773
2 0.550109
1 0.550224
3 0.550295
1 0.550553
1 0.550586
1 0.551820
1 0.552204
1 0.552271
2 0.552450
2 0.552504
1 0.553016
2 0.553383
1 0.554092
1 0.554366
1 0.554595
3 0.555426
2 0.555453
1 0.556081
1 0.556377
2 0.557021
1 0.557184
1 0.557467
1 0.557717
1 0.557920
1 0.558194
2 0.558591
2 0.558706
1 0.559296
3 0.559888
1 0.560928
1 0.560993
1 0.561337
2 0.561918
2 0.562859
8 0.563205
2 0.563459
2 0.564262
1 0.564461
2 0.564659
1 0.565113
2 0.565192
8 0.565780
1 0.566423
1 0.566766
1 0.567402
2 0.567432
2 0.567609
2 0.568347
8 0.568795
2 0.569192
1 0.569811
1 0.569852
2 0.570140
2 0.570140
1 0.570375
1 0.570910
1 0.571569
3 0.571735
1 0.571919
1 0.572346
1 0.572515
1 0.572818
8 0.572885
1 0.573244
1 0.575060
2 0.575088
1 0.575216
2 0.575459
1 0.575593
1 0.575664
8 0.576280
1 0.576449
2 0.577300
2 0.577515
1 0.577716
1 0.578550
8 0.578625
1 0.578890
1 0.578985
1 0.580125
2 0.611008
1 0.580278
2 0.580341
1 0.580715
1 0.580825
8 0.580915
3 0.581149
1 0.581242
1 0.581715
1 0.582173
1 0.582513
1 0.582613
1 0.582870
8 0.583380
1 0.583447
1 0.583665
1 0.584315
2 0.584411
8 0.585020
1 0.585129
1 0.585450
1 0.585690
1 0.585894
3 0.586004
2 0.586226
1 0.586838
3 0.587047
1 0.587254
3 0.587517
1 0.588153
1 0.588281
1 0.588932
3 0.589335
2 0.589620
2 0.589900
2 0.590252
1 0.590580
2 0.592043
1 0.592115
2 0.592584
3 0.593668
1 0.594379
1 0.594710
3 0.594738
2 0.595159
1 0.595679
1 0.595825
2 0.596925
2 0.597649
1 0.597930
2 0.599389
1 0.599551
1 0.600385
2 0.600978
2 0.601168
1 0.601373
1 0.601382
2 0.602409
1 0.603751
3 0.603887
2 0.603980
2 0.604880
1 0.605101
3 0.605180
1 0.605780
8 0.605800
8 0.605800
8 0.605800
8 0.606725
8 0.606725
8 0.606725
1 0.607694
3 0.608008
2 0.608140
1 0.608455
1 0.608968
1 0.609351
1 0.609600
2 0.609619
1 0.610555
2 0.610920
1 0.611001
3 0.611250
2 0.611430
1 0.611692
2 0.611811
2 0.612122
2 0.615222
1 0.615311
1 0.616538
3 0.616643
2 0.652161
2 0.617349
1 0.617380
2 0.618708
2 0.619783
2 0.621996
1 0.622445
2 0.622988
2 0.623243
1 0.623808
1 0.624313
2 0.624523
2 0.624909
3 0.625270
2 0.625964
1 0.626906
2 0.629270
2 0.630542
3 0.631199
3 0.631438
2 0.632418
2 0.634633
1 0.634844
1 0.635367
1 0.637008
18 0.637150
1 0.637494
1 0.637535
2 0.639291
2 0.639601
3 0.639688
2 0.641155
2 0.641155
1 0.641194
2 0.641430
1 0.641745
2 0.641838
2 0.642199
1 0.642280
2 0.643370
2 0.644251
3 0.644644
1 0.645058
1 0.645598
2 0.645795
1 0.645807
2 0.647271
1 0.648986
1 0.650670
1 0.651017
2 0.651192
2 0.651278
1 0.653836
1 0.655735
1 0.655751
2 0.656712
2 0.657189
1 0.657824
3 0.660466
2 0.660681
1 0.660698
2 0.662602
2 0.662979
2 0.663620
3 0.665359
1 0.665407
3 0.668545
1 0.670108
2 0.672328
1 0.672520
3 0.673028
1 0.674196
2 0.676550
2 0.676630
1 0.676617
2 0.677308
1 0.677802
1 0.679114
1 0.679110
3 0.679545
1 0.679729
1 0.681499
3 0.682001
1 0.683097
1 0.684829
1 0.687153
2 0.687272
1 0.690612
1 0.690658
1 0.691315
1 0.691310
1 0.693720
2 0.694599
2 0.694609
2 0.697984
3 0.697989
1 0.699498
1 0.700272
2 0.702455
1 0.705921
3 0.705940
2 0.707592
1 0.707915
2 0.708040
1 0.708829
1 0.709148
1 0.713582
2 0.714199
1 0.714542
1 0.715419
1 0.715409
1 0.715409
1 0.718243
1 0.720258
1 0.721088
2 0.721512
1 0.722610
2 0.724353
1 0.727004
1 0.728927
2 0.729182
1 0.730326
1 0.734324
3 0.735545
1 0.736199
1 0.736348
1 0.736881
1 0.736907
1 0.740472
1 0.740806
2 0.740910
1 0.742759
2 0.743675
2 0.743782
1 0.746704
2 0.747002
1 0.748892
1 0.749565
1 0.749621
2 0.751955
2 0.752653
2 0.752756
3 0.756658
1 0.758950
1 0.760364
1 0.761787
2 0.763152
2 0.764323
1 0.765424
1 0.768736
1 0.769666
1 0.770548
1 0.771114
1 0.771410
2 0.773782
1 0.774349
1 0.774896
1 0.775128
2 0.775129
1 0.776801
1 0.777056
1 0.777452
1 0.777841
2 0.778410
1 0.778880
2 0.779407
1 0.780866
1 0.783233
1 0.784218
1 0.784253
1 0.785698
2 0.785869
1 0.786607
1 0.787410
1 0.788393
1 0.788453
2 0.789772
1 0.790679
1 0.791560
1 0.792264
1 0.793078
2 0.793360
1 0.794051
1 0.794917
2 0.795928
1 0.795988
1 0.796486
2 0.797580
1 0.798337
1 0.798400
1 0.798460
1 0.799299
1 0.799532
2 0.799542
1 0.803571
1 0.803571
1 0.804271
3 0.805219
1 0.806172
1 0.810623
1 0.810659
1 0.811513
2 0.813223
1 0.813521
2 0.814435
1 0.814719
2 0.814739
2 0.815949
3 0.818086
2 0.818092
1 0.819231
1 0.819732
2 0.820500
1 0.820745
1 0.820889
1 0.821236
1 0.822064
1 0.822497
1 0.823112
1 0.826551
1 0.827463
1 0.828333
1 0.828980
1 0.830039
1 0.830368
1 0.830551
1 0.833502
2 0.837893
1 0.838721
2 0.841338
1 0.841474
2 0.843475
1 0.847224
2 0.847562
1 0.847952
1 0.850054
1 0.851121
1 0.854026
2 0.854032
2 0.855364
2 0.855374
1 0.856323
2 0.856602
1 0.857136
2 0.859066
1 0.859547
1 0.859547
1 0.860139
1 0.860119
1 0.860820
1 0.861297
2 0.862175
1 0.862720
1 0.863104
1 0.863386
1 0.863519
2 0.864159
1 0.865385
2 0.865411
1 0.867585
2 0.867662
2 0.868326
2 0.869259
1 0.869988
2 0.870995
1 0.871599
2 0.871965
1 0.872456
1 0.872894
1 0.874489
1 0.874882
1 0.874969
1 0.875759
1 0.876652
1 0.877538
1 0.877648
1 0.877916
1 0.878271
2 0.880704
1 0.880819
2 0.884251
1 0.884487
1 0.893114
1 0.896999
1 0.898044
2 0.898113
1 0.900165
2 0.900861
2 0.902812
2 0.904236
1 0.904693
1 0.909680
2 0.910221
1 0.910304
1 0.911417
1 0.912497
1 0.919119
1 0.922733
2 0.923571
1 0.923669
1 0.924551
1 0.924605
1 0.926526
2 0.926548
1 0.927353
2 0.927461
1 0.927557
1 0.928246
1 0.929042
1 0.930193
1 0.932860
2 0.932877
2 0.933326
1 0.934055
1 0.935470
1 0.935482
1 0.936466
2 0.939290
2 0.941590
2 0.941751
2 0.943990
1 0.945349
2 0.950741
1 0.953486
1 0.954352
2 0.958019
2 0.959689
1 0.960990
1 0.961827
2 0.966601
1 0.967161
1 0.968499
1 0.969051
1 0.970689
1 0.971750
1 0.971750
1 0.972547
1 0.973033
1 0.973004
1 0.974580
1 0.975443
1 0.977142
1 0.979759
1 0.981298
1 0.984105
2 0.985405
1 0.985898
1 0.986567
2 0.989569
1 0.989983
1 0.991908
1 0.992036
2 0.995744
2 0.996945
1 0.999216
1 1.004145
1 1.005761
1 1.006872
1 1.008044
1 1.012376
1 1.015049
2 1.017040
2 1.018010
2 1.022431
1 1.027643
1 1.029977
1 1.032577
1 1.036320
2 1.036404
1 1.037727
2 1.039212
2 1.043133
1 1.046144
1 1.048921
1 1.048892
1 1.055252
2 1.056576
1 1.057831
1 1.057852
1 1.059592
1 1.061136
1 1.062959
2 1.178083
1 1.064764
2 1.066245
1 1.070222
1 1.073238
1 1.080426
1 1.087789
2 1.108222
1 1.119017
1 1.121764
1 1.126079
1 1.126222
1 1.126584
1 1.128967
1 1.130684
1 1.131921
1 1.133158
1 1.133651
2 1.142798
1 1.146062
2 1.151751
1 1.161489
1 1.161472
1 1.165899
2 1.178531
1 1.179565
1 1.182261
1 1.197045
1 1.199929
1 1.200039
1 1.208053
1 1.208216
1 1.212111
1 1.212687
1 1.216018
1 1.220779
1 1.223274
1 1.224391
2 1.228542
1 1.232445
1 1.241848
1 1.260132
2 1.273578
1 1.273634
1 1.278596
1 1.278596
1 1.282902
1 1.282838
1 1.286541
1 1.287969
1 1.288233
1 1.291755
2 1.291919
1 1.293791
1 1.298151
1 1.298886
1 1.302649
1 1.312370
1 1.318101
1 1.319372
1 1.321427
1 1.324430
1 1.330796
1 1.330866
1 1.334152
1 1.362614
1 1.363795
1 1.366212
1 1.371478
1 1.374261
1 1.376765
1 1.380383
1 1.383668
1 1.388667
1 1.392777
1 1.394275
1 1.397786
2 1.397819
1 1.410815
1 1.416031
1 1.434484
1 1.435135
1 1.440619
1 1.443074
1 1.447290
1 1.452170
1 1.471991
1 1.473847
1 1.476671
1 1.476951
1 1.496598
1 1.497793
1 1.500942
1 1.521369
1 1.524379
1 1.527035
1 1.533067
1 1.533915
1 1.537624
1 1.539919
1 1.543788
1 1.547527
1 1.547612
1 1.547826
1 1.563951
1 1.568529
1 1.569107
1 1.577595
1 1.582441
1 1.582714
1 1.582720
1 1.589506
1 1.593012
1 1.605625
1 1.609045
1 1.611374
1 1.624874
1 1.631971
1 1.635138
1 1.647037
1 1.656740
1 1.657758
1 1.673109
1 1.678972
1 1.685810
1 1.689506
1 1.690138
1 1.692360
1 1.692370
1 1.694044
1 1.699914
1 1.707468
1 1.710345
1 1.723543
1 1.737235
1 1.740919
1 1.762166
1 1.763536
1 1.777557
1 1.784763
1 1.800715
1 1.810435
1 1.817228
1 1.819003
1 1.838984
1 1.842366
1 1.858597
1 1.870141
1 1.879060
1 1.879286
1 1.880283
1 2.021541
1 2.042442
1 2.042955
1 2.093011
1 2.117128
1 2.190850
1 2.249191
1 2.334678
1 2.350888
1 2.426716
1 2.429887
1 2.477538
1 2.524074
1 2.585593
1 2.626336
1 2.861978
1 2.865677
1 2.984733
1 3.050040
1 3.067245
1 3.151228
1 3.340984
1 3.341439
1 3.466999
1 3.487030
1 3.488148
1 3.488745
1 3.929495
1 3.931194
1 3.938733
1 3.938733
1 3.949740
1 3.956800
1 3.957048
1 3.958348
1 3.959955
1 3.960014
1 3.983100
1 3.996526
1 3.996526
1 3.997730
1 4.018616
1 4.019914
1 4.019914
1 4.031725
1 4.031725
1 4.039285
1 4.039285
1 4.069635
1 4.374397
1 4.375736
1 5.296415
1 5.301185
1 5.301960
1 5.301969
1 5.586155
1 5.630053
1 5.630210
1 7.058050
End Spectral Lines:
