Symbol: Xe
Atomic Number: 54
Atomic Mass: 131.290000
Start Spectral Index: 54
1 1134
2 1115
3 1512
4 769
5 273
6 126
7 131
8 135
9 144
10 83
11 208
19 2
25 12
26 18
27 11
28 3
29 17
43 3
44 11
45 25
51 11
52 8
53 5
54 2
End Spectral Index:
Order of Magnitude: 0.000001
Start Spectral Lines:
54 0.000040
54 0.000040
53 0.000040
53 0.000041
53 0.000041
45 0.000210
52 0.000219
51 0.000220
52 0.000223
51 0.000226
51 0.000227
51 0.000228
51 0.000228
51 0.000228
53 0.000229
52 0.000230
51 0.000235
52 0.000238
52 0.000239
45 0.000239
51 0.000241
45 0.000241
45 0.000241
51 0.000243
45 0.000246
45 0.000246
52 0.000247
45 0.000251
45 0.000255
45 0.000256
44 0.000256
44 0.000257
44 0.000258
45 0.000262
45 0.000263
45 0.000268
45 0.000272
45 0.000273
44 0.000273
44 0.000274
44 0.000274
45 0.000274
45 0.000275
44 0.000275
45 0.000275
45 0.000282
45 0.000283
45 0.000288
45 0.000288
45 0.000294
45 0.000294
27 0.001356
27 0.001425
27 0.001462
27 0.001480
27 0.001833
27 0.001867
27 0.001883
26 0.001914
27 0.002050
27 0.002098
52 0.002519
53 0.002666
26 0.003439
26 0.003561
26 0.003566
26 0.003941
29 0.003941
29 0.004033
28 0.004049
26 0.004072
29 0.004073
29 0.004154
29 0.004231
26 0.004331
29 0.004573
29 0.004661
29 0.004797
29 0.004812
29 0.004852
28 0.004864
29 0.004887
29 0.004912
29 0.004994
29 0.005108
29 0.005129
28 0.005136
29 0.005222
26 0.005262
26 0.005271
29 0.005389
26 0.005401
26 0.005512
44 0.005867
43 0.006289
43 0.006289
44 0.006660
45 0.007095
51 0.007105
44 0.008484
9 0.008542
9 0.008752
9 0.008844
45 0.009300
27 0.009561
9 0.009645
51 0.009720
9 0.009955
27 0.009998
25 0.010185
9 0.010282
52 0.010347
9 0.010381
11 0.010569
11 0.010612
7 0.010688
19 0.010842
11 0.010903
11 0.010909
11 0.010934
25 0.010941
11 0.010988
11 0.011002
10 0.011013
11 0.011053
11 0.011053
11 0.011089
11 0.011100
11 0.011119
11 0.011127
11 0.011129
11 0.011139
11 0.011138
11 0.011142
11 0.011143
11 0.011151
11 0.011155
11 0.011162
11 0.011165
11 0.011170
11 0.011174
11 0.011179
11 0.011183
11 0.011196
11 0.011201
11 0.011204
11 0.011205
11 0.011209
11 0.011239
11 0.011243
11 0.011271
10 0.011271
11 0.011289
11 0.011302
11 0.011336
7 0.011342
10 0.011344
11 0.011373
11 0.011402
10 0.011431
11 0.011471
25 0.011486
10 0.011488
10 0.011488
10 0.011563
10 0.011566
11 0.011634
10 0.011654
25 0.011680
7 0.011824
26 0.011893
11 0.011929
7 0.011975
9 0.012013
11 0.012290
7 0.012324
8 0.012322
8 0.012327
44 0.012392
11 0.012636
11 0.012701
11 0.012723
11 0.012761
11 0.012797
11 0.012808
11 0.012822
11 0.012834
11 0.012883
11 0.012964
43 0.012993
11 0.012993
11 0.012999
11 0.013008
11 0.013016
11 0.013028
26 0.013041
11 0.013044
11 0.013068
11 0.013105
11 0.013116
11 0.013128
11 0.013132
11 0.013140
25 0.013144
11 0.013148
11 0.013151
11 0.013158
11 0.013162
11 0.013165
11 0.013171
11 0.013173
19 0.013174
11 0.013187
11 0.013191
11 0.013198
11 0.013207
11 0.013230
11 0.013247
11 0.013257
11 0.013262
25 0.013261
11 0.013266
11 0.013270
11 0.013274
11 0.013278
11 0.013284
11 0.013293
11 0.013298
11 0.013304
11 0.013304
11 0.013307
11 0.013308
11 0.013336
10 0.013339
11 0.013344
11 0.013352
11 0.013353
11 0.013365
11 0.013371
11 0.013376
11 0.013386
11 0.013389
11 0.013393
11 0.013397
11 0.013404
11 0.013409
11 0.013412
11 0.013419
10 0.013419
11 0.013424
11 0.013431
11 0.013443
11 0.013458
11 0.013462
11 0.013467
11 0.013469
11 0.013475
11 0.013484
26 0.013485
11 0.013493
11 0.013496
11 0.013499
11 0.013507
11 0.013510
11 0.013514
11 0.013520
11 0.013522
11 0.013526
11 0.013530
11 0.013532
11 0.013533
11 0.013533
11 0.013539
11 0.013543
11 0.013546
11 0.013552
11 0.013557
11 0.013561
10 0.013573
11 0.013586
11 0.013588
11 0.013596
11 0.013600
11 0.013601
11 0.013602
11 0.013607
11 0.013619
11 0.013621
25 0.013627
11 0.013629
11 0.013632
11 0.013635
11 0.013640
11 0.013640
11 0.013645
11 0.013648
11 0.013651
11 0.013655
11 0.013659
11 0.013660
11 0.013661
11 0.013667
11 0.013671
11 0.013673
11 0.013683
11 0.013691
11 0.013692
11 0.013694
11 0.013703
11 0.013722
10 0.013727
11 0.013744
11 0.013753
11 0.013759
11 0.013768
11 0.013772
11 0.013778
11 0.013792
11 0.013815
11 0.013818
26 0.013839
11 0.013842
11 0.013846
10 0.013853
11 0.013877
10 0.013882
11 0.013889
11 0.013890
11 0.013905
11 0.013917
11 0.013919
11 0.013969
11 0.013982
11 0.013982
11 0.013989
11 0.014004
10 0.014013
11 0.014020
11 0.014031
11 0.014035
11 0.014040
11 0.014048
11 0.014072
11 0.014099
10 0.014103
10 0.014109
11 0.014125
11 0.014127
11 0.014143
10 0.014155
10 0.014205
11 0.014211
11 0.014233
10 0.014250
11 0.014253
11 0.014275
11 0.014293
11 0.014303
10 0.014338
10 0.014348
10 0.014349
9 0.014361
11 0.014381
10 0.014395
10 0.014408
26 0.014423
10 0.014465
10 0.014477
10 0.014510
10 0.014515
10 0.014532
10 0.014540
25 0.014520
11 0.014556
10 0.014572
10 0.014579
10 0.014598
10 0.014611
10 0.014615
7 0.014638
10 0.014641
10 0.014645
10 0.014653
10 0.014662
10 0.014701
11 0.014715
10 0.014738
10 0.014742
10 0.014762
10 0.014764
10 0.014773
11 0.014782
10 0.014796
10 0.014824
10 0.014833
10 0.014836
10 0.014864
10 0.014871
10 0.014894
10 0.014902
10 0.014936
10 0.014958
10 0.014968
11 0.014973
10 0.015009
10 0.015012
10 0.015022
9 0.015027
10 0.015044
10 0.015054
10 0.015102
10 0.015114
10 0.015129
10 0.015136
10 0.015175
10 0.015176
10 0.015206
10 0.015283
10 0.015285
7 0.015383
10 0.015443
10 0.015459
10 0.015468
10 0.015493
10 0.015525
10 0.015630
11 0.015656
10 0.015686
10 0.015892
10 0.015897
10 0.015939
9 0.016174
10 0.016326
25 0.016443
9 0.016532
25 0.016647
8 0.016667
8 0.017086
26 0.017394
8 0.017415
8 0.017587
8 0.017726
8 0.017771
8 0.017966
8 0.018014
8 0.018066
7 0.018188
8 0.018466
7 0.018544
8 0.022184
8 0.022280
8 0.022554
8 0.023243
26 0.023396
7 0.024522
7 0.024944
25 0.025247
8 0.025530
8 0.025566
25 0.027254
8 0.032779
8 0.032839
8 0.035838
7 0.036038
7 0.036617
8 0.038397
7 0.038656
7 0.039311
7 0.039392
9 0.040090
7 0.040464
7 0.041059
7 0.041398
7 0.041467
9 0.041826
7 0.041998
9 0.042606
7 0.042607
7 0.042718
1 0.043031
1 0.043045
9 0.043054
1 0.043063
1 0.043090
1 0.043126
1 0.043155
1 0.043231
1 0.043330
1 0.043434
9 0.043514
9 0.043642
1 0.044033
1 0.044059
1 0.044101
1 0.044146
1 0.044241
9 0.044250
9 0.044308
1 0.044373
9 0.044419
1 0.044561
6 0.044747
9 0.045040
7 0.045088
1 0.045235
1 0.045342
9 0.045432
1 0.045434
9 0.045762
7 0.045785
1 0.045804
9 0.045855
9 0.045855
1 0.045863
9 0.045941
1 0.045968
9 0.046072
1 0.046100
9 0.046222
9 0.046231
9 0.046420
9 0.046602
9 0.046610
1 0.046815
9 0.046838
1 0.046867
9 0.046911
1 0.046940
1 0.047046
9 0.047066
9 0.047150
9 0.047386
9 0.047460
9 0.047513
9 0.047689
9 0.047724
9 0.047769
9 0.047813
9 0.048009
9 0.048009
9 0.048020
9 0.048031
6 0.048105
9 0.048207
9 0.048270
7 0.048288
9 0.048337
9 0.048356
9 0.048414
9 0.048426
9 0.048436
9 0.048538
9 0.048556
9 0.048607
9 0.048634
9 0.048696
9 0.048713
9 0.048728
9 0.048872
9 0.048872
9 0.048911
9 0.048930
9 0.049056
3 0.049057
9 0.049076
9 0.049172
9 0.049180
9 0.049281
3 0.049309
9 0.049334
7 0.049425
9 0.049461
6 0.049497
9 0.049523
9 0.049568
9 0.049616
3 0.049625
3 0.049745
3 0.049838
9 0.049948
8 0.050011
3 0.049992
5 0.050011
9 0.050054
5 0.050056
9 0.050167
9 0.050256
8 0.050310
5 0.050273
3 0.050380
9 0.050384
9 0.050582
9 0.050623
3 0.050795
3 0.050862
9 0.050934
3 0.050952
3 0.051026
9 0.051031
9 0.051116
9 0.051151
5 0.051297
5 0.051485
9 0.051507
9 0.051576
9 0.051615
3 0.051658
9 0.051672
8 0.051701
9 0.051705
9 0.051771
9 0.051821
9 0.051870
9 0.051935
3 0.052019
3 0.052131
6 0.052141
9 0.052173
9 0.052178
7 0.052184
9 0.052303
9 0.052322
3 0.052364
3 0.052426
5 0.052447
8 0.052524
8 0.052514
4 0.052530
1 0.052577
9 0.052653
7 0.052664
9 0.052721
7 0.052770
9 0.052792
1 0.052805
3 0.052823
1 0.052842
7 0.052873
9 0.052887
1 0.052934
3 0.052982
3 0.052995
1 0.053074
1 0.053083
1 0.053093
9 0.053103
7 0.053118
1 0.053121
1 0.053137
1 0.053276
8 0.053279
1 0.053334
1 0.053334
7 0.053376
7 0.053384
3 0.053391
1 0.053427
9 0.053453
3 0.053453
1 0.053458
7 0.053497
3 0.053548
1 0.053555
6 0.053565
7 0.053598
3 0.053653
3 0.053684
3 0.053711
3 0.053730
1 0.053746
6 0.053761
9 0.053770
5 0.053812
3 0.053849
9 0.053882
1 0.053933
8 0.053999
3 0.054019
1 0.054054
5 0.054072
8 0.054126
5 0.054130
5 0.054163
9 0.054167
5 0.054305
7 0.054310
6 0.054351
3 0.054411
1 0.054418
6 0.054524
1 0.054608
9 0.054611
9 0.054731
6 0.054740
7 0.054778
3 0.054779
3 0.054804
3 0.054801
3 0.054844
6 0.054922
3 0.054944
9 0.055018
1 0.055076
5 0.055353
6 0.055478
5 0.055523
5 0.055552
1 0.055783
6 0.055824
4 0.055865
3 0.055903
3 0.055926
3 0.056035
9 0.056101
6 0.056171
8 0.056252
6 0.056448
3 0.056562
7 0.056603
5 0.056657
3 0.056929
3 0.057036
7 0.057130
4 0.057142
7 0.057168
8 0.057195
5 0.057190
6 0.057421
7 0.057448
4 0.057465
3 0.057474
5 0.057559
7 0.057678
6 0.057723
4 0.057729
7 0.057761
5 0.057779
4 0.057840
7 0.057862
4 0.057877
7 0.057882
7 0.057907
4 0.057965
7 0.058057
5 0.058237
5 0.058252
5 0.058293
7 0.058420
6 0.058476
4 0.058655
5 0.058816
7 0.058871
5 0.058937
3 0.059071
4 0.059171
1 0.059179
5 0.059323
6 0.059332
4 0.059334
6 0.059424
7 0.059462
5 0.059509
9 0.059639
6 0.059703
4 0.059807
6 0.059821
5 0.059924
6 0.059985
4 0.060094
7 0.060171
4 0.060244
5 0.060306
4 0.060338
5 0.060340
6 0.060387
6 0.060479
7 0.060491
4 0.060504
4 0.060584
6 0.060631
4 0.060723
6 0.060735
7 0.060870
6 0.060890
9 0.060902
5 0.061058
4 0.061127
3 0.061152
4 0.061400
4 0.061404
6 0.061422
4 0.061435
9 0.061468
4 0.061602
6 0.061662
5 0.061845
4 0.061924
6 0.061931
4 0.061944
9 0.061990
6 0.062070
4 0.062340
5 0.062352
4 0.062408
7 0.062439
6 0.062489
4 0.062518
4 0.062640
4 0.062647
6 0.062697
3 0.062740
9 0.062812
6 0.062849
8 0.062900
8 0.062815
5 0.062915
3 0.062922
4 0.063047
4 0.063079
6 0.063293
3 0.063309
7 0.063412
5 0.063539
4 0.063605
4 0.063611
6 0.063650
8 0.063630
5 0.063751
6 0.063783
3 0.063942
6 0.063994
5 0.064211
4 0.064212
4 0.064221
5 0.064290
5 0.064301
5 0.064313
6 0.064372
4 0.064633
3 0.064667
4 0.064710
4 0.064776
4 0.064961
5 0.065038
3 0.065048
4 0.065369
4 0.065476
4 0.065522
5 0.065534
6 0.065791
4 0.065784
3 0.065783
9 0.065812
4 0.065834
6 0.065985
4 0.066011
3 0.066014
7 0.066050
3 0.066112
9 0.066181
5 0.066210
3 0.066252
4 0.066341
3 0.066488
4 0.066491
4 0.066521
8 0.066580
4 0.066705
5 0.066772
7 0.066791
4 0.066846
3 0.066848
6 0.066894
3 0.067054
9 0.067080
7 0.067101
6 0.067136
4 0.067256
4 0.067347
9 0.067360
3 0.067380
3 0.067399
9 0.067469
4 0.067491
7 0.067529
4 0.067528
2 0.067529
9 0.067602
3 0.067660
4 0.067674
9 0.067729
2 0.067767
6 0.067771
3 0.067902
5 0.067928
2 0.068062
4 0.068064
3 0.068256
5 0.068258
3 0.068293
4 0.068318
5 0.068387
4 0.068397
4 0.068454
3 0.068560
3 0.068679
9 0.068689
7 0.068751
6 0.068759
3 0.068804
3 0.068824
4 0.068878
4 0.068915
4 0.069034
3 0.069040
9 0.069072
3 0.069103
5 0.069127
7 0.069199
2 0.069259
6 0.069260
3 0.069397
6 0.069459
4 0.069475
6 0.069606
6 0.069680
9 0.069741
3 0.069758
4 0.069760
7 0.069802
3 0.069854
4 0.069855
3 0.069907
2 0.069965
9 0.070098
5 0.070138
6 0.070226
5 0.070234
2 0.070234
3 0.070279
5 0.070287
4 0.070358
3 0.070391
6 0.070503
4 0.070510
3 0.070508
6 0.070553
3 0.070578
5 0.070726
5 0.070791
6 0.070884
6 0.070942
8 0.070990
8 0.070990
8 0.070985
3 0.071057
3 0.071068
3 0.071119
4 0.071189
6 0.071418
6 0.071429
6 0.071550
3 0.071599
2 0.071613
3 0.071791
4 0.071855
2 0.071894
3 0.071969
2 0.072084
3 0.072120
3 0.072163
7 0.072180
4 0.072279
3 0.072305
7 0.072370
3 0.072388
2 0.072430
3 0.072462
4 0.072486
8 0.072493
9 0.072539
9 0.072691
3 0.072705
6 0.072723
4 0.072864
7 0.072952
3 0.073102
4 0.073102
7 0.073101
2 0.073229
2 0.073225
5 0.073252
7 0.073251
4 0.073262
3 0.073331
6 0.073385
9 0.073421
7 0.073430
5 0.073593
7 0.073720
4 0.073768
3 0.073798
4 0.073845
2 0.074041
8 0.074048
4 0.074085
4 0.074162
9 0.074169
3 0.074257
5 0.074308
3 0.074414
7 0.074498
7 0.074760
7 0.074889
8 0.074915
4 0.074964
3 0.075016
3 0.075045
2 0.075081
4 0.075173
4 0.075223
6 0.075222
7 0.075363
3 0.075414
9 0.075478
2 0.075532
3 0.075603
7 0.075602
5 0.075632
6 0.075640
7 0.075661
9 0.075808
4 0.075850
2 0.075849
7 0.075910
9 0.076111
3 0.076153
3 0.076179
4 0.076235
3 0.076373
7 0.076403
3 0.076512
3 0.076544
5 0.076547
7 0.076569
2 0.076719
4 0.076720
5 0.076857
3 0.076914
7 0.076952
5 0.077200
7 0.077265
2 0.077370
4 0.077419
2 0.077457
9 0.077491
6 0.077614
5 0.077686
4 0.077703
5 0.077760
4 0.077787
6 0.077845
7 0.077911
3 0.077912
3 0.077912
3 0.077978
3 0.078002
5 0.078067
4 0.078157
2 0.078415
2 0.078415
4 0.078432
3 0.078478
7 0.078631
5 0.078666
5 0.078673
2 0.078734
7 0.078900
3 0.079006
5 0.079184
6 0.079215
3 0.079290
3 0.079329
2 0.079355
3 0.079397
4 0.079500
3 0.079607
9 0.079671
4 0.079697
7 0.079718
5 0.079738
6 0.079759
5 0.079819
5 0.079871
3 0.079933
3 0.080022
6 0.080083
3 0.080082
3 0.080198
2 0.080306
4 0.080441
2 0.080450
4 0.080570
5 0.080570
2 0.080600
3 0.080886
4 0.080953
3 0.081011
3 0.081113
4 0.081150
7 0.081152
9 0.081230
4 0.081499
7 0.081681
7 0.081812
9 0.081949
9 0.081989
8 0.082010
4 0.082016
3 0.082018
4 0.082161
3 0.082264
3 0.082320
3 0.082488
8 0.082565
3 0.082613
9 0.082629
7 0.082639
5 0.082935
5 0.083023
8 0.083065
5 0.083408
4 0.083500
9 0.083571
3 0.083824
3 0.083844
5 0.083915
2 0.083974
7 0.083972
3 0.084015
4 0.084044
7 0.084212
2 0.084238
9 0.084400
5 0.084489
4 0.084624
7 0.084741
7 0.084955
3 0.085056
3 0.085115
4 0.085128
5 0.085182
3 0.085295
4 0.085419
2 0.085478
2 0.085857
8 0.085860
3 0.086106
5 0.086220
5 0.086315
7 0.086329
3 0.086339
4 0.086568
5 0.086741
4 0.086890
8 0.087015
3 0.087034
2 0.087145
8 0.087310
7 0.087541
3 0.087879
4 0.088004
6 0.088004
2 0.088080
7 0.088212
7 0.088400
7 0.088551
2 0.088554
7 0.088579
5 0.088669
2 0.088728
7 0.088730
7 0.088801
3 0.088928
4 0.089119
7 0.089142
7 0.089142
3 0.089184
5 0.089312
3 0.089401
3 0.089540
3 0.089602
5 0.089682
2 0.089826
3 0.089887
6 0.089896
5 0.090051
6 0.090163
3 0.090175
4 0.090451
5 0.090706
5 0.090811
4 0.090838
7 0.091098
2 0.091272
6 0.091516
4 0.091530
3 0.091549
4 0.091560
3 0.091726
4 0.091779
8 0.091930
8 0.091930
4 0.091946
4 0.092029
7 0.092089
5 0.092154
1 0.092575
2 0.092587
1 0.092611
4 0.092624
1 0.092642
1 0.092656
2 0.092675
1 0.092694
1 0.092756
1 0.092775
1 0.092833
6 0.092837
1 0.092857
6 0.092914
1 0.092931
1 0.092961
1 0.093056
3 0.093070
1 0.093098
4 0.093116
2 0.093126
1 0.093223
1 0.093278
4 0.093415
1 0.093447
8 0.093510
1 0.093520
4 0.093525
2 0.093540
5 0.093628
1 0.093765
1 0.093871
2 0.093919
4 0.093987
5 0.094081
5 0.094195
1 0.094232
7 0.094321
5 0.094345
2 0.094386
1 0.094391
5 0.094525
7 0.094915
2 0.094955
1 0.094963
1 0.095228
4 0.095247
3 0.095398
5 0.095465
4 0.095770
3 0.095859
2 0.095923
3 0.096033
1 0.096198
3 0.096555
1 0.096690
6 0.096754
4 0.096818
7 0.097018
6 0.097154
3 0.097182
2 0.097277
3 0.097413
4 0.097495
2 0.097668
3 0.097998
5 0.098068
3 0.098109
4 0.098329
1 0.098592
4 0.098655
5 0.098854
2 0.098856
4 0.098867
5 0.098963
4 0.099184
2 0.099216
5 0.099526
7 0.099551
1 0.099580
6 0.099622
7 0.099740
4 0.099911
7 0.099977
3 0.100209
5 0.100248
4 0.100267
4 0.100337
4 0.100674
4 0.100869
4 0.100943
4 0.100986
6 0.101110
6 0.101110
3 0.101482
3 0.101618
7 0.101609
6 0.101727
3 0.101768
4 0.101882
1 0.102578
1 0.102591
1 0.102622
1 0.102638
5 0.102660
1 0.102663
1 0.102676
4 0.102694
1 0.102695
2 0.102704
1 0.102726
1 0.102740
1 0.102763
1 0.102802
1 0.102820
1 0.102849
4 0.102863
1 0.102897
1 0.102919
1 0.102955
1 0.103016
4 0.103028
1 0.103044
1 0.103090
1 0.103169
1 0.103206
2 0.103244
2 0.103259
1 0.103266
4 0.103299
1 0.103372
1 0.103419
4 0.103454
1 0.103502
1 0.103648
1 0.103709
2 0.103768
1 0.103826
1 0.104033
1 0.104117
2 0.104131
4 0.104181
1 0.104261
1 0.104383
1 0.104612
1 0.104714
3 0.104780
2 0.104811
2 0.104826
3 0.104875
1 0.105011
2 0.105192
1 0.105500
3 0.105532
1 0.105613
5 0.105646
3 0.105813
5 0.105934
3 0.106053
1 0.106126
4 0.106144
4 0.106265
5 0.106326
5 0.106355
4 0.106411
4 0.106505
3 0.106639
2 0.106709
4 0.106771
1 0.106817
4 0.106881
4 0.106921
1 0.107041
5 0.107110
5 0.107281
2 0.107448
7 0.107711
3 0.107785
1 0.107858
6 0.108009
4 0.108139
4 0.108325
5 0.108352
2 0.108386
4 0.108466
1 0.108544
5 0.108601
8 0.108680
3 0.108895
4 0.108965
4 0.109117
6 0.109162
3 0.109216
5 0.109280
7 0.109410
5 0.109565
4 0.109735
1 0.109972
2 0.110043
6 0.110195
4 0.110295
2 0.110351
4 0.110891
3 0.110926
5 0.110982
1 0.111071
5 0.111149
4 0.111328
4 0.111356
4 0.111444
5 0.111482
5 0.111529
4 0.111629
4 0.111709
4 0.111841
5 0.111892
5 0.111978
3 0.112011
8 0.112420
8 0.112410
8 0.112410
3 0.112442
4 0.112535
3 0.112702
5 0.112806
1 0.112931
3 0.113035
3 0.113184
5 0.113232
3 0.113561
6 0.113640
4 0.113806
4 0.113944
5 0.114028
5 0.114044
4 0.114325
5 0.114354
4 0.114416
4 0.114871
4 0.115025
4 0.115107
5 0.115108
5 0.115327
4 0.115351
4 0.115467
5 0.115513
4 0.115566
3 0.115648
4 0.115746
3 0.115832
2 0.115847
4 0.115904
3 0.115934
3 0.115935
3 0.116099
3 0.116273
3 0.116306
4 0.116314
5 0.116496
6 0.116593
3 0.116623
3 0.116646
8 0.116660
8 0.116660
3 0.116679
5 0.116852
2 0.116964
1 0.117041
3 0.117081
3 0.117099
3 0.117315
3 0.117337
3 0.117386
3 0.117424
4 0.117471
4 0.117571
4 0.117737
6 0.117742
3 0.117762
3 0.117863
3 0.117919
6 0.117952
6 0.118146
4 0.118195
3 0.118272
2 0.118305
3 0.118576
3 0.118625
4 0.118860
3 0.118885
8 0.118990
4 0.119018
4 0.119057
4 0.119098
5 0.119170
1 0.119204
3 0.119212
4 0.119213
4 0.119232
3 0.119511
3 0.119869
3 0.120003
8 0.120080
4 0.120081
4 0.120162
3 0.120260
4 0.120269
4 0.120317
4 0.120506
3 0.120593
5 0.120640
4 0.121060
4 0.121130
4 0.121204
4 0.121725
5 0.121887
6 0.122020
4 0.122056
4 0.122253
5 0.122510
4 0.122576
4 0.122642
3 0.122794
3 0.122899
4 0.123094
4 0.123126
7 0.123164
3 0.123207
5 0.123634
3 0.123732
3 0.123896
4 0.124090
4 0.124242
3 0.124287
4 0.124356
7 0.124359
3 0.124423
2 0.124476
3 0.124761
5 0.124858
3 0.124932
1 0.125021
8 0.125100
8 0.125075
6 0.125130
6 0.125130
3 0.125149
3 0.125365
4 0.125423
5 0.125532
4 0.125557
5 0.125675
4 0.125957
4 0.126285
4 0.126375
4 0.126630
3 0.126717
3 0.126929
5 0.127110
4 0.127121
3 0.127282
4 0.127296
3 0.127774
3 0.127831
6 0.128045
4 0.128053
5 0.128113
3 0.128163
8 0.128170
5 0.128289
4 0.128381
6 0.128550
5 0.129057
4 0.129072
4 0.129086
3 0.129242
3 0.129447
3 0.129467
1 0.129559
4 0.129846
6 0.129891
3 0.129923
4 0.130116
5 0.130170
3 0.130338
8 0.130460
3 0.130547
3 0.130572
3 0.130625
3 0.130625
3 0.130965
3 0.130981
3 0.130988
3 0.131409
3 0.131439
3 0.131520
3 0.131644
3 0.131687
5 0.131747
4 0.132127
4 0.132250
4 0.132286
5 0.132439
5 0.132459
7 0.132540
3 0.132501
7 0.132755
7 0.132755
3 0.132747
4 0.132827
5 0.132944
5 0.133070
3 0.133092
7 0.133182
4 0.133180
3 0.133314
3 0.133316
4 0.133377
4 0.133698
3 0.133765
5 0.133805
3 0.133815
4 0.133823
4 0.133857
5 0.134034
6 0.134068
4 0.134089
5 0.134142
3 0.134152
3 0.134253
3 0.134292
3 0.134431
4 0.134474
4 0.134560
3 0.134754
3 0.135047
4 0.135082
4 0.135135
4 0.135152
4 0.135278
4 0.135365
4 0.135400
5 0.135440
3 0.135501
4 0.135574
3 0.135635
4 0.135862
5 0.135931
5 0.135974
6 0.135940
6 0.136104
4 0.136114
8 0.136305
8 0.136305
3 0.136497
8 0.136585
8 0.136585
4 0.136560
3 0.136670
4 0.136777
4 0.136923
3 0.137007
5 0.137379
3 0.137480
3 0.137529
8 0.137580
5 0.137620
3 0.137772
3 0.137812
4 0.137841
3 0.138005
8 0.138410
4 0.138450
4 0.138548
4 0.138743
3 0.138913
4 0.139021
4 0.139060
4 0.139084
3 0.139193
3 0.139212
5 0.139374
3 0.139592
5 0.139746
3 0.139757
3 0.139927
3 0.139928
3 0.139928
4 0.140102
4 0.140305
4 0.140354
3 0.140458
3 0.140468
3 0.140504
4 0.140622
4 0.140685
5 0.140734
4 0.140776
4 0.140783
4 0.140782
3 0.140799
5 0.140967
4 0.141142
5 0.141212
3 0.141247
3 0.141285
3 0.141300
5 0.141391
4 0.141434
3 0.141492
4 0.141723
3 0.141803
8 0.141850
4 0.142214
4 0.142227
4 0.142287
4 0.142401
3 0.142520
5 0.142561
3 0.142600
3 0.142600
4 0.142749
3 0.142784
3 0.142881
4 0.142970
4 0.143002
3 0.143218
5 0.143380
3 0.143395
3 0.143482
3 0.143505
3 0.143516
3 0.143670
4 0.143750
4 0.143750
5 0.143775
3 0.143826
6 0.143960
3 0.144009
4 0.144053
3 0.144065
3 0.144120
4 0.144478
4 0.144594
3 0.144626
3 0.144749
3 0.144758
3 0.145009
3 0.145114
4 0.145215
3 0.145341
4 0.145541
3 0.145577
3 0.145735
3 0.145784
3 0.145880
7 0.146097
3 0.146121
3 0.146255
4 0.146389
3 0.146573
4 0.146573
3 0.146818
3 0.146838
1 0.146961
4 0.147058
3 0.147131
3 0.147273
7 0.147312
3 0.147478
6 0.147770
4 0.147833
4 0.148079
3 0.148224
4 0.148245
3 0.148469
4 0.148493
4 0.148604
3 0.148629
3 0.148847
4 0.149386
3 0.149545
5 0.149639
4 0.149665
4 0.149709
4 0.149719
3 0.149770
3 0.150116
3 0.150399
3 0.150490
5 0.150580
4 0.150640
4 0.150672
8 0.150710
3 0.150817
3 0.150946
3 0.150953
3 0.150983
3 0.151112
4 0.151408
3 0.151556
4 0.151702
3 0.152062
3 0.152150
3 0.152428
4 0.152427
4 0.152645
3 0.152658
4 0.152897
3 0.153056
4 0.153098
5 0.153122
3 0.153277
3 0.153341
5 0.153366
3 0.153521
3 0.153523
3 0.153533
8 0.153570
8 0.153480
3 0.153631
3 0.153639
3 0.153681
3 0.153822
8 0.153870
3 0.153886
3 0.154097
4 0.154110
4 0.154189
5 0.154359
5 0.154361
5 0.154411
3 0.154695
3 0.154735
3 0.154801
4 0.154819
4 0.154963
3 0.154996
3 0.155166
4 0.155241
4 0.155358
3 0.155391
3 0.155443
4 0.155686
3 0.155746
5 0.155784
4 0.155811
3 0.155818
3 0.156002
3 0.156044
5 0.156148
3 0.156201
4 0.156217
3 0.156255
4 0.156274
4 0.156341
4 0.156608
5 0.156697
5 0.156810
3 0.156934
3 0.156975
4 0.156992
3 0.157087
4 0.157165
4 0.157209
3 0.157219
4 0.157252
4 0.157282
5 0.157472
3 0.157485
4 0.157533
5 0.157560
4 0.157748
4 0.157777
3 0.157816
3 0.157948
8 0.157950
4 0.158113
4 0.158385
4 0.158385
3 0.158458
3 0.158578
3 0.158936
4 0.158979
8 0.159170
3 0.159247
4 0.159344
5 0.159607
3 0.159670
4 0.159743
3 0.159826
4 0.160135
3 0.160182
4 0.160219
8 0.160250
3 0.160324
3 0.160408
4 0.160414
3 0.160511
3 0.160532
3 0.160639
5 0.160740
5 0.161011
3 0.161066
3 0.161298
3 0.161609
3 0.161948
4 0.161958
4 0.162070
3 0.162141
3 0.162260
3 0.162375
5 0.162443
3 0.162468
4 0.162533
3 0.162619
3 0.162631
3 0.162815
5 0.162908
3 0.162932
3 0.163039
4 0.163062
3 0.163143
3 0.163327
3 0.163349
3 0.163407
3 0.163539
4 0.163594
3 0.163757
4 0.163808
5 0.164131
4 0.164200
3 0.164239
3 0.164277
4 0.164338
4 0.164384
4 0.164463
3 0.164651
3 0.164701
3 0.164734
5 0.164815
3 0.165304
4 0.165422
5 0.165527
3 0.165606
3 0.165661
4 0.166032
4 0.166045
3 0.166081
4 0.166099
3 0.166103
3 0.166110
4 0.166129
6 0.166310
3 0.166340
4 0.166460
4 0.166638
5 0.166800
4 0.166844
4 0.166865
4 0.166891
3 0.166936
4 0.167060
4 0.167071
4 0.167141
3 0.167256
4 0.167331
3 0.167357
3 0.167465
5 0.167551
3 0.167584
3 0.167888
4 0.168016
3 0.168420
8 0.168385
3 0.168583
4 0.168665
4 0.168845
3 0.169180
8 0.169220
5 0.169293
4 0.169341
3 0.169371
4 0.169392
3 0.169412
3 0.169482
4 0.169495
3 0.169693
4 0.169836
4 0.169890
3 0.169952
3 0.169975
3 0.170382
4 0.170469
3 0.170495
3 0.170518
4 0.170630
8 0.170810
8 0.170810
4 0.170931
5 0.171254
3 0.171252
4 0.171315
3 0.171387
4 0.171418
3 0.171629
3 0.171701
3 0.171750
4 0.171753
3 0.172236
4 0.172330
3 0.172478
3 0.172498
4 0.172592
4 0.172612
3 0.172743
3 0.172843
4 0.173115
3 0.173353
3 0.173437
3 0.173537
5 0.174150
4 0.174289
4 0.174464
4 0.174617
4 0.174778
3 0.175061
4 0.175074
3 0.175203
3 0.175232
4 0.175240
3 0.175262
5 0.175352
4 0.175561
3 0.175740
4 0.175816
8 0.175830
8 0.175830
3 0.175963
3 0.176018
4 0.176229
8 0.176380
8 0.176380
3 0.176709
4 0.176929
3 0.177010
3 0.177018
3 0.177093
3 0.177178
3 0.177403
3 0.177518
5 0.177543
3 0.177755
3 0.177792
3 0.177842
3 0.177879
3 0.178006
5 0.178203
4 0.178300
6 0.178305
3 0.178466
3 0.178531
3 0.178667
4 0.178820
3 0.178926
3 0.179054
4 0.179172
4 0.179231
6 0.179310
3 0.179969
3 0.179977
3 0.179990
4 0.180241
4 0.180261
3 0.180307
4 0.180328
3 0.180412
4 0.180490
3 0.180531
4 0.180629
4 0.180753
3 0.180775
8 0.180885
3 0.181051
3 0.181127
3 0.181230
3 0.181450
3 0.181509
3 0.181740
5 0.181840
4 0.181949
3 0.181986
3 0.182133
4 0.182149
3 0.182340
4 0.182411
4 0.182478
3 0.182586
3 0.182649
3 0.182736
3 0.182788
4 0.182840
4 0.182878
3 0.183094
3 0.183167
3 0.183359
3 0.183426
4 0.183482
3 0.183554
3 0.183581
3 0.183722
3 0.183731
4 0.184171
4 0.184191
4 0.184231
4 0.184278
8 0.184430
8 0.184430
5 0.184491
5 0.184588
3 0.184870
4 0.184870
3 0.184899
3 0.185090
4 0.185199
3 0.185258
3 0.185388
3 0.185437
3 0.185519
3 0.185656
4 0.185951
3 0.185988
3 0.186018
3 0.186063
4 0.186081
5 0.186261
3 0.186516
3 0.186655
3 0.186945
3 0.187067
5 0.187088
3 0.187226
4 0.187257
4 0.187452
3 0.187491
3 0.187578
3 0.187588
3 0.187805
4 0.188002
2 0.188151
3 0.188296
3 0.188369
4 0.188390
3 0.188643
3 0.188808
3 0.188837
4 0.189122
3 0.189274
5 0.189380
3 0.189510
4 0.189549
4 0.189620
3 0.189692
3 0.189915
3 0.189922
3 0.190069
3 0.190178
7 0.190265
3 0.190459
3 0.190460
3 0.190703
4 0.191050
3 0.191063
3 0.191113
3 0.191257
4 0.191480
3 0.191559
3 0.191621
4 0.191797
8 0.191905
8 0.191905
5 0.192050
5 0.192147
3 0.192165
4 0.192200
3 0.192420
3 0.192476
3 0.192629
3 0.192762
5 0.192869
3 0.192916
3 0.193008
3 0.193504
4 0.193729
4 0.193778
4 0.193990
3 0.194133
4 0.194192
3 0.194291
5 0.194437
3 0.194542
4 0.194880
7 0.194980
4 0.195020
4 0.195340
4 0.195588
3 0.195615
3 0.195675
7 0.195790
4 0.195877
4 0.195938
5 0.195960
4 0.196580
3 0.196634
4 0.196660
3 0.196673
3 0.196791
3 0.196947
3 0.197005
3 0.197089
8 0.197235
4 0.197178
4 0.197192
2 0.197269
4 0.197322
3 0.197382
3 0.197445
6 0.197510
6 0.197510
5 0.197638
3 0.197871
3 0.197926
4 0.197949
3 0.198060
4 0.198222
3 0.198399
3 0.198541
4 0.198599
4 0.198629
5 0.198779
4 0.198810
4 0.198848
3 0.198937
4 0.198972
3 0.199018
4 0.199042
4 0.199353
3 0.199733
3 0.199749
8 0.199820
4 0.199863
4 0.200033
4 0.200101
3 0.200173
3 0.200697
3 0.201450
4 0.201491
3 0.201682
3 0.201856
3 0.201936
3 0.202156
8 0.202185
2 0.202179
3 0.202196
5 0.202500
4 0.202670
3 0.202670
3 0.202968
3 0.202988
5 0.203040
4 0.203143
3 0.203265
5 0.203321
2 0.203683
3 0.203832
3 0.203904
3 0.203996
2 0.204109
5 0.204151
4 0.204172
3 0.204193
4 0.204213
3 0.204394
2 0.204413
3 0.204508
4 0.204681
3 0.204721
4 0.205109
3 0.205253
3 0.205282
3 0.205339
2 0.205438
4 0.205510
3 0.205570
6 0.205615
6 0.205615
3 0.206105
4 0.206138
3 0.206136
4 0.206371
4 0.206371
2 0.206621
3 0.206784
3 0.206805
2 0.206902
2 0.207061
3 0.207291
3 0.207353
3 0.207575
2 0.207698
3 0.207827
3 0.208066
4 0.208259
3 0.208376
3 0.208512
4 0.208523
3 0.208525
4 0.208730
4 0.208730
8 0.208850
5 0.208979
3 0.209089
4 0.209112
3 0.209266
3 0.209453
4 0.209471
3 0.209579
3 0.209601
3 0.209724
4 0.209848
4 0.209909
3 0.210021
2 0.210351
3 0.210721
2 0.210889
4 0.210910
3 0.211544
2 0.211787
3 0.211871
4 0.211911
4 0.211928
2 0.212128
4 0.212207
3 0.212289
8 0.212295
4 0.212319
4 0.212371
3 0.212384
5 0.212438
4 0.212449
5 0.212491
2 0.212539
3 0.212914
4 0.212918
2 0.212940
4 0.213062
3 0.213148
4 0.213239
4 0.213401
6 0.213555
3 0.213910
2 0.213953
5 0.213968
3 0.213991
3 0.214004
3 0.214006
3 0.214280
2 0.214292
4 0.214469
3 0.214487
5 0.214582
2 0.214698
3 0.214836
4 0.215160
2 0.215377
4 0.215431
2 0.215555
4 0.215559
8 0.215530
3 0.215758
3 0.215966
3 0.216002
3 0.216162
3 0.216619
3 0.216622
2 0.216673
2 0.216852
2 0.217108
7 0.217110
4 0.217164
2 0.217232
3 0.217346
4 0.217450
2 0.217690
2 0.217893
3 0.218037
5 0.218538
3 0.218570
4 0.218592
4 0.218709
4 0.218778
4 0.218881
4 0.219050
3 0.219054
4 0.219191
3 0.219311
2 0.219346
3 0.219347
2 0.219416
2 0.219414
4 0.219480
3 0.219497
3 0.219849
3 0.219927
3 0.219998
3 0.220021
3 0.220338
3 0.220437
3 0.220486
3 0.220503
3 0.220624
2 0.220893
4 0.220922
3 0.221111
4 0.221278
4 0.221381
3 0.221449
2 0.221505
3 0.221509
3 0.221511
2 0.221626
4 0.221990
4 0.222102
3 0.222124
2 0.222345
3 0.222433
2 0.222495
2 0.222499
2 0.222528
3 0.222577
2 0.222670
3 0.222828
5 0.222901
4 0.223060
3 0.223112
3 0.223116
2 0.223148
3 0.223237
2 0.223352
8 0.223410
2 0.223568
8 0.223590
3 0.223604
2 0.223621
2 0.224048
4 0.224081
4 0.224102
2 0.224255
4 0.224288
3 0.224467
4 0.224520
4 0.224520
3 0.224598
2 0.224631
4 0.224732
2 0.224786
3 0.224804
3 0.224826
2 0.224892
3 0.225032
2 0.225054
2 0.225544
2 0.225726
2 0.225753
2 0.225753
3 0.225955
2 0.225993
2 0.226202
2 0.226365
2 0.226489
2 0.226570
2 0.226631
2 0.226664
2 0.226750
2 0.226941
3 0.226963
3 0.227175
3 0.227209
3 0.227331
2 0.227387
2 0.227405
3 0.227419
3 0.227442
4 0.227481
3 0.227564
4 0.228043
3 0.228185
4 0.228191
2 0.228328
2 0.228384
3 0.228453
4 0.228468
2 0.228597
2 0.228665
3 0.228734
4 0.228782
4 0.228861
2 0.228862
3 0.228872
4 0.228961
4 0.229068
3 0.229154
2 0.229156
2 0.229282
2 0.229312
2 0.229528
2 0.229724
3 0.229925
2 0.230007
2 0.230069
3 0.230107
3 0.230143
3 0.230159
3 0.230444
3 0.230445
2 0.230533
3 0.230619
3 0.230622
4 0.230690
4 0.230729
2 0.230799
2 0.230887
4 0.230901
3 0.231063
5 0.231173
4 0.231211
4 0.231220
3 0.231299
3 0.231410
2 0.231441
2 0.231490
2 0.231496
4 0.231510
7 0.231580
4 0.231629
2 0.231696
3 0.231729
2 0.231753
4 0.231891
2 0.232042
4 0.232130
3 0.232171
2 0.232225
3 0.232415
3 0.232710
4 0.232778
4 0.233211
3 0.233428
2 0.233615
4 0.233900
3 0.233961
3 0.234011
4 0.234162
2 0.234291
2 0.234520
4 0.234600
2 0.235081
3 0.235128
2 0.235142
2 0.235191
4 0.235218
2 0.235229
2 0.235279
2 0.235424
2 0.235461
3 0.235467
3 0.235469
3 0.235518
4 0.235618
2 0.235696
2 0.235745
3 0.235988
2 0.236116
2 0.236364
2 0.236486
4 0.236483
2 0.236535
3 0.236614
4 0.236629
3 0.236684
2 0.236941
2 0.236978
4 0.237010
3 0.237031
2 0.237033
4 0.237319
4 0.237359
4 0.237489
3 0.237944
2 0.237985
3 0.238051
3 0.238281
3 0.238397
4 0.238510
3 0.238640
2 0.238661
3 0.238660
2 0.238688
2 0.238849
3 0.238930
2 0.239181
4 0.239269
2 0.239303
3 0.239311
3 0.239481
4 0.239502
3 0.239829
2 0.239949
3 0.240452
8 0.240515
2 0.240557
2 0.240667
3 0.240674
3 0.240696
5 0.241031
2 0.241050
2 0.241145
3 0.241323
3 0.241482
6 0.241480
3 0.241496
3 0.241527
4 0.241632
3 0.241744
3 0.241747
3 0.241947
2 0.242023
3 0.242048
2 0.242155
2 0.242202
2 0.242287
4 0.242288
3 0.242287
3 0.242349
2 0.242368
3 0.242464
2 0.242580
4 0.242970
4 0.243186
2 0.243345
4 0.243437
2 0.243621
5 0.243658
3 0.243722
4 0.243881
2 0.243946
3 0.244024
5 0.244222
3 0.244224
2 0.244233
5 0.244260
2 0.244330
2 0.244355
5 0.244410
4 0.244686
3 0.244723
2 0.244754
3 0.244782
4 0.244839
4 0.244839
8 0.244980
4 0.245167
4 0.245210
3 0.245338
4 0.246049
4 0.246341
3 0.246380
3 0.246431
3 0.246528
4 0.246650
2 0.246737
8 0.246815
3 0.246913
2 0.246920
2 0.247093
4 0.247149
3 0.247206
3 0.247311
5 0.247388
4 0.247559
2 0.247667
3 0.247781
2 0.247959
3 0.247987
2 0.248015
3 0.248062
3 0.248421
3 0.248576
5 0.248618
3 0.248748
8 0.248880
2 0.248987
2 0.249152
2 0.249254
4 0.249380
4 0.249588
4 0.249779
4 0.249880
3 0.250181
4 0.250469
3 0.250568
4 0.250609
3 0.251051
2 0.251072
3 0.251128
3 0.251206
3 0.251410
5 0.251467
3 0.251486
4 0.251548
3 0.251588
8 0.251780
8 0.251780
2 0.251781
3 0.252219
5 0.252280
2 0.252442
3 0.252474
2 0.252469
2 0.252522
4 0.252569
4 0.252629
8 0.252710
8 0.252710
2 0.252759
2 0.252771
4 0.253037
2 0.253096
6 0.253070
6 0.253070
3 0.253409
4 0.253492
3 0.253763
2 0.253879
5 0.253938
3 0.253969
3 0.254180
3 0.254265
3 0.254488
3 0.255130
3 0.255133
2 0.255248
2 0.255455
2 0.255498
4 0.256070
2 0.256225
4 0.256490
3 0.256957
3 0.256958
3 0.257104
3 0.257307
3 0.257310
2 0.257367
2 0.257371
4 0.257370
4 0.257411
3 0.257537
2 0.257775
3 0.257914
3 0.257940
2 0.258568
4 0.258980
3 0.259121
3 0.259203
4 0.259201
3 0.259247
3 0.259531
4 0.259560
3 0.259582
2 0.259779
2 0.259921
3 0.260091
2 0.260633
2 0.260774
3 0.260828
2 0.260824
3 0.260915
4 0.260911
3 0.260968
3 0.261136
3 0.261182
3 0.261478
3 0.261621
6 0.261700
3 0.261741
3 0.261769
2 0.261792
4 0.262049
3 0.262064
2 0.262220
4 0.262258
2 0.262396
3 0.262531
3 0.262775
4 0.262778
2 0.263036
2 0.263117
4 0.263419
2 0.263470
3 0.263499
3 0.263830
3 0.263994
2 0.264135
3 0.264192
2 0.264962
4 0.265170
4 0.265239
4 0.265298
2 0.265622
2 0.265781
3 0.265907
2 0.266006
3 0.266016
3 0.266179
2 0.266410
5 0.266549
4 0.266591
3 0.266872
2 0.266882
3 0.266980
3 0.266980
3 0.267104
2 0.267148
4 0.267159
2 0.267301
3 0.267935
3 0.267936
4 0.268080
2 0.268456
3 0.268634
2 0.268696
3 0.268781
3 0.269204
3 0.269224
2 0.269230
4 0.269252
5 0.269257
3 0.269492
3 0.269646
3 0.269648
4 0.269669
3 0.269730
3 0.269732
4 0.269830
2 0.269919
3 0.270233
3 0.270254
2 0.270303
3 0.270313
2 0.270424
3 0.270522
2 0.270614
4 0.270756
3 0.270927
4 0.271078
8 0.271320
3 0.271172
2 0.271183
3 0.271214
4 0.271270
2 0.271299
3 0.271416
3 0.271487
2 0.271657
3 0.271815
3 0.271892
2 0.271960
2 0.272207
2 0.272422
4 0.272609
2 0.272649
3 0.272650
3 0.272802
3 0.272902
2 0.273230
2 0.273397
4 0.273476
2 0.273496
3 0.273781
8 0.273935
3 0.274001
2 0.274060
3 0.274159
4 0.274489
2 0.274761
2 0.274850
3 0.274868
2 0.274964
2 0.275257
3 0.275571
2 0.275732
3 0.275839
2 0.275867
2 0.275872
3 0.276000
4 0.276049
4 0.276069
3 0.276155
4 0.276219
3 0.276240
2 0.276311
3 0.276355
2 0.276359
3 0.276383
3 0.276384
2 0.276439
3 0.276677
3 0.276700
2 0.276780
4 0.276840
3 0.277000
2 0.277123
3 0.277323
3 0.277526
3 0.277561
2 0.277569
3 0.277778
3 0.277877
3 0.278047
5 0.278091
2 0.278275
3 0.278312
3 0.278351
3 0.278415
2 0.278461
3 0.278574
3 0.278616
2 0.278625
3 0.278662
3 0.279325
4 0.279329
2 0.279337
2 0.279548
3 0.279566
5 0.279700
4 0.279740
3 0.279795
3 0.279798
3 0.279869
6 0.279895
6 0.279895
3 0.280102
3 0.280303
2 0.280335
4 0.280429
3 0.280592
3 0.280644
3 0.280723
4 0.280749
3 0.280805
3 0.280928
3 0.280940
3 0.280988
3 0.280989
3 0.280990
3 0.281035
3 0.281132
4 0.281129
3 0.281244
3 0.281529
3 0.281610
3 0.281675
3 0.281819
2 0.281983
2 0.282087
8 0.282190
8 0.282190
4 0.282492
2 0.282620
3 0.282682
3 0.282829
2 0.282872
4 0.282912
8 0.282940
2 0.283285
3 0.283366
3 0.283380
3 0.283395
2 0.283700
4 0.283930
3 0.283964
2 0.284153
3 0.284496
3 0.284590
4 0.284590
3 0.284851
3 0.284876
5 0.284929
3 0.285111
4 0.285132
2 0.285179
2 0.285318
2 0.285394
2 0.285537
3 0.285750
2 0.285811
3 0.285866
2 0.286274
3 0.286326
3 0.286470
4 0.286500
3 0.286542
2 0.286559
2 0.286760
2 0.286819
3 0.286929
3 0.287037
3 0.287194
3 0.287211
3 0.287250
3 0.287252
3 0.287359
3 0.287412
5 0.287594
5 0.287600
3 0.288020
4 0.288061
2 0.288199
2 0.288456
3 0.288751
3 0.288779
2 0.288797
2 0.288992
3 0.289081
3 0.289256
3 0.289590
2 0.289608
3 0.289693
3 0.289750
3 0.289854
4 0.289931
4 0.290129
3 0.290312
2 0.290354
3 0.290502
2 0.290595
3 0.290741
2 0.290803
3 0.291094
3 0.291126
4 0.291121
2 0.291149
3 0.291233
3 0.291277
3 0.291322
3 0.291498
3 0.291588
3 0.291748
2 0.291790
3 0.291844
2 0.292072
2 0.292390
3 0.292439
3 0.292481
2 0.292525
3 0.292692
3 0.292799
2 0.292843
5 0.292850
4 0.293011
3 0.293113
3 0.293295
3 0.293362
2 0.293420
2 0.293566
3 0.293657
2 0.293670
3 0.293672
5 0.293771
5 0.293841
3 0.293997
3 0.294059
3 0.294105
3 0.294226
3 0.294290
2 0.294298
3 0.294428
3 0.294542
3 0.294554
3 0.294609
3 0.294638
3 0.294837
3 0.294892
2 0.295061
2 0.295155
3 0.295156
3 0.295239
2 0.295249
2 0.295335
4 0.295348
8 0.295555
8 0.295555
3 0.295471
3 0.295481
3 0.295496
3 0.295503
2 0.295529
4 0.295552
3 0.295577
5 0.295579
4 0.295673
2 0.295933
2 0.295943
4 0.295959
3 0.296014
3 0.296023
3 0.296093
3 0.296120
3 0.296173
2 0.296429
3 0.296503
3 0.296580
2 0.296760
3 0.296778
4 0.296799
3 0.296929
3 0.296943
2 0.296982
3 0.297029
3 0.297066
3 0.297094
3 0.297136
8 0.297130
8 0.297130
4 0.297181
3 0.297203
3 0.297212
2 0.297319
2 0.297365
2 0.297407
2 0.297574
3 0.297576
4 0.297731
3 0.297762
4 0.297888
2 0.298019
3 0.298097
3 0.298218
3 0.298545
3 0.298640
3 0.298698
2 0.298770
3 0.299120
2 0.299141
2 0.299145
3 0.299168
3 0.299212
3 0.299235
2 0.299260
2 0.299261
3 0.299376
3 0.299524
3 0.299554
3 0.299581
3 0.299837
3 0.299991
3 0.300016
3 0.300240
2 0.300485
3 0.300514
3 0.300552
2 0.300679
2 0.300785
2 0.300996
3 0.300991
2 0.301470
4 0.301490
3 0.301504
3 0.301547
5 0.301598
3 0.301629
2 0.301645
3 0.301665
2 0.301833
4 0.301860
2 0.302065
3 0.302122
2 0.302304
3 0.302452
3 0.302471
4 0.302530
3 0.302740
2 0.302816
2 0.302850
2 0.303459
4 0.303510
2 0.303771
4 0.303782
2 0.303822
3 0.304291
4 0.304353
4 0.304513
2 0.304565
2 0.304615
2 0.304713
2 0.304843
2 0.304862
2 0.304872
2 0.304903
2 0.304940
3 0.304973
2 0.305188
3 0.305208
3 0.305537
3 0.305615
2 0.305638
2 0.305740
2 0.306244
2 0.306464
3 0.306607
2 0.306748
2 0.306818
2 0.306820
3 0.306945
4 0.306943
2 0.307407
3 0.307440
4 0.307534
4 0.307702
5 0.307860
4 0.308060
3 0.308131
2 0.308352
2 0.308376
3 0.308379
4 0.308398
3 0.308442
2 0.308601
2 0.308605
4 0.308760
2 0.308824
3 0.308977
3 0.309090
2 0.309137
3 0.309195
2 0.309331
2 0.309544
2 0.309779
2 0.309911
2 0.309941
3 0.310076
2 0.310246
3 0.310327
3 0.310358
4 0.310412
3 0.310437
2 0.310531
4 0.310651
3 0.310724
3 0.310737
2 0.310742
3 0.310846
2 0.310881
5 0.311040
2 0.311364
3 0.311531
2 0.311768
3 0.312137
3 0.312142
3 0.312191
4 0.312249
2 0.312278
3 0.312306
2 0.312495
3 0.312550
3 0.312590
4 0.312663
3 0.312767
2 0.312927
2 0.312934
2 0.313139
3 0.313918
3 0.314247
3 0.314254
2 0.314345
4 0.314379
2 0.314455
2 0.314594
5 0.314649
2 0.314990
5 0.315001
3 0.315160
3 0.315174
2 0.315190
3 0.315189
3 0.315273
3 0.315391
3 0.315435
3 0.315642
3 0.315758
4 0.315769
2 0.316068
3 0.316160
3 0.316162
2 0.316386
2 0.316516
3 0.316537
3 0.316540
2 0.316619
2 0.316959
3 0.317067
2 0.317550
4 0.317613
2 0.317656
3 0.317803
4 0.318020
2 0.318231
3 0.318519
2 0.318533
4 0.318550
3 0.318612
2 0.319467
2 0.319578
2 0.319583
2 0.319714
3 0.319717
3 0.319743
3 0.320014
4 0.320022
4 0.320244
2 0.320262
2 0.320297
2 0.320766
4 0.320876
4 0.321032
2 0.321252
2 0.321321
3 0.321509
3 0.322392
4 0.322430
2 0.322601
4 0.322641
3 0.322809
5 0.322861
8 0.323085
5 0.323098
3 0.323261
2 0.323417
4 0.323432
3 0.323667
3 0.323777
4 0.324022
3 0.324140
3 0.324380
3 0.324507
3 0.324778
2 0.324870
8 0.324915
3 0.324956
2 0.324974
2 0.325030
2 0.325101
2 0.325150
4 0.325419
8 0.325480
3 0.325720
3 0.325745
4 0.325760
3 0.325880
2 0.326029
4 0.326040
6 0.326020
6 0.326020
4 0.326160
2 0.326168
3 0.326243
2 0.326297
2 0.326499
3 0.326800
2 0.326828
2 0.326904
3 0.326992
3 0.327034
2 0.327386
4 0.327469
2 0.327574
3 0.327733
4 0.327752
4 0.327821
3 0.327938
3 0.328007
3 0.328145
2 0.328221
2 0.328223
3 0.328559
3 0.328677
4 0.328691
3 0.328874
3 0.328884
3 0.328948
4 0.328999
3 0.329689
2 0.329714
2 0.329967
3 0.330249
4 0.330428
3 0.330500
5 0.330691
3 0.330742
3 0.330775
5 0.331008
4 0.331133
2 0.331181
2 0.331276
3 0.331315
5 0.331389
2 0.331445
3 0.331521
3 0.331582
2 0.331733
3 0.331840
3 0.332051
3 0.332103
3 0.332103
2 0.332155
4 0.332312
3 0.332734
2 0.332843
5 0.333175
3 0.333261
3 0.333376
4 0.333380
3 0.333520
3 0.333719
2 0.333977
4 0.333981
3 0.333996
4 0.334013
2 0.334049
3 0.334046
1 0.334100
3 0.334102
3 0.334133
3 0.334163
6 0.334195
3 0.334523
3 0.334589
3 0.334642
2 0.334824
1 0.334962
3 0.335073
3 0.335131
8 0.335160
2 0.335439
3 0.335452
4 0.335691
3 0.335895
1 0.335913
3 0.335945
1 0.335993
3 0.336204
3 0.336374
3 0.336447
4 0.336563
3 0.336627
3 0.336666
6 0.336685
6 0.336685
2 0.336770
4 0.336848
1 0.337132
3 0.337163
2 0.337489
2 0.337614
3 0.337796
3 0.338000
4 0.338103
2 0.338230
3 0.338265
1 0.338417
3 0.338489
3 0.338491
3 0.338508
2 0.338511
1 0.338533
3 0.338723
2 0.338726
4 0.338771
2 0.338904
3 0.339162
3 0.339355
4 0.339577
2 0.339648
3 0.339651
6 0.339815
2 0.340035
3 0.340086
1 0.340108
1 0.340181
3 0.340488
2 0.341357
2 0.341418
3 0.341550
2 0.341800
1 0.341935
1 0.342098
2 0.342171
4 0.342740
4 0.342901
4 0.343251
2 0.343349
3 0.343672
2 0.343746
4 0.343850
1 0.344366
5 0.344431
1 0.344485
1 0.344478
3 0.344521
3 0.344538
5 0.344564
2 0.344732
4 0.345172
3 0.345217
3 0.345524
4 0.345972
2 0.346107
2 0.346224
2 0.346381
2 0.346516
3 0.346820
2 0.346867
3 0.346920
1 0.347080
3 0.347335
1 0.347335
4 0.347349
2 0.347524
3 0.348014
2 0.348325
2 0.348621
3 0.348913
4 0.349252
3 0.349550
3 0.349582
1 0.349786
4 0.349890
4 0.349919
2 0.350136
3 0.350264
2 0.350415
2 0.350527
2 0.350756
1 0.350774
1 0.350940
2 0.350987
3 0.351077
2 0.351079
8 0.351180
4 0.351458
2 0.351460
2 0.351774
1 0.351893
1 0.351889
3 0.352012
2 0.352255
4 0.352338
3 0.352381
2 0.353121
3 0.353263
3 0.353281
1 0.353449
2 0.353564
1 0.353761
1 0.353836
4 0.353841
7 0.353875
2 0.353908
2 0.354035
3 0.354096
3 0.354335
3 0.354587
2 0.354732
3 0.354788
2 0.354970
1 0.355088
3 0.355313
4 0.355424
1 0.355505
1 0.355694
4 0.355745
5 0.355800
2 0.355889
4 0.355899
4 0.356139
3 0.356225
3 0.356238
2 0.356274
3 0.356324
2 0.356353
3 0.356398
1 0.356480
2 0.356531
3 0.356587
3 0.356622
3 0.356964
4 0.357053
3 0.357540
3 0.357956
2 0.357960
3 0.358072
3 0.358467
3 0.358530
3 0.358531
4 0.358551
1 0.358804
4 0.358831
4 0.358869
2 0.358965
2 0.358999
2 0.359089
1 0.359269
3 0.359300
1 0.359383
3 0.359441
4 0.359640
3 0.359762
3 0.360290
2 0.360586
4 0.360709
3 0.360804
2 0.360843
3 0.361007
3 0.361049
1 0.361134
4 0.361179
3 0.361196
2 0.361253
4 0.361302
2 0.361340
1 0.361408
3 0.361688
2 0.361901
3 0.361989
3 0.362103
3 0.362262
2 0.362298
3 0.362417
3 0.362509
3 0.362954
3 0.363319
1 0.363408
2 0.363552
3 0.363706
3 0.364202
3 0.364516
2 0.364547
2 0.364594
7 0.364610
2 0.364636
3 0.365061
3 0.365413
2 0.365542
3 0.365564
2 0.365878
2 0.365947
4 0.365982
2 0.366273
4 0.366491
2 0.366499
4 0.366550
2 0.366643
4 0.366780
1 0.367096
2 0.367362
2 0.367507
3 0.367621
4 0.367703
3 0.367768
1 0.367858
1 0.368035
2 0.368517
1 0.368695
3 0.368809
1 0.368986
3 0.369088
2 0.369182
2 0.369289
1 0.369454
1 0.369787
2 0.369955
1 0.370379
3 0.370868
3 0.370921
3 0.370999
2 0.371271
3 0.371296
2 0.371674
2 0.371825
4 0.372018
2 0.372186
4 0.372194
3 0.372209
3 0.372288
3 0.372995
2 0.373206
2 0.373223
4 0.373371
1 0.373883
3 0.374066
2 0.374227
2 0.374305
1 0.374326
3 0.374480
1 0.374644
2 0.374660
1 0.374676
3 0.374677
4 0.375179
3 0.375251
2 0.375793
3 0.375904
4 0.376251
2 0.376312
3 0.376335
2 0.376444
2 0.376673
3 0.376692
3 0.376999
3 0.377330
3 0.377360
2 0.377495
2 0.377658
3 0.377656
3 0.377738
2 0.377983
2 0.378177
3 0.378206
2 0.378429
2 0.378839
3 0.378971
3 0.379274
5 0.379335
3 0.379382
4 0.379434
1 0.379703
1 0.379738
2 0.380206
1 0.380247
3 0.380278
1 0.380298
3 0.380405
5 0.380437
2 0.380677
2 0.380839
1 0.381092
2 0.381167
4 0.381177
2 0.381213
3 0.381282
2 0.381623
3 0.381785
4 0.381843
4 0.381843
3 0.382057
3 0.382422
2 0.382450
1 0.382482
2 0.382733
1 0.382794
5 0.382904
5 0.382999
3 0.383081
2 0.383087
1 0.383663
4 0.383880
3 0.384262
3 0.384295
4 0.384385
3 0.384848
2 0.384967
2 0.385096
3 0.385536
2 0.385962
3 0.386130
3 0.386212
6 0.386310
3 0.386259
2 0.387072
1 0.387825
1 0.387825
3 0.387892
4 0.388023
3 0.388155
2 0.388482
3 0.388609
2 0.388611
2 0.388652
4 0.388781
3 0.389211
3 0.389615
3 0.390477
2 0.390642
2 0.390696
4 0.390702
2 0.390902
3 0.391640
2 0.391769
4 0.391964
2 0.392186
3 0.392366
2 0.392790
2 0.392951
3 0.393390
2 0.393433
2 0.393875
5 0.393912
2 0.394002
3 0.394261
2 0.394332
1 0.394341
2 0.394469
1 0.394928
1 0.394984
3 0.395123
3 0.395171
1 0.395204
2 0.395272
2 0.395586
1 0.395797
4 0.395944
2 0.396327
3 0.396657
5 0.396833
1 0.396866
3 0.397103
2 0.397372
5 0.397411
1 0.397554
2 0.397672
2 0.398012
4 0.398032
2 0.398153
2 0.398232
1 0.398633
3 0.398708
2 0.399145
3 0.399366
3 0.399397
4 0.399558
2 0.399718
3 0.399967
2 0.400167
4 0.400230
2 0.400347
2 0.400430
1 0.400559
1 0.400559
2 0.400955
4 0.401521
2 0.401771
2 0.401901
3 0.402274
2 0.402632
2 0.402732
2 0.402799
3 0.402793
2 0.402907
3 0.402969
2 0.403097
3 0.403158
3 0.403403
4 0.403408
4 0.403600
2 0.403702
2 0.403844
2 0.403870
5 0.403965
2 0.404083
3 0.404436
2 0.404580
2 0.404604
3 0.405120
2 0.405241
4 0.405279
4 0.405654
2 0.405861
3 0.405930
3 0.406160
3 0.406196
2 0.406327
2 0.406770
2 0.407327
3 0.407414
2 0.407465
3 0.407983
1 0.407997
8 0.408160
8 0.407810
4 0.408403
4 0.409093
2 0.409306
8 0.409485
8 0.409485
3 0.409620
2 0.410007
2 0.410150
2 0.410212
2 0.410425
2 0.410610
3 0.411023
1 0.411087
3 0.411121
2 0.411157
2 0.411329
3 0.411353
2 0.411357
2 0.411440
2 0.411467
1 0.411728
2 0.412301
1 0.412471
2 0.413217
2 0.413249
3 0.413355
1 0.413630
2 0.413998
3 0.414317
3 0.414505
3 0.414690
1 0.414797
2 0.414934
2 0.414936
3 0.415197
3 0.415318
2 0.415396
3 0.415389
2 0.415581
3 0.415582
2 0.415734
2 0.415922
2 0.416332
3 0.416353
3 0.416878
2 0.417216
1 0.417632
3 0.417771
2 0.418123
2 0.418128
2 0.418153
3 0.418234
1 0.419419
2 0.419433
1 0.419471
3 0.419605
2 0.419899
2 0.420243
3 0.420357
2 0.420439
1 0.420488
3 0.420508
1 0.420659
4 0.420829
2 0.420966
2 0.421064
3 0.421076
2 0.421491
3 0.421517
2 0.421588
2 0.421644
2 0.421679
3 0.421789
2 0.422419
3 0.422714
3 0.422817
3 0.423380
1 0.423626
3 0.423696
2 0.423838
5 0.423882
2 0.423923
2 0.423942
3 0.424143
2 0.424507
2 0.424560
2 0.424657
3 0.424757
2 0.425137
2 0.425277
4 0.425479
4 0.425711
3 0.426459
2 0.426479
4 0.426613
2 0.427103
3 0.427377
3 0.427534
4 0.427970
3 0.428016
1 0.428033
1 0.428033
4 0.428172
3 0.428710
3 0.428879
2 0.429642
2 0.429761
2 0.429794
3 0.429912
6 0.430090
4 0.430236
5 0.430685
3 0.430704
2 0.430742
8 0.430815
8 0.430815
3 0.430922
3 0.431053
2 0.431168
3 0.432105
2 0.432303
7 0.432800
2 0.433174
8 0.433290
8 0.433290
4 0.433335
2 0.433703
2 0.433825
8 0.433905
8 0.433905
2 0.434381
1 0.435580
4 0.435754
2 0.435842
3 0.435885
4 0.436658
2 0.436827
2 0.437042
1 0.437352
2 0.437366
3 0.437429
2 0.437499
4 0.437510
2 0.438065
4 0.438199
1 0.438514
2 0.438616
1 0.438700
3 0.438723
3 0.438869
3 0.438895
2 0.439338
2 0.439443
3 0.439640
2 0.439700
4 0.440040
2 0.440579
2 0.440809
3 0.441430
2 0.441604
2 0.441607
2 0.441729
3 0.441902
3 0.441922
5 0.442331
8 0.442495
3 0.442647
2 0.442878
4 0.442945
4 0.443027
4 0.443209
3 0.443541
2 0.444220
2 0.444937
2 0.445256
3 0.445451
3 0.445486
2 0.446344
2 0.446586
2 0.446696
3 0.446940
2 0.447214
3 0.447215
3 0.448130
2 0.448209
2 0.448721
2 0.448981
3 0.449014
2 0.449026
3 0.449405
3 0.449405
1 0.450224
3 0.450467
2 0.450838
2 0.451025
5 0.451697
2 0.452312
2 0.452548
1 0.452595
3 0.452690
3 0.452950
3 0.452951
2 0.453377
2 0.453635
2 0.453817
2 0.453824
3 0.453864
2 0.454215
1 0.454508
2 0.454650
2 0.455206
2 0.455221
3 0.455678
2 0.455719
6 0.455930
5 0.455979
2 0.456428
2 0.456922
3 0.457039
2 0.457312
1 0.457788
2 0.457837
3 0.457932
2 0.458198
1 0.458403
2 0.458676
4 0.458908
2 0.459307
2 0.459334
3 0.459428
2 0.459499
2 0.459763
3 0.460290
2 0.460432
1 0.461318
3 0.461614
2 0.461637
2 0.461677
2 0.461679
2 0.461877
2 0.462079
2 0.462087
3 0.462171
1 0.462557
2 0.463129
2 0.463131
3 0.463274
3 0.463293
3 0.463394
2 0.463459
5 0.463574
4 0.463955
3 0.464270
3 0.464278
8 0.464385
3 0.464490
3 0.464548
2 0.465324
4 0.465379
2 0.465430
2 0.465656
3 0.465802
3 0.465908
1 0.466358
2 0.466757
2 0.466980
1 0.467253
3 0.467286
3 0.467312
2 0.467350
3 0.467498
2 0.467532
2 0.467588
2 0.467671
2 0.467775
2 0.467807
2 0.467962
4 0.467991
2 0.468073
3 0.468204
2 0.468298
3 0.468486
3 0.468650
2 0.468719
2 0.468951
1 0.469228
2 0.469333
2 0.469463
1 0.469833
3 0.469873
2 0.469934
2 0.470094
7 0.470215
2 0.470598
1 0.470953
2 0.471022
3 0.471390
2 0.471392
2 0.471511
2 0.471513
2 0.471648
2 0.472232
3 0.472492
3 0.472853
2 0.473252
2 0.473383
1 0.473548
1 0.473886
3 0.474520
4 0.474584
3 0.475025
3 0.475865
4 0.476910
2 0.477038
5 0.477123
2 0.477452
2 0.477654
2 0.477709
2 0.478051
3 0.478243
2 0.478799
2 0.478910
2 0.479317
2 0.479389
1 0.479396
3 0.479582
2 0.479671
2 0.479780
3 0.479785
4 0.479834
2 0.479968
2 0.480078
4 0.480103
2 0.480340
1 0.480836
2 0.481850
2 0.481937
2 0.482471
1 0.483106
2 0.483157
2 0.483231
2 0.483355
4 0.483491
3 0.483757
2 0.484223
2 0.484226
8 0.484290
3 0.484318
2 0.484309
1 0.484465
4 0.484522
2 0.484567
2 0.484904
5 0.485063
2 0.485154
2 0.485159
3 0.485224
4 0.485372
2 0.485512
3 0.485623
2 0.486382
4 0.487024
2 0.487023
3 0.487078
4 0.487602
2 0.487786
3 0.488241
2 0.488488
2 0.488553
4 0.488657
2 0.488865
2 0.489142
2 0.489145
2 0.489361
2 0.490134
4 0.490593
2 0.490659
3 0.490777
1 0.491788
3 0.492024
2 0.492102
2 0.492285
1 0.492453
4 0.492561
3 0.492815
3 0.492889
2 0.493570
8 0.493900
3 0.494493
3 0.495393
5 0.495551
2 0.496638
2 0.497308
2 0.497409
2 0.497582
2 0.497625
2 0.498927
2 0.499016
2 0.499255
2 0.499443
2 0.499531
4 0.499686
3 0.499750
2 0.500241
5 0.500915
3 0.500993
2 0.501423
2 0.501882
2 0.502015
3 0.502438
1 0.502527
3 0.502814
1 0.502968
2 0.503757
3 0.504006
2 0.504148
3 0.504137
3 0.504280
2 0.504634
2 0.505394
2 0.506778
2 0.507123
3 0.507200
2 0.507520
2 0.508205
2 0.508250
2 0.509337
2 0.510100
2 0.510534
2 0.510540
3 0.510877
2 0.511005
3 0.511597
1 0.511785
2 0.512385
2 0.512712
6 0.512820
1 0.512854
3 0.514441
3 0.514946
5 0.515332
5 0.516051
1 0.516414
1 0.516584
2 0.516612
1 0.516873
2 0.518026
6 0.518080
2 0.518371
2 0.518593
1 0.518733
1 0.518724
2 0.518950
2 0.519282
2 0.519356
2 0.519637
2 0.520136
2 0.520287
2 0.520339
3 0.520513
3 0.520517
1 0.520752
2 0.521463
6 0.521625
2 0.521964
3 0.522507
2 0.522805
2 0.522833
3 0.523147
3 0.523457
3 0.523534
6 0.523800
6 0.523800
3 0.524037
3 0.524414
1 0.524673
2 0.524921
1 0.525044
1 0.525335
3 0.525544
2 0.526136
5 0.526157
2 0.526190
2 0.526343
2 0.526976
2 0.526978
4 0.527031
3 0.527281
1 0.527494
2 0.528394
1 0.528476
6 0.528585
1 0.528757
1 0.528786
4 0.529023
2 0.529278
2 0.529369
3 0.529440
1 0.530784
2 0.531075
3 0.531245
2 0.531535
3 0.531812
3 0.531991
2 0.532125
3 0.532295
3 0.532432
4 0.532660
2 0.532933
4 0.533157
4 0.533162
3 0.533435
1 0.533737
1 0.533939
2 0.534082
4 0.534280
3 0.534867
3 0.534937
5 0.535441
1 0.535830
1 0.536373
2 0.536469
3 0.536589
1 0.536612
1 0.536852
3 0.536853
2 0.536955
3 0.537251
2 0.537389
3 0.537436
1 0.537524
4 0.537912
4 0.538132
3 0.538566
3 0.538815
1 0.539429
5 0.539611
1 0.539624
1 0.539913
1 0.540195
3 0.540251
3 0.541499
2 0.541690
4 0.541811
1 0.541953
2 0.542066
1 0.542328
3 0.542827
2 0.542955
3 0.543301
4 0.543423
1 0.543710
2 0.544047
1 0.544143
1 0.544189
1 0.544638
2 0.544697
3 0.545004
2 0.545198
2 0.545243
3 0.545458
3 0.545584
1 0.545602
1 0.545797
1 0.546155
2 0.546191
3 0.546364
2 0.547108
3 0.547248
2 0.547413
1 0.548064
2 0.548262
3 0.548273
1 0.548284
4 0.548537
1 0.548568
1 0.548599
1 0.548856
1 0.549008
3 0.550552
2 0.550900
3 0.551109
3 0.551128
3 0.551207
2 0.552009
2 0.552034
1 0.552456
3 0.552588
2 0.552708
2 0.553261
1 0.553432
3 0.553516
3 0.553875
3 0.554193
1 0.554193
1 0.554188
3 0.554726
3 0.554960
2 0.555302
1 0.555393
3 0.555433
1 0.555464
1 0.555660
1 0.555882
1 0.556504
3 0.556746
1 0.556816
1 0.556932
3 0.556939
3 0.557158
3 0.557173
2 0.557240
2 0.557374
1 0.557681
1 0.558083
4 0.558188
1 0.558334
2 0.558505
1 0.558672
2 0.559316
1 0.559592
2 0.559642
5 0.560439
3 0.560587
4 0.560748
1 0.560954
3 0.561175
1 0.561420
2 0.561448
2 0.561823
1 0.562044
1 0.562279
2 0.562617
2 0.562637
2 0.563480
3 0.564281
1 0.564778
2 0.565205
1 0.565441
3 0.565547
1 0.565587
3 0.565881
2 0.566092
3 0.566541
1 0.566602
3 0.566787
2 0.566912
2 0.567249
2 0.567671
2 0.568343
2 0.568808
2 0.568974
1 0.568994
4 0.569111
1 0.569733
1 0.569806
1 0.570011
2 0.570120
3 0.570286
1 0.570491
1 0.570844
1 0.571138
3 0.571334
1 0.571378
1 0.571730
2 0.571769
1 0.571784
2 0.572120
1 0.572371
1 0.572483
1 0.572767
2 0.572850
2 0.573207
1 0.573506
1 0.574175
1 0.574232
2 0.574590
1 0.574980
3 0.575028
2 0.575261
2 0.575418
3 0.575562
1 0.575620
2 0.576028
3 0.576352
2 0.577799
3 0.578210
2 0.578241
2 0.579355
1 0.579388
1 0.580892
2 0.581120
1 0.581612
2 0.581758
8 0.582105
1 0.582212
2 0.582319
1 0.582550
2 0.582630
1 0.582642
1 0.582934
1 0.583223
2 0.583705
1 0.584243
1 0.584503
1 0.584704
1 0.584782
2 0.585095
1 0.585149
2 0.585714
1 0.585813
3 0.585918
2 0.586110
1 0.587665
2 0.587889
1 0.588058
1 0.589073
2 0.589153
2 0.589199
2 0.589316
2 0.589491
1 0.589662
1 0.589728
1 0.590019
5 0.590087
3 0.590573
1 0.590609
2 0.590679
1 0.590840
2 0.591130
1 0.591357
1 0.591354
2 0.591447
2 0.591498
3 0.591510
1 0.591830
2 0.591909
2 0.592317
1 0.592350
1 0.592419
1 0.592721
2 0.592980
1 0.593289
2 0.593579
1 0.593581
2 0.593624
2 0.593676
2 0.594719
5 0.595716
2 0.595969
3 0.596280
1 0.596487
2 0.596609
3 0.597165
2 0.597279
1 0.597423
2 0.597480
1 0.597581
2 0.597811
1 0.597992
2 0.598080
1 0.598109
1 0.598788
2 0.599010
1 0.599084
2 0.599346
4 0.599419
1 0.599978
2 0.600000
2 0.600037
2 0.600190
1 0.600957
2 0.601059
1 0.601142
1 0.601578
1 0.602453
2 0.602581
2 0.602628
3 0.602814
1 0.602842
1 0.603122
1 0.603122
1 0.603302
1 0.603658
3 0.603689
2 0.603788
4 0.604082
1 0.604508
1 0.604968
2 0.605030
2 0.605281
3 0.606202
3 0.606614
1 0.606660
1 0.606920
1 0.606942
2 0.608495
1 0.609509
2 0.609519
1 0.609692
2 0.609929
2 0.610316
1 0.610559
2 0.610922
1 0.611005
3 0.611207
1 0.611345
3 0.611349
3 0.611359
1 0.611364
1 0.611652
2 0.611678
1 0.612561
1 0.612806
2 0.612912
3 0.613080
1 0.613319
3 0.613690
1 0.614381
2 0.614515
1 0.614540
1 0.614668
2 0.614818
1 0.615377
2 0.615699
1 0.616387
1 0.616537
3 0.616554
1 0.616564
1 0.618001
1 0.618138
1 0.618413
1 0.618587
2 0.618629
2 0.618677
2 0.618755
1 0.619081
1 0.619310
1 0.619560
2 0.619579
1 0.619720
3 0.619812
1 0.619997
1 0.620261
1 0.620320
2 0.620519
3 0.620547
1 0.620708
1 0.620749
3 0.620764
1 0.620802
1 0.621083
1 0.622257
3 0.622338
1 0.622589
1 0.623276
1 0.623276
2 0.623711
3 0.623991
1 0.624380
2 0.625708
3 0.626074
3 0.626181
1 0.626294
1 0.626703
1 0.626702
3 0.627008
1 0.627008
2 0.627258
1 0.627496
3 0.627509
3 0.627764
1 0.627872
2 0.627929
1 0.628353
3 0.628549
2 0.628613
1 0.628772
1 0.629439
1 0.629619
2 0.629817
2 0.630008
2 0.630260
2 0.630668
2 0.631325
1 0.631671
2 0.631984
1 0.631981
1 0.632756
1 0.633322
3 0.633568
1 0.633571
1 0.633932
3 0.634300
2 0.634570
1 0.634672
2 0.635498
1 0.635752
2 0.635810
3 0.636935
4 0.637293
3 0.637341
2 0.637702
1 0.638505
3 0.639767
2 0.639978
1 0.640891
3 0.640925
3 0.641142
1 0.641412
1 0.642017
2 0.642033
1 0.642076
1 0.642305
2 0.642327
2 0.642856
1 0.643193
1 0.643685
1 0.644005
1 0.644084
2 0.644188
2 0.644420
1 0.645049
1 0.645049
4 0.645206
1 0.645228
1 0.645359
3 0.645630
3 0.645789
1 0.646075
2 0.646329
1 0.646330
3 0.646394
1 0.647149
1 0.647463
2 0.648154
1 0.648571
2 0.648568
3 0.648659
1 0.648956
3 0.649516
1 0.649922
1 0.650051
1 0.650220
1 0.650218
3 0.650289
2 0.650433
1 0.650599
1 0.650616
1 0.650929
2 0.651183
2 0.651414
2 0.651461
3 0.651536
2 0.651724
2 0.651724
1 0.652331
2 0.653048
3 0.653203
1 0.653496
3 0.654324
1 0.654516
2 0.654745
3 0.654745
1 0.654794
1 0.655420
1 0.655490
1 0.655549
1 0.655600
3 0.655823
2 0.655851
3 0.656025
1 0.656042
1 0.656178
1 0.656243
3 0.656309
2 0.656500
1 0.657010
2 0.657092
2 0.657550
1 0.658507
3 0.658709
4 0.659000
1 0.659268
1 0.659505
2 0.659681
1 0.659738
2 0.659909
2 0.660068
1 0.660152
1 0.660320
1 0.660394
1 0.660470
1 0.660470
1 0.660634
1 0.660680
1 0.660922
3 0.661012
1 0.661070
3 0.661315
2 0.661690
2 0.662022
2 0.662123
3 0.662118
2 0.662183
1 0.662295
3 0.662470
3 0.662730
1 0.663227
1 0.663430
2 0.663598
1 0.663810
3 0.664019
2 0.664069
2 0.664455
1 0.665057
5 0.665585
1 0.665626
3 0.665815
3 0.665974
1 0.665977
2 0.666490
1 0.666669
3 0.666739
2 0.666731
1 0.666776
1 0.666807
1 0.666880
1 0.667076
1 0.667819
1 0.668081
1 0.668288
1 0.668682
1 0.668682
2 0.669308
2 0.669613
3 0.670063
2 0.670410
1 0.670506
1 0.670573
1 0.670735
1 0.670830
1 0.671005
1 0.671005
1 0.671005
3 0.671237
1 0.671489
1 0.671489
1 0.671489
1 0.672112
1 0.672322
3 0.672460
1 0.672986
1 0.673041
3 0.673576
1 0.673800
1 0.673868
2 0.674616
1 0.675390
1 0.675483
2 0.675870
3 0.676136
1 0.676898
3 0.676975
1 0.677943
4 0.677922
1 0.678046
3 0.678228
2 0.679059
2 0.679222
3 0.680138
2 0.680761
1 0.681000
1 0.681751
3 0.681767
3 0.682002
1 0.682028
3 0.682875
1 0.682920
1 0.684285
1 0.684340
1 0.684340
1 0.684613
1 0.684673
1 0.684850
3 0.684966
1 0.685071
3 0.685200
1 0.685202
3 0.686031
1 0.686207
1 0.686507
1 0.686745
1 0.686874
1 0.687400
1 0.688405
3 0.689770
2 0.691211
1 0.691272
3 0.692078
1 0.692413
1 0.692657
1 0.692744
1 0.693753
1 0.693860
1 0.695167
3 0.695168
1 0.696301
1 0.697811
1 0.698398
2 0.699281
1 0.699359
1 0.700503
2 0.700590
2 0.701900
1 0.702096
1 0.703672
1 0.703747
3 0.704587
1 0.704936
1 0.704931
1 0.705106
3 0.705124
1 0.705130
1 0.705301
2 0.705451
2 0.707439
1 0.707420
2 0.707690
1 0.708040
2 0.708410
2 0.709650
2 0.710265
1 0.712156
3 0.712905
2 0.713522
1 0.713853
2 0.714944
2 0.715100
2 0.716680
1 0.717469
3 0.717691
3 0.718791
1 0.719470
1 0.720278
1 0.721112
2 0.721793
1 0.722221
1 0.722481
1 0.724020
1 0.724692
1 0.724690
2 0.724739
1 0.725191
1 0.725286
1 0.725993
2 0.726055
2 0.726055
1 0.726454
1 0.726849
2 0.728168
2 0.728188
1 0.728597
2 0.728633
1 0.728731
3 0.730095
2 0.730381
1 0.730939
3 0.731298
3 0.731328
1 0.731501
1 0.731829
1 0.731889
1 0.732193
1 0.732347
1 0.732508
1 0.733850
2 0.734131
2 0.734540
3 0.735475
1 0.735760
2 0.738040
1 0.738480
1 0.738804
1 0.739583
1 0.740245
2 0.740255
1 0.740654
1 0.740780
2 0.741214
1 0.742609
1 0.744399
3 0.745100
1 0.745304
2 0.746010
3 0.746293
1 0.747406
2 0.747400
1 0.747606
1 0.749429
2 0.749741
1 0.750319
2 0.750508
2 0.751050
2 0.751075
1 0.751660
1 0.751703
2 0.753278
2 0.755051
1 0.756186
1 0.757299
1 0.758636
1 0.758677
1 0.759171
1 0.759642
2 0.759665
1 0.760288
1 0.760704
1 0.761052
1 0.761191
2 0.762064
1 0.764413
1 0.764448
1 0.764601
3 0.765598
1 0.766613
1 0.766666
1 0.766874
2 0.767278
1 0.767292
2 0.771457
1 0.774244
1 0.776415
2 0.777428
3 0.777915
1 0.778579
2 0.778919
1 0.779155
3 0.779270
1 0.779266
1 0.780480
1 0.780679
2 0.780780
1 0.782735
2 0.782820
1 0.783514
1 0.784338
2 0.786490
1 0.788349
2 0.788484
2 0.788484
1 0.788956
2 0.789165
2 0.789475
2 0.789990
3 0.790515
2 0.792263
1 0.793960
1 0.795640
1 0.796953
1 0.797823
2 0.797860
2 0.797875
2 0.799014
2 0.799355
2 0.799370
2 0.800412
1 0.800547
2 0.800795
2 0.801063
1 0.801189
2 0.801643
2 0.802229
3 0.802239
1 0.803186
1 0.803188
2 0.803383
2 0.803766
2 0.804049
3 0.804034
1 0.804277
1 0.804439
3 0.804935
1 0.805947
1 0.806356
1 0.806720
1 0.807622
2 0.808257
1 0.809949
1 0.810419
1 0.811031
1 0.811168
2 0.811808
2 0.811823
1 0.812051
1 0.812551
2 0.813909
2 0.814475
2 0.815397
1 0.816766
1 0.817327
1 0.818514
1 0.819898
1 0.820859
2 0.821710
1 0.823390
3 0.824165
2 0.826495
1 0.826879
1 0.828239
2 0.828799
2 0.829982
1 0.830000
2 0.831830
1 0.832618
1 0.832687
2 0.833166
2 0.834150
1 0.834912
2 0.834957
1 0.834975
1 0.835135
2 0.835350
2 0.835370
1 0.837367
1 0.837508
2 0.838055
1 0.839466
1 0.840434
1 0.841150
1 0.843987
1 0.845270
2 0.846790
2 0.847005
1 0.847194
2 0.848493
1 0.850338
2 0.851776
1 0.852489
1 0.853245
1 0.855631
1 0.856171
1 0.856709
2 0.856725
2 0.856905
1 0.857837
2 0.858645
2 0.860659
1 0.862660
2 0.863126
1 0.865090
1 0.869457
1 0.869923
1 0.871201
1 0.871390
2 0.871859
1 0.874178
2 0.875457
1 0.876060
2 0.876253
2 0.878829
2 0.879927
2 0.880701
2 0.880701
1 0.882183
1 0.885386
2 0.885823
1 0.886475
3 0.887197
1 0.888816
2 0.889930
2 0.890510
1 0.891117
1 0.893329
1 0.895471
1 0.895525
1 0.898352
1 0.899002
2 0.902005
1 0.902844
1 0.903465
1 0.904793
1 0.909862
2 0.910872
1 0.911473
1 0.913409
1 0.914419
1 0.915463
1 0.916517
1 0.917004
2 0.919635
1 0.919968
1 0.920572
1 0.921391
1 0.921903
1 0.922492
2 0.922891
1 0.924773
2 0.926197
2 0.926821
2 0.929090
1 0.930449
2 0.930731
1 0.930918
2 0.933421
1 0.933666
1 0.937658
1 0.937732
2 0.940318
1 0.941458
1 0.944405
1 0.944527
1 0.944793
2 0.945015
2 0.947782
1 0.949967
1 0.950839
1 0.951599
1 0.958776
2 0.959399
2 0.960716
1 0.960842
2 0.961818
1 0.961954
1 0.967165
2 0.967430
1 0.968796
2 0.970132
1 0.970365
1 0.971267
1 0.972081
2 0.977745
1 0.980239
2 0.984050
1 0.992592
1 0.996930
1 1.002646
1 1.002642
1 1.005961
1 1.006073
1 1.006373
1 1.008756
1 1.011012
1 1.012254
1 1.012824
1 1.019115
2 1.022340
1 1.025387
1 1.032735
1 1.042342
1 1.048769
1 1.051081
1 1.051805
1 1.053075
1 1.055266
1 1.070971
1 1.076183
1 1.084131
1 1.089831
2 1.091725
1 1.108827
2 1.111967
1 1.113023
1 1.113388
1 1.114419
1 1.116574
1 1.117855
1 1.121797
1 1.129221
1 1.131269
1 1.141819
1 1.149439
1 1.154053
1 1.161727
1 1.174546
1 1.179678
1 1.186056
1 1.186118
1 1.187758
1 1.191537
1 1.195444
1 1.195631
1 1.208812
1 1.220701
1 1.223860
1 1.226114
1 1.227575
1 1.241251
1 1.245478
1 1.259354
1 1.262685
1 1.333550
1 1.347447
1 1.354735
1 1.366050
1 1.381819
1 1.392341
1 1.405454
1 1.413197
1 1.414613
1 1.421951
1 1.424506
1 1.435852
1 1.436887
1 1.438880
1 1.442811
1 1.442768
1 1.442785
1 1.450738
1 1.466433
1 1.473662
1 1.474632
1 1.481555
1 1.485409
1 1.506423
1 1.510383
1 1.528189
1 1.529600
1 1.533306
1 1.542242
1 1.549520
1 1.552255
1 1.556139
1 1.572691
1 1.587081
1 1.598390
1 1.604429
1 1.605704
1 1.655900
1 1.666962
1 1.673273
1 1.675030
1 1.683912
1 1.688769
1 1.714530
1 1.733052
1 1.736985
1 1.748771
1 1.766582
1 1.827783
1 1.848625
1 1.879327
1 1.879604
1 1.947175
1 2.019270
1 2.026778
1 2.028795
1 2.059908
1 2.084841
1 2.085764
1 2.137890
1 2.147596
1 2.227591
1 2.239249
1 2.241292
1 2.262447
1 2.274820
1 2.274800
1 2.297107
1 2.302871
1 2.307978
1 2.311159
1 2.319883
1 2.325911
1 2.328590
1 2.345003
1 2.380299
1 2.394112
1 2.445030
1 2.470903
1 2.478298
1 2.483185
1 2.515275
1 2.516626
1 2.541970
1 2.582790
1 2.602780
1 2.605058
1 2.627608
1 2.647880
1 2.651790
1 2.660830
1 2.730517
1 2.730443
1 2.775079
1 2.809640
1 2.812320
1 2.838931
1 2.846657
1 2.859002
1 2.870452
1 2.902913
1 2.905468
1 2.939240
1 2.945610
1 2.955320
1 2.965767
1 2.982172
1 2.999320
1 3.003010
1 3.026139
1 3.043188
1 3.048372
1 3.051242
1 3.080258
1 3.086361
1 3.107771
1 3.128449
1 3.134451
1 3.161650
1 3.230190
1 3.236444
1 3.259081
1 3.274821
1 3.275295
1 3.275125
1 3.327457
1 3.353610
1 3.357756
1 3.357667
1 3.367590
1 3.402391
1 3.408409
1 3.434231
1 3.475350
1 3.503828
1 3.507987
1 3.509300
1 3.509289
1 3.525651
1 3.570164
1 3.605493
1 3.621910
1 3.624157
1 3.651839
1 3.662481
1 3.679884
1 3.685940
1 3.685885
1 3.721894
1 3.721890
1 3.726508
1 3.850762
1 3.867819
1 3.869056
1 3.869671
1 3.873792
1 3.874851
1 3.887884
1 3.895033
1 3.895988
1 3.897308
1 3.916502
1 3.920960
1 3.925920
1 3.929317
1 3.930005
1 3.933715
1 3.933183
1 3.948397
1 3.953003
1 3.963539
1 3.977021
1 3.981690
1 3.982197
1 3.990780
1 3.996586
1 3.996750
1 3.996685
1 4.004865
1 4.004675
1 4.007034
1 4.006974
1 4.020718
1 4.054901
1 4.067110
1 4.076890
1 4.120194
1 4.123011
1 4.152616
1 4.178470
1 4.183015
1 4.218465
1 4.223225
1 4.223277
1 4.236761
1 4.257536
1 4.282075
1 4.301406
1 4.342035
1 4.346092
1 4.348459
1 4.366804
1 4.408777
1 4.408661
1 4.452473
1 4.473485
1 4.473172
1 4.478280
1 4.513285
1 4.519530
1 4.525007
1 4.539346
1 4.542190
1 4.548275
1 4.570624
1 4.572805
1 4.580655
1 4.580655
1 4.580035
1 4.588845
1 4.593685
1 4.602070
1 4.610891
1 4.620688
1 4.623271
1 4.625460
1 4.625020
1 4.630145
1 4.639930
1 4.639690
1 4.641705
1 4.659510
1 4.670711
1 4.673595
1 4.673695
1 4.675345
1 4.675173
1 4.681145
1 4.682560
1 4.691914
1 4.695820
1 4.705690
1 4.705710
1 4.709116
1 4.710790
1 4.712695
1 4.719135
1 4.721311
1 4.721273
1 4.725990
1 4.734485
1 4.736028
1 4.740210
1 4.744759
1 4.750336
1 4.754620
1 4.758212
1 4.762914
1 4.762755
1 4.767807
1 4.767601
1 4.771165
1 4.770510
1 4.771164
1 4.773960
1 4.777005
1 4.778415
1 4.779869
1 4.784253
1 4.786600
1 4.787275
1 4.787120
1 4.793818
1 4.795415
1 4.804573
1 4.808753
1 4.810545
1 4.810349
1 4.810417
1 4.814190
1 4.814679
1 4.819528
1 4.824440
1 4.833587
1 4.837565
1 4.843976
1 4.849320
1 4.854009
1 4.863334
1 4.864315
1 4.874060
1 4.887336
1 4.890430
1 4.889980
1 4.894875
1 4.898030
1 4.902690
1 4.902610
1 4.902510
1 4.905503
1 4.909160
1 4.911393
1 4.910599
1 4.920166
1 4.927190
1 4.932555
1 4.932328
1 4.937780
1 4.948414
1 4.948238
1 4.966906
1 4.968405
1 4.972365
1 4.978515
1 4.984006
1 4.991780
1 4.991703
1 5.002245
1 5.011876
1 5.024357
1 5.032540
1 5.041060
1 5.064440
1 5.067685
1 5.067355
1 5.067498
1 5.067346
1 5.075635
1 5.077605
1 5.088190
1 5.098449
1 5.103635
1 5.103650
1 5.113695
1 5.117694
1 5.130887
1 5.152330
1 5.166425
1 5.172374
1 5.203210
1 5.210444
1 5.210556
1 5.211320
1 5.211605
1 5.222632
1 5.231163
1 5.299820
1 5.312926
1 5.444758
1 11.297845
1 18.509701
End Spectral Lines:
