Symbol: Pr
Atomic Number: 59
Atomic Mass: 140.908000
Start Spectral Index: 5
1 182
2 519
3 372
4 135
5 12
End Spectral Index:
Order of Magnitude: 0.000001
Start Spectral Lines:
4 0.071823
4 0.072134
4 0.072241
4 0.072258
4 0.072604
4 0.073037
4 0.073177
4 0.073486
4 0.073504
4 0.073619
4 0.073632
4 0.073717
4 0.074145
4 0.074315
4 0.074389
4 0.074614
4 0.076316
4 0.076400
5 0.084378
5 0.086590
5 0.086917
5 0.086966
5 0.089665
5 0.092229
3 0.100861
3 0.102135
3 0.102618
3 0.102903
3 0.103829
3 0.104296
3 0.104380
3 0.104403
3 0.104620
3 0.104724
3 0.104909
3 0.105263
3 0.106160
3 0.106603
3 0.106885
3 0.106988
3 0.108442
3 0.108866
3 0.110484
3 0.110882
4 0.122640
4 0.122859
4 0.123069
5 0.123407
4 0.123819
4 0.124935
4 0.125564
4 0.126127
4 0.126832
4 0.127058
4 0.127510
4 0.127540
4 0.127865
4 0.127934
4 0.128744
4 0.129093
4 0.129230
4 0.129322
4 0.129528
4 0.129650
4 0.129826
4 0.129854
4 0.130471
4 0.130686
4 0.130808
4 0.131071
4 0.131496
4 0.131528
4 0.131696
4 0.132010
4 0.132070
4 0.132136
4 0.132251
4 0.132638
4 0.133357
4 0.133596
4 0.133929
4 0.134074
4 0.134132
5 0.134278
4 0.134423
4 0.134707
3 0.135270
4 0.135281
4 0.135435
4 0.135466
4 0.136064
4 0.136481
4 0.136577
4 0.136890
4 0.137441
4 0.138262
4 0.138423
4 0.138591
4 0.139411
4 0.139711
4 0.139931
4 0.140096
4 0.141090
4 0.142436
4 0.142659
4 0.143556
4 0.145995
4 0.146176
4 0.147491
4 0.147732
4 0.148588
4 0.150335
4 0.151686
4 0.152071
4 0.152098
4 0.152346
4 0.155362
4 0.155949
4 0.157013
4 0.157280
4 0.157455
4 0.157510
4 0.157838
4 0.158510
4 0.161300
4 0.161365
4 0.161803
4 0.162230
4 0.163477
4 0.167608
4 0.168849
4 0.171353
4 0.173286
4 0.176286
4 0.176688
4 0.177114
4 0.184108
3 0.188122
4 0.188487
4 0.195123
4 0.195461
5 0.195809
5 0.195820
4 0.202571
3 0.203211
3 0.203395
4 0.203981
3 0.204378
4 0.204771
4 0.205139
3 0.205296
3 0.205353
3 0.205451
4 0.205914
3 0.205925
3 0.206474
3 0.207574
4 0.208389
3 0.209141
3 0.209416
3 0.209752
3 0.209761
4 0.210109
3 0.214882
4 0.215499
4 0.219406
3 0.219493
3 0.219794
4 0.220582
3 0.220617
3 0.220695
3 0.221514
3 0.221594
3 0.221781
3 0.222392
3 0.223104
3 0.223795
3 0.223976
3 0.224012
3 0.224285
5 0.224676
5 0.224690
4 0.226640
3 0.228533
3 0.230830
3 0.230848
3 0.230912
3 0.231200
3 0.231215
3 0.231489
3 0.231617
3 0.231886
3 0.231907
3 0.231935
3 0.231953
3 0.231968
3 0.232011
3 0.232112
3 0.232927
4 0.233518
3 0.233685
4 0.233980
3 0.236624
3 0.236950
3 0.236980
4 0.237682
3 0.237879
3 0.237970
4 0.237971
4 0.238039
3 0.239617
3 0.240043
3 0.240629
3 0.240892
3 0.241053
3 0.241313
3 0.241842
3 0.241968
3 0.242688
3 0.242759
4 0.242781
4 0.242887
3 0.243106
3 0.243492
3 0.243513
3 0.243665
3 0.243763
4 0.243931
3 0.243937
3 0.244567
3 0.244623
3 0.244751
3 0.244890
3 0.245276
3 0.245355
3 0.245359
3 0.245534
3 0.245556
4 0.245638
3 0.246051
3 0.246146
3 0.246292
3 0.246365
3 0.246895
3 0.246972
3 0.247417
3 0.247907
3 0.248073
3 0.248177
3 0.248405
3 0.248474
3 0.248535
3 0.248591
3 0.248947
3 0.249272
3 0.249495
3 0.249612
3 0.249626
3 0.250072
2 0.255935
1 0.257904
1 0.258008
3 0.258848
2 0.259882
2 0.260970
2 0.261653
3 0.262569
3 0.264541
2 0.264927
2 0.265554
3 0.265767
2 0.266749
3 0.266830
2 0.267331
3 0.268027
2 0.268599
2 0.268650
2 0.269972
2 0.270118
2 0.270305
4 0.270599
2 0.270817
4 0.270881
3 0.271110
2 0.271496
3 0.271946
2 0.272098
2 0.272271
3 0.272484
2 0.272731
2 0.273259
2 0.273393
2 0.273511
2 0.273871
2 0.274293
2 0.274547
2 0.274709
4 0.275428
2 0.276117
4 0.276842
2 0.277042
2 0.277676
2 0.277685
2 0.277962
2 0.278413
2 0.278987
2 0.279333
2 0.280288
2 0.282400
2 0.282497
2 0.282912
3 0.284278
1 0.284382
2 0.284485
1 0.285146
2 0.285483
2 0.286648
1 0.288245
2 0.288316
2 0.288574
3 0.291146
3 0.291262
3 0.291534
3 0.293105
3 0.294329
2 0.294483
3 0.295444
3 0.295526
3 0.296572
2 0.296845
3 0.296970
3 0.297028
2 0.297200
2 0.297227
2 0.297233
3 0.297773
3 0.297793
3 0.298141
3 0.298252
3 0.298329
2 0.298585
3 0.298669
2 0.298705
2 0.299109
3 0.299799
3 0.299966
3 0.300133
3 0.300408
3 0.300735
3 0.300892
3 0.301149
3 0.301548
3 0.301601
3 0.301714
3 0.302265
3 0.302614
3 0.303026
3 0.303419
3 0.303513
3 0.304090
3 0.304182
3 0.304267
3 0.304324
3 0.304670
3 0.304787
3 0.305119
3 0.305619
3 0.305979
3 0.306760
3 0.307957
3 0.308109
2 0.308301
2 0.311224
2 0.312249
2 0.316465
2 0.316916
2 0.317323
2 0.319234
2 0.319691
2 0.319996
2 0.320882
2 0.322041
2 0.323520
2 0.324642
3 0.324933
3 0.328187
3 0.329353
3 0.329705
3 0.330709
3 0.333422
3 0.334154
3 0.334239
3 0.334264
3 0.334634
3 0.334640
3 0.335203
3 0.335483
3 0.335587
2 0.335663
3 0.335852
3 0.336038
3 0.336549
3 0.336585
3 0.336677
3 0.336832
3 0.336855
3 0.337289
3 0.337811
3 0.338010
3 0.338118
3 0.338223
3 0.338281
3 0.339205
3 0.339519
2 0.339559
3 0.339704
3 0.339759
3 0.339844
3 0.340395
3 0.341419
3 0.341613
3 0.342105
3 0.342320
3 0.342725
3 0.342800
3 0.343735
3 0.344161
3 0.344628
3 0.345504
2 0.346673
2 0.358523
2 0.361297
2 0.363200
2 0.364659
2 0.364670
2 0.364734
2 0.364934
3 0.365462
2 0.366140
2 0.366266
2 0.366987
2 0.368808
2 0.368824
2 0.369076
2 0.369911
2 0.370780
2 0.371216
2 0.371511
2 0.373409
2 0.373547
2 0.373682
2 0.373755
2 0.374024
2 0.374205
2 0.374504
2 0.375205
2 0.376067
2 0.376115
2 0.376294
2 0.376584
2 0.377001
2 0.377389
2 0.377513
2 0.377869
2 0.378173
2 0.378654
2 0.378794
2 0.379359
2 0.379601
2 0.380138
2 0.380592
2 0.381026
2 0.381292
2 0.381710
3 0.381833
2 0.381874
2 0.381936
2 0.382022
2 0.382288
2 0.382426
2 0.382776
2 0.383181
2 0.383602
2 0.384208
2 0.384343
2 0.384563
2 0.384768
2 0.385188
2 0.385264
2 0.385389
2 0.385934
2 0.386023
3 0.386289
2 0.386655
2 0.386862
2 0.387182
2 0.387729
2 0.387828
2 0.388030
2 0.388157
2 0.388629
2 0.389044
2 0.389281
2 0.389835
2 0.389994
2 0.390356
2 0.390916
2 0.391401
2 0.391466
2 0.391587
2 0.391996
2 0.392074
2 0.392164
2 0.392658
2 0.392857
2 0.393040
2 0.393693
2 0.393941
2 0.394875
2 0.395055
2 0.395463
2 0.395787
1 0.396056
2 0.396357
2 0.396538
2 0.396593
2 0.396769
2 0.397228
2 0.397279
2 0.397326
2 0.397597
3 0.398164
2 0.399081
2 0.399304
2 0.399329
2 0.399592
2 0.399696
2 0.399817
2 0.399909
2 0.400025
2 0.400130
3 0.400133
2 0.400583
2 0.400982
2 0.401173
2 0.401653
3 0.401950
2 0.402210
2 0.402385
2 0.402668
2 0.402797
2 0.403014
3 0.403074
2 0.403086
2 0.403289
2 0.403361
2 0.403497
2 0.403547
2 0.403936
2 0.403959
2 0.404048
2 0.404595
2 0.404684
2 0.404777
2 0.404822
2 0.405227
2 0.405603
2 0.405769
2 0.405995
2 0.406337
2 0.406396
2 0.406995
2 0.408092
2 0.408213
2 0.408300
2 0.408449
2 0.408836
2 0.409798
2 0.409956
2 0.410188
2 0.411505
2 0.411962
2 0.413031
2 0.413194
2 0.413478
2 0.414239
3 0.414363
2 0.414428
3 0.414565
2 0.414767
3 0.414902
2 0.414961
2 0.415767
2 0.416533
2 0.416921
2 0.417063
2 0.417300
3 0.417333
2 0.417343
2 0.417650
2 0.417680
2 0.417981
2 0.418057
3 0.418095
3 0.418536
2 0.419066
2 0.419278
3 0.419819
2 0.420235
2 0.420791
2 0.420951
2 0.421305
2 0.421900
3 0.422064
2 0.422412
2 0.422654
3 0.423264
2 0.423430
2 0.423734
2 0.424121
2 0.424220
2 0.424470
2 0.424883
2 0.425560
2 0.426498
2 0.427029
2 0.427347
3 0.427627
2 0.428127
2 0.428363
3 0.428753
3 0.429948
2 0.430019
3 0.430294
2 0.430482
2 0.430697
3 0.431755
2 0.432477
2 0.433063
2 0.433519
2 0.433696
2 0.433992
2 0.434552
2 0.434871
2 0.435162
3 0.435550
2 0.435613
2 0.436102
2 0.436956
2 0.437285
3 0.438105
3 0.438270
2 0.439731
2 0.440484
3 0.440595
2 0.440636
2 0.440707
2 0.441006
2 0.441501
2 0.442028
2 0.442089
3 0.442234
2 0.442246
2 0.442582
2 0.443037
3 0.443309
2 0.443352
3 0.444918
2 0.445108
3 0.445139
3 0.445225
2 0.445315
2 0.445593
3 0.446227
3 0.446306
2 0.446722
2 0.446991
2 0.447852
2 0.449772
3 0.450157
2 0.451142
2 0.451885
2 0.453542
2 0.453719
2 0.456440
3 0.461331
2 0.461337
3 0.462648
2 0.463004
1 0.463358
1 0.463698
1 0.464085
2 0.464479
2 0.464735
2 0.465280
3 0.465546
2 0.466596
2 0.467340
1 0.468911
1 0.469708
2 0.470939
1 0.471084
3 0.471502
3 0.472687
3 0.472953
1 0.473199
2 0.473550
1 0.473801
1 0.474549
2 0.474825
3 0.474844
2 0.476405
3 0.477316
3 0.477664
2 0.478469
3 0.485875
2 0.488050
2 0.488740
1 0.490836
2 0.491400
1 0.491539
1 0.492597
1 0.493738
1 0.494112
1 0.494168
1 0.495275
1 0.497714
1 0.501999
1 0.502116
1 0.502836
1 0.503478
2 0.503581
1 0.504524
1 0.504693
1 0.505481
1 0.508854
2 0.511180
2 0.511218
2 0.513095
1 0.513487
2 0.513657
1 0.514124
2 0.515374
2 0.516318
2 0.517534
2 0.519277
1 0.519588
2 0.519656
2 0.519676
2 0.520800
2 0.520935
3 0.520996
2 0.522050
2 0.522156
1 0.522943
2 0.525320
2 0.526119
3 0.526314
2 0.526535
3 0.526591
3 0.528617
2 0.529349
2 0.529409
2 0.529956
3 0.530146
2 0.532424
3 0.534151
2 0.535389
3 0.542921
1 0.550303
2 0.551032
2 0.551068
2 0.551316
2 0.551511
2 0.551665
2 0.552091
2 0.552184
2 0.552432
1 0.552568
2 0.552744
1 0.552947
1 0.553175
1 0.553270
2 0.553671
1 0.553991
2 0.554032
2 0.554655
2 0.554987
2 0.555496
2 0.556300
1 0.556360
1 0.556707
2 0.556846
2 0.557338
2 0.557616
1 0.558036
3 0.558329
2 0.558390
2 0.558557
1 0.559647
2 0.559884
2 0.560286
2 0.560721
1 0.560824
2 0.561049
2 0.561178
2 0.562162
1 0.562182
2 0.562345
2 0.562461
2 0.562601
1 0.563459
2 0.563802
2 0.564036
2 0.564194
1 0.564473
2 0.564698
3 0.564837
2 0.565580
2 0.566141
1 0.566314
2 0.566376
1 0.567003
2 0.567112
2 0.567156
2 0.567571
2 0.567861
2 0.568347
2 0.568718
1 0.568810
2 0.568875
2 0.569002
2 0.569079
2 0.569255
2 0.569748
1 0.570596
1 0.570919
2 0.571321
2 0.571542
2 0.571767
2 0.572067
2 0.572122
2 0.572139
1 0.572997
2 0.573347
2 0.574872
1 0.574933
2 0.574954
2 0.575462
2 0.575777
2 0.576100
1 0.576180
3 0.576687
2 0.577076
2 0.577139
2 0.577476
2 0.577751
2 0.577889
1 0.578088
2 0.578688
2 0.578777
2 0.578990
2 0.579053
2 0.579247
2 0.579297
1 0.579456
2 0.581219
2 0.581516
2 0.581678
2 0.581694
2 0.582018
2 0.582223
1 0.582297
2 0.582420
2 0.582533
2 0.583256
1 0.583675
3 0.584603
2 0.584627
2 0.584660
2 0.584875
2 0.585226
2 0.585425
1 0.585606
2 0.585769
2 0.585852
2 0.586130
2 0.587046
2 0.587546
1 0.587635
1 0.587973
1 0.588067
2 0.588088
1 0.588635
2 0.589386
2 0.589585
2 0.590475
2 0.590609
2 0.591031
1 0.591695
1 0.591761
1 0.592240
2 0.593230
2 0.593797
2 0.594155
2 0.594237
1 0.594330
2 0.594881
3 0.594963
1 0.595141
2 0.595292
2 0.595341
3 0.595770
2 0.595825
1 0.595835
1 0.596090
1 0.596383
1 0.596465
2 0.596947
1 0.597861
1 0.598054
2 0.598285
1 0.598780
1 0.598880
2 0.598895
1 0.599293
1 0.599655
1 0.599772
3 0.600060
2 0.600410
2 0.600799
1 0.601020
2 0.601815
2 0.601947
1 0.602152
2 0.602739
2 0.604454
2 0.604833
1 0.605094
2 0.605172
1 0.605256
3 0.605469
1 0.605681
2 0.606895
3 0.607277
1 0.608749
2 0.608784
2 0.608921
3 0.609171
2 0.609207
2 0.609478
1 0.609797
2 0.610841
1 0.611077
2 0.611607
1 0.611971
1 0.612384
2 0.614321
1 0.614993
2 0.614994
2 0.615952
2 0.616080
3 0.616194
2 0.616289
3 0.616293
1 0.616709
2 0.616765
2 0.618405
1 0.618967
3 0.619676
3 0.619734
2 0.619916
2 0.620253
2 0.620735
1 0.621231
1 0.621445
1 0.621978
1 0.623853
1 0.624278
2 0.624608
2 0.625683
2 0.626428
2 0.626627
2 0.627640
2 0.627655
2 0.628042
2 0.628302
1 0.629076
1 0.629975
1 0.630379
2 0.630409
1 0.630579
2 0.630697
3 0.631211
2 0.631988
1 0.632411
1 0.634563
2 0.634886
1 0.635274
1 0.635896
1 0.636079
3 0.636341
2 0.636538
1 0.637937
1 0.638035
1 0.639134
1 0.639376
1 0.639495
2 0.639973
1 0.641246
1 0.641300
2 0.641545
1 0.641720
3 0.643104
2 0.643141
2 0.643362
2 0.644456
2 0.644569
3 0.644652
1 0.645522
2 0.645662
1 0.645796
1 0.646198
2 0.646951
2 0.647705
2 0.647981
1 0.648834
2 0.648876
1 0.649354
1 0.649528
1 0.649668
1 0.649891
2 0.650074
3 0.650184
1 0.650252
3 0.650329
1 0.650589
1 0.651894
2 0.652059
1 0.653633
1 0.654228
1 0.655511
2 0.656643
2 0.656858
1 0.657285
1 0.657982
3 0.658072
2 0.658638
2 0.659556
1 0.659730
1 0.661169
3 0.661829
1 0.661850
2 0.662017
1 0.663283
1 0.663389
1 0.664896
2 0.665867
2 0.667525
2 0.667562
2 0.668936
1 0.670110
3 0.670855
3 0.672949
1 0.673865
1 0.674895
1 0.675105
2 0.678686
1 0.680048
2 0.681364
2 0.681475
2 0.681592
1 0.681949
2 0.682948
3 0.682984
2 0.683238
1 0.684628
2 0.684736
2 0.684848
2 0.685235
1 0.685466
3 0.685652
3 0.685919
3 0.686869
1 0.687234
1 0.688656
1 0.689461
3 0.690096
3 0.690542
3 0.691205
3 0.693646
3 0.697288
3 0.698176
1 0.698205
2 0.702345
1 0.702647
3 0.703233
1 0.704434
2 0.704639
1 0.705301
3 0.707716
3 0.707857
1 0.708194
3 0.708594
1 0.709714
3 0.711449
1 0.711651
1 0.711886
2 0.712020
2 0.713930
1 0.716185
3 0.716762
2 0.716975
1 0.719193
2 0.721084
2 0.722969
1 0.723352
3 0.723361
3 0.724025
3 0.724221
1 0.724526
1 0.726121
3 0.726432
1 0.728962
1 0.729120
1 0.732644
1 0.733049
3 0.734271
3 0.734572
3 0.735177
3 0.735264
3 0.735755
2 0.740960
3 0.742853
3 0.743110
2 0.745379
3 0.746602
3 0.748946
3 0.749526
1 0.749765
1 0.750149
3 0.751324
3 0.753118
2 0.754310
3 0.755128
1 0.757695
3 0.759073
3 0.759850
3 0.762773
2 0.764776
3 0.765045
3 0.767276
3 0.767676
2 0.770710
1 0.772397
3 0.774447
3 0.774772
3 0.775644
3 0.775761
3 0.778412
2 0.778830
3 0.781689
1 0.784343
3 0.786830
1 0.787384
1 0.788326
3 0.789029
2 0.789073
3 0.789926
3 0.791618
2 0.791737
3 0.792534
3 0.797494
3 0.800334
1 0.803413
1 0.805765
1 0.806966
3 0.810513
3 0.812177
2 0.812501
3 0.813447
3 0.814058
1 0.814334
2 0.818359
1 0.821419
3 0.823759
3 0.824716
1 0.829221
1 0.838214
3 0.841141
1 0.843014
3 0.849732
3 0.856998
3 0.860510
2 0.860763
3 0.869397
2 0.871698
3 0.877379
3 0.885648
3 0.888861
3 0.891115
3 0.910248
3 0.913441
3 0.922485
3 0.926810
3 0.932310
3 0.933689
3 0.938001
3 0.939114
3 0.955239
3 0.958237
3 0.980567
3 0.980906
3 0.999390
3 1.003385
3 1.016311
3 1.024144
3 1.030440
3 1.032742
3 1.071952
End Spectral Lines:
