Symbol: C
Atomic Number: 6
Atomic Mass: 12.011000
Start Spectral Index: 6
1 1298
2 644
3 882
4 228
5 148
6 137
End Spectral Index:
Order of Magnitude: 0.000001
Start Spectral Lines:
6 0.002603
6 0.002603
6 0.002636
6 0.002636
6 0.002699
6 0.002699
6 0.002847
6 0.002847
5 0.003343
6 0.003373
6 0.003374
5 0.003497
5 0.003500
5 0.004027
5 0.004073
5 0.004147
6 0.011384
6 0.011384
6 0.011384
6 0.011384
6 0.011390
6 0.011390
6 0.011390
6 0.012046
6 0.012046
6 0.012046
6 0.012047
6 0.012053
6 0.012053
6 0.012053
6 0.013491
6 0.013491
6 0.013492
6 0.013492
6 0.013499
6 0.013499
6 0.013500
5 0.015052
5 0.015052
5 0.015052
5 0.015055
5 0.015055
5 0.015055
5 0.015349
5 0.015359
5 0.015719
5 0.015837
5 0.015848
5 0.015848
5 0.015851
5 0.016051
5 0.016722
5 0.016738
5 0.016738
5 0.016739
5 0.016742
5 0.016742
5 0.016742
5 0.016841
5 0.016842
5 0.016845
5 0.017565
6 0.018209
6 0.018210
6 0.018213
6 0.018214
6 0.018223
6 0.018225
6 0.018229
5 0.018635
5 0.018674
5 0.018925
5 0.018926
5 0.018930
5 0.019702
4 0.020068
4 0.020068
4 0.020305
4 0.020305
4 0.020663
4 0.020663
4 0.021241
4 0.021242
4 0.022279
4 0.022279
5 0.022719
5 0.022720
5 0.022720
4 0.023081
4 0.023087
4 0.023410
4 0.023416
4 0.023911
4 0.023917
4 0.024490
4 0.024491
4 0.024577
4 0.024583
4 0.024583
5 0.024732
4 0.024734
4 0.024741
5 0.024844
5 0.024866
5 0.024866
5 0.024867
5 0.024874
5 0.024875
5 0.024875
4 0.025947
4 0.025954
4 0.025954
5 0.026013
5 0.026014
5 0.026023
4 0.026255
4 0.026262
5 0.026727
3 0.027032
5 0.027188
3 0.027405
3 0.028003
3 0.028842
4 0.028914
4 0.028923
4 0.028923
3 0.029133
4 0.029686
4 0.029695
6 0.030359
6 0.030359
6 0.030360
6 0.030361
6 0.030371
6 0.030371
6 0.030372
6 0.030372
6 0.030373
6 0.030373
6 0.030375
6 0.030375
6 0.030376
3 0.031017
4 0.031242
4 0.031246
3 0.031434
3 0.031436
3 0.031436
3 0.031441
3 0.031441
3 0.031441
3 0.031921
3 0.031924
3 0.031924
3 0.031929
3 0.031929
3 0.031929
3 0.032129
3 0.032131
3 0.032137
3 0.032257
3 0.032778
3 0.033059
3 0.033061
3 0.033068
3 0.034115
3 0.034117
3 0.034117
3 0.034124
3 0.034124
3 0.034124
3 0.034774
3 0.034777
3 0.034784
6 0.035574
6 0.035575
6 0.035578
6 0.035579
6 0.035591
6 0.035591
6 0.035592
6 0.035592
6 0.035595
6 0.035596
6 0.035596
6 0.035596
6 0.035598
3 0.035874
3 0.036055
3 0.036057
3 0.036060
3 0.036063
3 0.036063
3 0.036067
3 0.036375
3 0.036378
3 0.036386
3 0.036940
3 0.036940
3 0.036942
3 0.036943
3 0.036947
3 0.036951
3 0.037169
3 0.037170
3 0.037172
3 0.037175
3 0.037178
3 0.037180
5 0.037252
5 0.037297
5 0.037297
5 0.037298
5 0.037303
5 0.037303
5 0.037303
5 0.037421
5 0.037421
5 0.037427
3 0.037907
3 0.037925
5 0.038180
5 0.038180
5 0.038180
5 0.038180
5 0.038180
5 0.038181
4 0.038403
4 0.038418
4 0.038419
5 0.038438
3 0.038504
3 0.038620
3 0.038897
3 0.038900
3 0.038909
3 0.039005
5 0.039160
5 0.039224
5 0.039423
5 0.039423
5 0.039429
5 0.040218
5 0.040218
5 0.040220
5 0.040479
3 0.040932
3 0.041196
3 0.041677
4 0.041952
4 0.041971
3 0.042344
5 0.042506
5 0.042599
5 0.042599
5 0.042606
5 0.042982
5 0.042983
5 0.042990
3 0.043334
5 0.043685
5 0.043832
5 0.043832
5 0.043834
2 0.043877
2 0.043883
2 0.043890
2 0.043895
3 0.044633
3 0.045073
3 0.045532
3 0.045538
3 0.045538
3 0.045538
3 0.045548
3 0.045548
3 0.045658
3 0.045946
3 0.045952
3 0.045952
3 0.045963
3 0.045963
3 0.045963
3 0.046005
2 0.046635
2 0.046641
2 0.046649
2 0.046655
3 0.046894
3 0.047341
3 0.047762
3 0.048353
3 0.048360
3 0.048360
3 0.048361
3 0.048371
3 0.048372
3 0.049265
3 0.049334
3 0.049337
3 0.049341
3 0.049347
3 0.049352
3 0.049358
5 0.049538
5 0.049706
5 0.049706
5 0.049706
5 0.049715
5 0.049716
5 0.049716
3 0.049792
3 0.049943
3 0.049946
3 0.049950
3 0.049954
3 0.049958
3 0.049961
5 0.050626
5 0.050627
5 0.050636
3 0.050663
5 0.051147
3 0.051152
4 0.051160
4 0.051160
5 0.051531
5 0.051531
5 0.051534
5 0.051733
6 0.052028
6 0.052030
6 0.052043
6 0.052046
6 0.052060
6 0.052060
6 0.052066
6 0.052066
6 0.052070
6 0.052073
6 0.052078
6 0.052081
6 0.052082
2 0.052434
2 0.052441
2 0.052442
2 0.052447
2 0.052447
2 0.052453
2 0.052455
4 0.052734
4 0.052735
2 0.053027
2 0.053036
2 0.053045
2 0.053168
2 0.053172
2 0.053174
2 0.053178
2 0.053184
2 0.053186
2 0.053192
3 0.053360
3 0.053529
3 0.053808
3 0.053815
3 0.053831
2 0.054326
2 0.054344
2 0.054345
2 0.054707
2 0.054714
2 0.054715
2 0.054721
2 0.054721
2 0.054728
2 0.054729
3 0.054832
2 0.054932
2 0.054938
2 0.054951
2 0.054957
2 0.055168
2 0.055187
4 0.055218
4 0.055218
3 0.055441
3 0.055449
3 0.055450
3 0.055451
3 0.055463
3 0.055465
2 0.056024
2 0.056044
2 0.056044
2 0.056230
2 0.056234
2 0.056237
2 0.056241
2 0.056247
2 0.056250
2 0.056256
4 0.056279
4 0.056289
2 0.056456
2 0.056458
2 0.056461
2 0.056463
2 0.056465
2 0.056466
2 0.056470
2 0.056472
3 0.056553
3 0.056648
3 0.057277
3 0.057428
4 0.057658
4 0.057659
4 0.057662
2 0.057687
2 0.057709
4 0.058275
4 0.058286
3 0.058527
3 0.058540
3 0.058543
3 0.058550
3 0.058561
3 0.058566
2 0.059480
2 0.059502
2 0.059502
4 0.059549
4 0.059550
4 0.059666
4 0.059667
4 0.059670
2 0.060025
2 0.060034
2 0.060035
2 0.060042
2 0.060042
2 0.060050
2 0.060052
3 0.060904
3 0.060927
4 0.061480
4 0.061491
3 0.062213
4 0.062865
4 0.062866
4 0.062869
2 0.063599
2 0.063625
2 0.064154
2 0.064159
2 0.064163
2 0.064168
2 0.064177
2 0.064180
2 0.064189
2 0.065121
2 0.065123
2 0.065127
2 0.065130
2 0.065133
2 0.065135
2 0.065139
2 0.065142
4 0.066085
4 0.066098
4 0.066099
4 0.067234
4 0.067249
4 0.068487
4 0.068490
4 0.068540
4 0.068542
4 0.068545
3 0.068551
2 0.068641
2 0.068643
2 0.068648
2 0.068649
2 0.068705
2 0.068734
2 0.068735
3 0.069052
5 0.071183
3 0.071488
5 0.071758
3 0.072726
3 0.072751
6 0.072861
6 0.072862
6 0.072869
6 0.072872
6 0.072889
6 0.072892
6 0.072892
6 0.072898
6 0.072899
6 0.072901
6 0.072901
6 0.072902
6 0.072903
6 0.072903
6 0.072903
6 0.072905
5 0.074553
3 0.075075
5 0.075678
5 0.075679
5 0.075701
5 0.076010
5 0.076296
5 0.076296
5 0.076303
3 0.076847
3 0.076880
4 0.077019
4 0.077037
4 0.077038
5 0.077706
5 0.078206
3 0.078440
4 0.079797
4 0.079817
2 0.080638
2 0.080653
4 0.080656
2 0.080657
4 0.080661
4 0.080663
2 0.080668
2 0.080669
2 0.080683
2 0.080686
2 0.080968
2 0.080969
2 0.080975
2 0.080976
3 0.081463
3 0.081776
3 0.081786
3 0.081795
3 0.081799
3 0.081818
3 0.081827
3 0.084148
3 0.084149
3 0.084149
3 0.084943
2 0.085809
2 0.085856
5 0.086497
5 0.087150
3 0.088452
3 0.090258
3 0.090263
3 0.090263
3 0.090273
3 0.090273
3 0.090273
2 0.090362
2 0.090396
2 0.090414
2 0.090448
2 0.090928
2 0.090951
3 0.090959
2 0.090962
3 0.091463
3 0.093373
3 0.094317
3 0.094319
3 0.094322
3 0.094400
3 0.094405
3 0.094405
3 0.094416
3 0.094416
3 0.094416
1 0.094519
1 0.094534
1 0.094558
4 0.094809
4 0.094821
3 0.096239
3 0.096245
3 0.096257
2 0.097216
2 0.097219
2 0.097237
3 0.097703
3 0.098108
3 0.098121
3 0.098146
2 0.099637
2 0.099639
2 0.099647
3 0.100199
3 0.100460
2 0.100986
2 0.101008
2 0.101037
3 0.102643
4 0.103127
4 0.103128
2 0.103634
2 0.103702
2 0.103968
2 0.103980
2 0.103997
2 0.104009
3 0.104071
5 0.104702
3 0.105094
3 0.105101
3 0.105115
2 0.106328
2 0.106328
2 0.106331
2 0.106589
2 0.106592
2 0.106613
3 0.106941
3 0.106969
3 0.106969
3 0.107017
3 0.107033
3 0.107033
4 0.109732
4 0.109734
4 0.110759
4 0.110793
4 0.110798
3 0.111157
4 0.111825
4 0.111841
1 0.112200
1 0.112233
1 0.112234
1 0.112244
1 0.112264
1 0.112299
6 0.112412
6 0.112416
6 0.112449
6 0.112455
6 0.112474
6 0.112475
6 0.112487
6 0.112487
6 0.112493
6 0.112493
6 0.112499
6 0.112499
6 0.112502
6 0.112506
6 0.112512
6 0.112512
6 0.112512
6 0.112524
6 0.112526
3 0.112563
3 0.112564
3 0.112564
3 0.112567
3 0.112567
3 0.112568
2 0.112699
2 0.112713
2 0.112727
2 0.112741
2 0.112763
1 0.112882
1 0.112913
1 0.112916
1 0.112920
1 0.112940
1 0.112975
3 0.113105
4 0.113663
4 0.113664
4 0.113668
1 0.113838
1 0.113856
1 0.113859
1 0.113874
2 0.113894
1 0.113895
1 0.113909
2 0.113933
2 0.113947
1 0.113951
1 0.113977
1 0.113979
1 0.113981
1 0.113986
3 0.113990
1 0.114000
1 0.114001
1 0.114012
1 0.114022
1 0.114032
1 0.114036
1 0.114057
2 0.114162
2 0.114166
2 0.114174
3 0.114889
3 0.114891
3 0.114891
3 0.114892
3 0.114892
3 0.114894
1 0.115581
1 0.115598
1 0.115603
1 0.115620
1 0.115639
1 0.115656
1 0.115777
1 0.115791
1 0.115802
1 0.115804
1 0.115813
1 0.115813
1 0.115832
1 0.115840
1 0.115849
1 0.115854
1 0.115867
1 0.115891
3 0.116058
3 0.116562
3 0.116570
3 0.116570
3 0.116587
3 0.116588
3 0.116588
3 0.116999
3 0.117461
3 0.117493
3 0.117493
3 0.117526
3 0.117559
3 0.117559
3 0.117571
3 0.117571
3 0.117599
3 0.117610
3 0.117637
3 0.117637
3 0.117677
1 0.118883
1 0.118899
1 0.118906
1 0.118925
1 0.118945
1 0.118963
1 0.119002
1 0.119025
1 0.119184
1 0.119222
1 0.119245
1 0.119283
1 0.119301
1 0.119303
1 0.119324
1 0.119326
1 0.119339
1 0.119365
1 0.119368
1 0.119400
1 0.119406
1 0.119423
1 0.119430
1 0.119441
1 0.119449
1 0.119461
4 0.119840
4 0.119855
4 0.119859
4 0.119991
4 0.120010
2 0.120911
2 0.120927
2 0.120948
2 0.120965
3 0.121008
4 0.121061
4 0.121065
4 0.121739
4 0.121741
4 0.121745
2 0.123002
4 0.123004
2 0.123030
4 0.123052
3 0.124028
3 0.124643
3 0.124652
3 0.124672
3 0.124738
3 0.125647
3 0.125654
3 0.125655
3 0.125658
1 0.126073
1 0.126093
1 0.126100
1 0.126112
1 0.126143
1 0.126155
1 0.126641
2 0.126902
2 0.126914
1 0.127014
1 0.127411
1 0.127498
1 0.127648
1 0.127675
1 0.127719
1 0.127724
1 0.127728
1 0.127751
1 0.127755
1 0.127772
1 0.127795
1 0.127906
1 0.127923
1 0.127950
1 0.127989
1 0.128014
1 0.128033
1 0.128040
1 0.128060
1 0.128085
1 0.128842
2 0.129122
2 0.129130
2 0.129175
3 0.129632
3 0.129633
3 0.129633
3 0.129634
3 0.129637
3 0.129639
3 0.130608
3 0.130871
1 0.131136
2 0.132386
2 0.132391
2 0.132395
2 0.132399
1 0.132883
1 0.132908
1 0.132910
1 0.132912
3 0.132919
1 0.132958
1 0.132960
2 0.133453
2 0.133566
2 0.133571
3 0.133798
4 0.134418
4 0.134441
3 0.134720
3 0.134725
3 0.134727
3 0.134731
3 0.134733
3 0.134738
3 0.134795
1 0.135429
1 0.135584
1 0.135713
1 0.135766
4 0.135842
4 0.135847
4 0.135850
1 0.135927
1 0.135944
1 0.136416
3 0.138165
2 0.138400
2 0.138435
3 0.140649
3 0.142390
3 0.142590
3 0.142619
3 0.142622
3 0.142645
3 0.142672
3 0.142674
3 0.142680
3 0.142784
3 0.142791
3 0.142818
3 0.142850
3 0.142855
3 0.142867
3 0.142893
3 0.142910
1 0.143160
1 0.143211
1 0.143253
4 0.144028
4 0.144036
1 0.145903
1 0.146334
1 0.146740
1 0.146788
1 0.146841
2 0.146964
2 0.146972
2 0.146992
2 0.146992
1 0.147009
2 0.147015
2 0.147043
2 0.147069
2 0.147112
1 0.147223
3 0.147763
3 0.147769
3 0.147802
3 0.147804
3 0.147811
3 0.147830
3 0.147833
3 0.147989
3 0.148001
3 0.148030
1 0.148176
2 0.148877
2 0.148919
2 0.148969
2 0.149011
2 0.149038
2 0.149044
5 0.149366
3 0.149756
5 0.150408
3 0.151293
2 0.152929
2 0.152945
2 0.152991
2 0.153007
3 0.153184
3 0.154112
1 0.154218
2 0.154630
2 0.154647
2 0.154729
2 0.154747
4 0.154819
4 0.155077
3 0.155829
1 0.156031
1 0.156068
1 0.156071
1 0.156134
1 0.156137
1 0.156144
2 0.156327
2 0.156340
2 0.156402
3 0.157648
3 0.157689
3 0.157730
3 0.157737
3 0.157753
3 0.157786
3 0.157788
3 0.157791
3 0.157798
3 0.157800
3 0.157814
3 0.157847
4 0.158581
4 0.158611
4 0.158614
3 0.158668
3 0.159144
1 0.160082
1 0.160297
1 0.160696
1 0.160844
5 0.160993
1 0.161338
1 0.161380
1 0.161451
3 0.162007
3 0.162034
3 0.162059
3 0.162068
3 0.162074
2 0.162102
3 0.162109
2 0.162164
2 0.162282
3 0.162325
2 0.163333
2 0.163343
2 0.163368
2 0.163369
2 0.163396
2 0.163431
2 0.163463
2 0.163516
5 0.163916
3 0.164503
3 0.164695
4 0.165363
4 0.165399
4 0.165446
4 0.165456
4 0.165457
1 0.165627
1 0.165693
1 0.165701
1 0.165738
1 0.165791
1 0.165812
2 0.168981
2 0.169035
2 0.169057
2 0.169111
2 0.170192
2 0.170214
3 0.170354
3 0.171808
2 0.172046
2 0.172101
2 0.172168
2 0.172224
1 0.175182
2 0.175810
2 0.175880
2 0.175915
2 0.176040
2 0.176047
2 0.176082
1 0.176391
1 0.176537
3 0.177909
3 0.178502
3 0.180517
3 0.180622
3 0.180846
2 0.185156
2 0.185194
5 0.185627
5 0.187386
3 0.188060
4 0.188867
4 0.188871
2 0.189082
2 0.189087
2 0.189121
2 0.189126
3 0.189429
3 0.189736
3 0.189744
3 0.189744
3 0.189757
3 0.189762
3 0.189762
3 0.189762
3 0.190668
3 0.190873
2 0.191021
2 0.191059
2 0.191062
2 0.191532
2 0.191601
2 0.192198
2 0.192290
3 0.192296
3 0.192316
2 0.192320
3 0.192327
3 0.192334
3 0.192338
3 0.192349
2 0.192373
2 0.192403
2 0.192425
2 0.192456
2 0.192466
2 0.192633
2 0.192658
2 0.192677
2 0.192702
2 0.192729
2 0.192753
2 0.192831
2 0.192855
1 0.193090
3 0.196271
3 0.198723
2 0.198732
2 0.198776
2 0.198809
2 0.198853
3 0.199181
1 0.199201
1 0.199362
2 0.199469
2 0.199544
2 0.199574
2 0.199650
3 0.199995
3 0.200155
3 0.200155
3 0.200381
3 0.200381
3 0.200998
3 0.201021
3 0.201074
2 0.201858
2 0.201903
2 0.202378
2 0.202389
2 0.202447
2 0.202475
2 0.202544
2 0.202573
2 0.202659
2 0.203874
2 0.204072
2 0.204166
4 0.204579
4 0.204609
2 0.204915
2 0.205014
2 0.205204
3 0.205227
2 0.205245
2 0.205246
2 0.205247
2 0.205284
2 0.205305
2 0.205352
2 0.205400
2 0.205411
2 0.205505
3 0.206206
3 0.206206
3 0.206206
3 0.206231
3 0.206231
3 0.206266
4 0.206494
4 0.206499
4 0.206502
3 0.206551
6 0.206951
6 0.206958
6 0.207022
6 0.207033
6 0.207056
6 0.207056
6 0.207081
6 0.207081
6 0.207087
6 0.207087
6 0.207099
6 0.207099
6 0.207101
6 0.207101
6 0.207108
6 0.207108
6 0.207109
6 0.207114
6 0.207121
6 0.207121
6 0.207121
6 0.207124
6 0.207124
6 0.207152
6 0.207156
3 0.209013
3 0.209023
3 0.209023
3 0.209044
3 0.209044
3 0.209044
2 0.209180
2 0.209185
2 0.209231
2 0.209237
3 0.209247
3 0.209252
3 0.209264
3 0.209268
3 0.209273
3 0.209278
2 0.209283
2 0.209340
2 0.209382
2 0.209481
3 0.210110
3 0.210115
3 0.210119
4 0.210461
4 0.210492
2 0.211430
2 0.211530
2 0.211569
2 0.211642
2 0.211669
2 0.211742
2 0.211742
4 0.212265
4 0.212273
2 0.213809
2 0.213857
2 0.213860
3 0.214401
3 0.214550
3 0.214866
2 0.215538
2 0.215607
2 0.215694
3 0.216361
2 0.217453
2 0.217485
3 0.217764
3 0.218251
3 0.218262
3 0.218285
3 0.218753
2 0.218816
2 0.218906
2 0.218939
2 0.219029
2 0.219620
3 0.220322
3 0.221358
3 0.221899
3 0.222134
2 0.223918
2 0.223993
2 0.224000
2 0.224075
2 0.224169
2 0.224187
2 0.224282
2 0.226722
2 0.226851
2 0.226885
2 0.226959
2 0.227008
2 0.227038
2 0.227082
2 0.227088
5 0.227160
5 0.227796
5 0.227862
3 0.229069
3 0.229178
3 0.229178
3 0.229178
3 0.229209
3 0.229209
3 0.229233
3 0.229253
3 0.229758
3 0.229758
3 0.230808
2 0.232421
2 0.232540
2 0.232611
2 0.232764
2 0.232883
4 0.233673
4 0.233711
4 0.234791
4 0.234800
4 0.234800
2 0.240249
2 0.240313
4 0.240517
4 0.240583
4 0.240593
2 0.242736
2 0.242739
2 0.242745
2 0.243151
2 0.243423
2 0.243564
3 0.245799
1 0.247931
2 0.250988
2 0.251249
2 0.251282
4 0.252517
4 0.253074
2 0.253974
2 0.254118
2 0.254165
2 0.254271
2 0.254319
2 0.254415
2 0.254425
2 0.254446
2 0.254575
2 0.254592
2 0.254678
2 0.254722
2 0.254756
2 0.254806
2 0.254807
2 0.254808
2 0.257560
1 0.258367
4 0.259187
4 0.259203
2 0.259217
2 0.259261
2 0.259349
4 0.259560
4 0.259587
4 0.259608
2 0.260185
2 0.260221
2 0.260224
2 0.260282
2 0.260318
2 0.260319
2 0.260394
2 0.260452
2 0.260565
2 0.260641
3 0.261052
3 0.261060
3 0.261079
3 0.261519
3 0.261527
3 0.261741
2 0.262099
2 0.262134
2 0.262332
2 0.262367
2 0.264132
2 0.264137
2 0.264168
2 0.264219
3 0.264219
2 0.264232
2 0.264312
2 0.264407
2 0.264422
2 0.264566
2 0.267066
3 0.267103
3 0.267211
3 0.267213
3 0.267375
3 0.267378
3 0.267380
3 0.267456
3 0.268241
3 0.268472
3 0.268473
3 0.268963
3 0.268966
3 0.268967
3 0.269455
3 0.269455
3 0.269455
3 0.269633
3 0.269633
3 0.269805
3 0.269822
4 0.269852
3 0.269856
3 0.269893
4 0.269947
3 0.271681
3 0.272566
3 0.272611
3 0.272671
2 0.272811
3 0.272836
3 0.272898
2 0.272952
2 0.273002
2 0.273144
2 0.274209
2 0.274730
2 0.274809
2 0.274814
3 0.275264
2 0.276594
2 0.276693
2 0.276849
3 0.277539
3 0.279539
3 0.279728
3 0.279731
3 0.280030
3 0.280034
3 0.280036
3 0.280584
3 0.280593
3 0.280599
3 0.280706
3 0.280714
3 0.280890
2 0.283754
2 0.283844
3 0.284495
3 0.284495
3 0.284881
3 0.284881
3 0.284989
3 0.285114
3 0.285786
3 0.286455
3 0.287509
3 0.287529
3 0.287556
1 0.290308
1 0.290412
2 0.290548
1 0.290585
2 0.290657
2 0.290686
3 0.290759
2 0.290795
2 0.290968
2 0.290984
2 0.291158
4 0.293577
4 0.293592
4 0.293598
3 0.294340
3 0.294349
3 0.294356
3 0.294552
3 0.294561
3 0.294890
4 0.295419
4 0.295481
5 0.296126
2 0.296705
2 0.296752
2 0.296774
2 0.296849
2 0.296873
2 0.296896
2 0.296970
2 0.297046
3 0.298298
2 0.299349
5 0.302195
3 0.303977
2 0.307871
2 0.308060
2 0.308078
2 0.308204
2 0.308268
2 0.308325
2 0.308394
2 0.308394
2 0.308395
3 0.310068
3 0.310068
3 0.310068
3 0.310304
3 0.310304
3 0.310648
2 0.312176
2 0.312302
2 0.312506
2 0.312632
3 0.314685
3 0.315277
3 0.315599
3 0.316281
2 0.316638
2 0.316689
2 0.316885
3 0.317093
3 0.318353
2 0.318442
2 0.318862
3 0.325896
3 0.326048
3 0.326321
3 0.328978
3 0.328978
3 0.328978
3 0.329257
3 0.329257
3 0.329412
2 0.329896
2 0.329904
2 0.330015
2 0.330022
3 0.335875
3 0.335887
3 0.335896
2 0.336186
2 0.336202
2 0.336269
4 0.338619
4 0.338632
3 0.349924
3 0.350779
5 0.352767
2 0.358278
2 0.358599
2 0.358683
2 0.358868
2 0.358993
2 0.359067
2 0.359178
2 0.359190
3 0.360981
3 0.361008
3 0.361010
3 0.361065
3 0.361071
3 0.361073
3 0.365433
3 0.365701
3 0.365715
3 0.365726
3 0.366198
3 0.366212
3 0.370475
4 0.370897
4 0.370951
4 0.371121
4 0.371136
4 0.371138
3 0.379051
3 0.380720
3 0.380720
3 0.380720
3 0.380768
3 0.380768
3 0.380803
2 0.383281
2 0.383680
2 0.383779
3 0.384000
3 0.384560
2 0.387729
2 0.387751
2 0.387776
3 0.388492
3 0.388704
3 0.388725
3 0.389024
3 0.389057
3 0.389077
3 0.391602
3 0.391602
3 0.391602
3 0.391996
3 0.391996
2 0.392008
2 0.392180
3 0.392216
2 0.392319
4 0.393539
4 0.393600
2 0.401102
2 0.401841
2 0.402230
3 0.402730
3 0.405564
3 0.405721
3 0.406909
3 0.407006
3 0.407006
3 0.407141
3 0.407146
3 0.407146
2 0.407567
2 0.407700
3 0.412301
3 0.415368
3 0.415768
3 0.415791
3 0.416404
3 0.416442
3 0.416466
3 0.416741
3 0.416815
3 0.417426
3 0.418808
4 0.422025
4 0.422053
3 0.424851
3 0.425330
3 0.425650
3 0.425658
3 0.425661
3 0.425757
3 0.425765
3 0.425795
3 0.425909
3 0.426055
2 0.426820
2 0.426846
2 0.426846
3 0.428318
3 0.428318
3 0.428318
3 0.428343
3 0.428343
3 0.428384
3 0.429781
2 0.430755
2 0.430879
2 0.431053
2 0.431079
2 0.431401
2 0.431432
2 0.431848
2 0.431982
2 0.432287
2 0.432432
3 0.432678
2 0.432705
2 0.432738
1 0.437259
3 0.438071
3 0.438116
3 0.438180
3 0.438413
3 0.438477
3 0.438925
3 0.439175
3 0.440699
4 0.444159
4 0.444275
4 0.444299
3 0.444440
3 0.451662
3 0.451708
3 0.451806
1 0.462286
1 0.462864
2 0.463893
2 0.464022
2 0.464037
3 0.464872
3 0.465155
3 0.465232
3 0.465277
3 0.465335
4 0.465960
3 0.466036
3 0.466495
3 0.466717
3 0.467180
3 0.467180
3 0.467180
3 0.467253
3 0.467253
3 0.467305
3 0.467526
3 0.472550
3 0.472603
3 0.472677
3 0.473150
3 0.473224
1 0.473558
1 0.473624
1 0.473649
2 0.473679
4 0.473731
4 0.473758
4 0.473767
2 0.473929
1 0.473954
1 0.473978
3 0.474099
1 0.474389
2 0.474609
2 0.474861
1 0.476364
1 0.476386
1 0.476801
1 0.477136
1 0.477308
1 0.477723
4 0.478682
4 0.478721
4 0.478771
4 0.479024
4 0.479113
1 0.481427
1 0.481872
1 0.482814
2 0.486394
2 0.486843
1 0.493343
5 0.494526
5 0.494594
5 0.500797
1 0.501266
1 0.501343
1 0.501368
4 0.501802
1 0.501849
1 0.501919
1 0.501946
4 0.501980
1 0.502524
1 0.502632
2 0.503353
2 0.503735
1 0.504046
1 0.504153
2 0.504211
1 0.504289
1 0.504317
1 0.504319
3 0.505036
1 0.505358
1 0.505492
2 0.512150
2 0.512326
2 0.512664
2 0.512839
2 0.513437
2 0.513471
2 0.513869
2 0.514061
2 0.514492
2 0.514659
2 0.515252
3 0.515996
3 0.516084
3 0.516147
3 0.517725
2 0.524551
3 0.524612
3 0.525057
2 0.525099
2 0.525136
2 0.525502
3 0.525504
2 0.525755
2 0.525870
2 0.526052
2 0.526113
2 0.526122
1 0.527041
3 0.527399
1 0.529247
1 0.529841
1 0.530235
1 0.530384
1 0.530779
1 0.530831
2 0.533437
2 0.533627
3 0.533888
3 0.534296
3 0.534737
3 0.535030
3 0.535472
3 0.536142
2 0.536983
2 0.536994
2 0.537003
3 0.537769
1 0.538184
3 0.540946
3 0.540946
3 0.540946
3 0.540986
3 0.540986
3 0.541049
3 0.548316
1 0.553580
2 0.553689
2 0.553915
1 0.554229
1 0.554659
1 0.554881
1 0.555256
1 0.555312
1 0.560528
1 0.561637
1 0.561804
2 0.564212
2 0.564964
2 0.566404
1 0.567051
3 0.569750
3 0.575971
1 0.578232
1 0.578563
1 0.578646
1 0.578976
1 0.579334
1 0.579473
1 0.579571
1 0.579608
1 0.579663
1 0.580184
1 0.580221
4 0.580293
1 0.580681
1 0.580742
4 0.581359
1 0.581433
1 0.581512
1 0.581931
2 0.581992
1 0.582110
2 0.582459
3 0.582478
2 0.582479
1 0.582625
3 0.582804
2 0.582947
2 0.583670
2 0.583799
3 0.584231
3 0.584268
3 0.584294
2 0.584524
2 0.585768
3 0.585996
3 0.586488
3 0.587331
3 0.587373
1 0.587897
2 0.588118
3 0.588219
2 0.588767
2 0.589091
1 0.589115
2 0.589141
2 0.589322
1 0.589365
3 0.589570
3 0.589608
3 0.589691
3 0.589806
1 0.597097
1 0.598806
1 0.599264
1 0.599516
1 0.599566
1 0.599771
1 0.600278
1 0.600464
1 0.600533
1 0.600769
1 0.600884
1 0.601234
1 0.601390
1 0.601484
1 0.601488
1 0.601650
1 0.601812
1 0.602157
1 0.603023
1 0.603369
1 0.606377
1 0.606723
1 0.606833
1 0.607251
1 0.607588
1 0.608007
2 0.609698
2 0.610020
1 0.610172
2 0.610425
1 0.610935
1 0.611021
1 0.611484
1 0.611753
1 0.612250
3 0.614957
3 0.615098
3 0.615586
3 0.615682
3 0.615839
3 0.616171
3 0.616567
3 0.616926
3 0.620728
2 0.625891
2 0.626129
2 0.626153
1 0.629410
3 0.635253
1 0.639974
4 0.640627
4 0.640672
1 0.641532
1 0.641931
3 0.646208
2 0.651676
2 0.652444
2 0.652473
1 0.657054
2 0.657987
2 0.658470
1 0.658809
1 0.658943
1 0.659328
4 0.659335
4 0.659439
1 0.659706
1 0.659867
1 0.660423
1 0.660759
1 0.661318
1 0.665645
1 0.665736
1 0.666458
1 0.667369
1 0.667596
1 0.668148
1 0.668582
1 0.669064
1 0.671317
2 0.672518
2 0.672642
2 0.672893
2 0.672912
3 0.672934
3 0.673290
2 0.673293
2 0.673544
2 0.673586
2 0.674047
3 0.674401
2 0.674429
3 0.674625
2 0.675240
2 0.675702
3 0.676404
3 0.677526
3 0.677682
2 0.678181
2 0.678246
2 0.678578
3 0.678863
2 0.678908
2 0.679334
3 0.679523
2 0.679998
2 0.680257
2 0.681416
1 0.683000
3 0.685307
3 0.685557
3 0.685913
3 0.686458
3 0.687068
3 0.687243
3 0.687394
3 0.688127
3 0.688240
3 0.688300
3 0.688397
3 0.690001
3 0.690159
1 0.697220
1 0.702407
3 0.703919
2 0.704819
2 0.705503
1 0.705884
2 0.706563
1 0.706784
1 0.707305
1 0.707681
1 0.707843
1 0.708743
1 0.708978
1 0.709141
1 0.709520
1 0.710208
1 0.711089
1 0.711343
2 0.711444
2 0.711500
1 0.711514
1 0.711713
1 0.711715
2 0.711759
1 0.711895
1 0.712162
2 0.712172
2 0.712186
1 0.712416
2 0.712768
1 0.713408
2 0.713444
2 0.713607
1 0.714115
3 0.715970
1 0.720426
1 0.721800
2 0.723331
2 0.723841
2 0.723916
1 0.724332
4 0.725253
4 0.725379
1 0.734037
3 0.735591
1 0.736677
3 0.743516
3 0.743559
3 0.743559
3 0.743618
3 0.743618
3 0.743618
1 0.747537
1 0.747824
1 0.748551
3 0.748862
3 0.748862
3 0.748870
3 0.748878
3 0.748886
3 0.748902
2 0.751096
2 0.752156
2 0.752200
2 0.753264
3 0.757879
3 0.758024
3 0.758850
3 0.759436
3 0.759436
3 0.759740
1 0.761420
3 0.761455
3 0.761480
3 0.761501
3 0.761501
3 0.762809
1 0.763701
3 0.763707
1 0.766455
1 0.768731
1 0.769461
3 0.770955
4 0.772830
3 0.777390
3 0.778255
3 0.779815
1 0.783480
1 0.783926
1 0.784241
1 0.785040
1 0.785502
1 0.786304
1 0.789437
4 0.794881
4 0.794957
4 0.795033
2 0.797784
1 0.798416
2 0.798981
1 0.799010
1 0.801720
1 0.802078
3 0.802336
1 0.802346
1 0.802876
1 0.803039
2 0.803106
2 0.803994
2 0.804161
1 0.804755
2 0.805052
1 0.806084
2 0.806432
1 0.806458
2 0.806502
1 0.807265
2 0.807886
1 0.808023
1 0.808070
1 0.808601
1 0.815788
1 0.818493
3 0.819873
3 0.825754
3 0.825784
3 0.825794
3 0.827431
3 0.827460
3 0.829882
3 0.831933
3 0.832345
3 0.833528
1 0.833744
3 0.834389
3 0.835024
3 0.836016
3 0.836102
3 0.837026
3 0.837362
3 0.837734
4 0.838152
4 0.838426
3 0.839475
3 0.839634
3 0.839971
3 0.841123
5 0.842303
5 0.845044
5 0.845151
3 0.850266
3 0.858445
3 0.858445
3 0.858445
3 0.858467
3 0.858467
3 0.858498
3 0.865452
3 0.865463
3 0.865495
3 0.865531
3 0.865543
3 0.865591
2 0.868490
2 0.869909
1 0.872953
1 0.875547
1 0.887580
1 0.892108
3 0.893410
3 0.894503
1 0.897530
1 0.906392
1 0.906497
1 0.908077
1 0.909100
1 0.909733
1 0.911430
1 0.918535
2 0.923365
2 0.923935
2 0.924084
2 0.925355
2 0.926980
3 0.933357
3 0.936094
1 0.940110
1 0.940831
3 0.941172
3 0.941465
1 0.941565
1 0.941587
3 0.941677
1 0.943821
1 0.944128
1 0.944628
1 0.945287
1 0.945780
3 0.956815
3 0.957658
3 0.958281
3 0.959595
3 0.960044
1 0.960566
3 0.961967
1 0.962343
3 0.963024
1 0.963026
1 0.963256
3 0.965412
1 0.966109
3 0.969914
3 0.969920
3 0.970223
3 0.970376
3 0.970807
3 0.970910
3 0.971775
3 0.972042
3 0.972146
3 0.972229
3 0.973594
3 0.975926
1 0.981101
1 0.982682
1 0.982682
1 0.985296
1 0.985296
3 0.986210
2 0.986576
2 0.987117
2 0.987349
2 0.988170
2 0.988539
2 0.988711
2 0.989531
2 0.990354
1 0.994408
1 1.000630
1 1.005058
1 1.005189
1 1.006366
1 1.006545
1 1.006676
1 1.006763
1 1.008034
1 1.008055
1 1.008507
1 1.009619
1 1.009958
1 1.010223
1 1.010411
1 1.010822
1 1.011062
1 1.011545
1 1.011667
1 1.012092
1 1.012148
1 1.012665
3 1.012870
1 1.013543
2 1.014707
2 1.015828
1 1.017483
2 1.018201
1 1.018583
2 1.019330
1 1.020144
1 1.020563
1 1.021617
1 1.022037
1 1.022727
1 1.022861
4 1.023200
4 1.023360
2 1.024005
2 1.025913
2 1.025977
1 1.027670
1 1.027781
1 1.028701
3 1.029439
1 1.031312
1 1.031450
1 1.032912
1 1.033050
1 1.033141
2 1.034147
2 1.034223
2 1.036178
1 1.038498
1 1.040786
1 1.041646
1 1.045279
1 1.048389
1 1.049839
3 1.054406
1 1.054413
1 1.054470
3 1.054657
1 1.054852
3 1.055190
1 1.055350
1 1.055735
1 1.056224
1 1.058056
1 1.059641
1 1.063427
1 1.065748
1 1.067157
1 1.068601
1 1.068827
1 1.069417
1 1.071025
1 1.073247
1 1.075693
1 1.076223
1 1.079866
1 1.083067
1 1.105976
1 1.111017
3 1.121290
1 1.126382
1 1.133149
1 1.133338
1 1.133822
1 1.133920
1 1.135122
1 1.135644
1 1.135952
1 1.136946
1 1.137015
1 1.138078
1 1.138281
1 1.138451
1 1.138637
1 1.138652
1 1.138802
1 1.138806
1 1.138820
1 1.138930
1 1.139309
1 1.139831
1 1.140400
1 1.140721
1 1.141275
1 1.141626
1 1.141797
1 1.141816
1 1.141932
1 1.142554
1 1.142865
1 1.150135
1 1.150928
1 1.151542
1 1.153142
1 1.153963
1 1.154136
1 1.154151
1 1.154379
1 1.155025
1 1.155962
1 1.156265
1 1.156444
1 1.158799
1 1.160342
1 1.161765
1 1.162248
1 1.162535
1 1.163200
3 1.164330
3 1.164440
3 1.164440
3 1.164580
3 1.164580
3 1.164580
1 1.165117
1 1.165608
1 1.166204
1 1.166287
1 1.166510
1 1.167283
1 1.167734
1 1.173309
1 1.175144
1 1.175653
1 1.175799
1 1.175959
1 1.178077
3 1.179414
1 1.180431
1 1.181587
1 1.182227
1 1.182727
3 1.183372
1 1.185195
1 1.186626
3 1.187405
3 1.187405
1 1.188283
1 1.189616
1 1.189901
1 1.192040
1 1.192260
1 1.193370
3 1.194156
3 1.194156
1 1.194930
1 1.196040
1 1.196151
3 1.198447
1 1.198740
1 1.198841
3 1.199136
3 1.199459
1 1.200830
1 1.203470
1 1.203550
1 1.203652
1 1.204490
1 1.205200
1 1.206200
1 1.207610
1 1.207930
3 1.211721
1 1.212490
1 1.212810
3 1.219751
5 1.221214
1 1.238211
1 1.239700
1 1.239930
1 1.241130
1 1.251511
1 1.251984
3 1.254611
1 1.254837
1 1.255292
3 1.255900
2 1.256544
1 1.256556
1 1.257248
3 1.257939
1 1.258503
3 1.258737
2 1.259542
1 1.260494
1 1.261755
3 1.261779
3 1.263838
1 1.271200
1 1.271610
1 1.272430
1 1.273190
1 1.274580
1 1.274650
1 1.274820
1 1.276090
1 1.276240
1 1.277790
1 1.278407
1 1.279070
1 1.279280
1 1.281140
1 1.281479
1 1.281690
1 1.281764
1 1.282150
1 1.282270
1 1.284853
1 1.285220
1 1.285990
1 1.286640
1 1.286978
1 1.287573
1 1.287660
1 1.288340
1 1.288452
1 1.288840
1 1.289100
1 1.290381
1 1.290680
1 1.290691
1 1.291380
1 1.291960
1 1.295338
1 1.296960
1 1.297411
1 1.297550
4 1.298300
4 1.298710
1 1.300152
1 1.306404
1 1.307759
1 1.307992
1 1.309350
1 1.310101
1 1.316425
1 1.324584
1 1.325540
1 1.325980
1 1.327710
1 1.337036
1 1.341360
1 1.343358
1 1.344316
1 1.350596
1 1.352275
1 1.355241
1 1.356339
1 1.357521
1 1.358505
1 1.361305
1 1.363210
1 1.365490
1 1.365960
1 1.367790
1 1.369370
1 1.370153
1 1.370703
1 1.370909
1 1.371210
1 1.372702
1 1.372802
1 1.373817
1 1.374561
1 1.374769
1 1.376023
1 1.376880
1 1.376906
1 1.377266
1 1.377696
1 1.379770
1 1.381164
1 1.381588
1 1.382580
1 1.384408
1 1.385426
1 1.386080
1 1.387911
1 1.394367
2 1.394504
2 1.394642
2 1.395937
1 1.399729
1 1.411055
1 1.411638
1 1.413985
1 1.414248
1 1.415550
1 1.416150
1 1.416525
1 1.417324
1 1.417862
1 1.418434
1 1.419922
1 1.420281
1 1.422218
1 1.428994
1 1.430497
1 1.431072
4 1.433460
1 1.433507
1 1.433614
1 1.434346
1 1.434469
4 1.436160
1 1.437835
1 1.438271
1 1.438340
1 1.440357
1 1.440391
1 1.440719
1 1.441238
1 1.441743
1 1.442163
1 1.442405
1 1.443238
1 1.443296
1 1.443835
1 1.443898
1 1.444618
1 1.445271
1 1.445653
1 1.446736
1 1.447146
1 1.447574
1 1.447820
3 1.448010
1 1.450114
1 1.450229
1 1.452351
1 1.453209
1 1.453748
1 1.454308
1 1.454649
1 1.454842
1 1.455564
1 1.455767
1 1.460873
1 1.462656
1 1.463236
1 1.463353
1 1.464052
1 1.464101
1 1.466577
1 1.467634
1 1.470098
3 1.473190
3 1.473190
3 1.473190
3 1.473250
3 1.473250
3 1.473350
1 1.473351
1 1.473644
1 1.474233
1 1.477223
1 1.478365
1 1.478697
1 1.481078
1 1.481199
1 1.483270
1 1.483662
1 1.483926
1 1.484501
1 1.484775
1 1.484814
1 1.485584
1 1.486142
1 1.486434
1 1.497602
1 1.499988
4 1.500400
4 1.500650
1 1.502207
1 1.504053
1 1.505405
1 1.505604
1 1.507816
1 1.508817
1 1.512052
1 1.513698
3 1.523550
3 1.523740
3 1.523980
1 1.530714
1 1.533480
1 1.534178
1 1.535804
1 1.536859
1 1.538480
1 1.541176
1 1.551030
1 1.554442
1 1.555428
1 1.555701
1 1.556592
1 1.560126
1 1.560174
1 1.560659
1 1.564259
1 1.564624
1 1.565605
1 1.566021
1 1.568734
1 1.573173
1 1.578886
1 1.578923
1 1.585691
2 1.587302
2 1.591916
2 1.592091
1 1.600927
1 1.602580
1 1.602608
3 1.622560
1 1.633840
1 1.642030
1 1.642382
1 1.646961
1 1.647314
1 1.647544
1 1.650062
1 1.650972
1 1.656415
1 1.661174
1 1.685968
1 1.686751
1 1.689286
1 1.689317
1 1.689501
5 1.694770
5 1.695000
5 1.695430
1 1.695875
1 1.696989
1 1.698280
1 1.698312
1 1.699276
1 1.701230
5 1.703000
1 1.703528
1 1.704801
1 1.704940
1 1.704984
1 1.705333
5 1.706340
5 1.706580
1 1.708321
1 1.709092
1 1.709160
1 1.709472
1 1.709720
1 1.713112
1 1.713144
1 1.717950
1 1.719889
1 1.719933
1 1.723241
1 1.723918
1 1.724765
1 1.724810
1 1.727966
1 1.730670
1 1.732601
1 1.732634
1 1.732820
1 1.732889
1 1.734212
1 1.734329
1 1.735114
1 1.741277
1 1.741310
1 1.741963
1 1.743084
1 1.743220
1 1.743290
1 1.745336
1 1.745576
1 1.745609
1 1.746076
1 1.746972
1 1.748041
1 1.748074
1 1.748279
1 1.748802
1 1.748817
1 1.751050
1 1.751102
1 1.752071
1 1.752612
1 1.752658
1 1.752717
1 1.753079
1 1.753113
1 1.755002
1 1.755581
1 1.755615
1 1.755880
1 1.755926
1 1.759705
1 1.761001
1 1.761671
1 1.761723
1 1.762388
1 1.762698
1 1.763018
1 1.763759
1 1.764229
1 1.764300
1 1.767687
1 1.768947
1 1.773204
1 1.775701
1 1.777376
1 1.777939
1 1.778176
1 1.778620
1 1.779110
1 1.779460
1 1.779820
1 1.780450
1 1.781840
1 1.781860
1 1.781890
1 1.783130
1 1.783190
1 1.783530
2 1.783850
1 1.784190
1 1.785240
1 1.785270
2 1.785760
1 1.785830
2 1.785980
1 1.786190
1 1.786820
1 1.789440
1 1.789520
1 1.789840
1 1.792110
1 1.792280
1 1.792330
1 1.792610
1 1.795870
1 1.796420
1 1.796690
1 1.797110
1 1.797530
1 1.798160
1 1.800250
1 1.802090
1 1.802680
1 1.803100
1 1.803550
1 1.803970
1 1.805240
1 1.805910
1 1.806640
1 1.806680
1 1.806730
1 1.808200
1 1.808790
1 1.809220
1 1.809500
1 1.809660
1 1.812780
1 1.814477
1 1.815950
1 1.816200
1 1.820650
1 1.822610
1 1.823560
1 1.823610
1 1.823810
1 1.832570
1 1.832640
1 1.845650
1 1.846400
1 1.846910
1 1.851280
1 1.852970
1 1.853030
3 1.853470
3 1.853610
3 1.853660
1 1.855240
1 1.855280
3 1.862480
3 1.862530
3 1.867500
1 1.871650
3 1.873000
1 1.883630
1 1.884400
1 1.884960
1 1.885000
3 1.885060
3 1.886780
2 1.890180
3 1.891290
2 1.892570
3 1.893000
1 1.893180
3 1.893810
3 1.895530
1 1.897770
1 1.899490
4 1.901500
4 1.902080
1 1.913290
1 1.916840
1 1.919950
1 1.924040
1 1.925410
1 1.927350
1 1.930150
1 1.932190
1 1.936970
1 1.965130
1 1.970500
1 1.972739
1 1.974870
1 1.978710
1 1.979610
1 1.981410
1 1.982010
1 1.982620
1 1.982760
1 1.985090
1 1.985400
1 1.986870
1 1.989810
1 1.991780
1 1.992610
1 1.997660
1 2.000780
1 2.001530
1 2.004960
1 2.005100
1 2.010400
1 2.011780
1 2.013640
1 2.017700
1 2.019070
1 2.022100
4 2.070500
4 2.079600
4 2.084200
1 2.099630
1 2.102890
3 2.108060
1 2.112820
1 2.116160
1 2.116210
2 2.117500
2 2.117700
1 2.117920
1 2.119710
1 2.119760
1 2.121730
3 2.122300
2 2.126400
2 2.126500
1 2.126510
1 2.126570
1 2.130100
1 2.131700
1 2.133220
1 2.137030
1 2.137600
1 2.139150
1 2.141500
1 2.152040
2 2.165290
1 2.169710
1 2.169760
1 2.173450
2 2.174130
1 2.191220
1 2.216230
1 2.216650
1 2.217290
1 2.264800
1 2.278720
1 2.284100
1 2.285950
1 2.287190
1 2.291280
1 2.293500
1 2.296620
1 2.299170
1 2.299570
1 2.301700
1 2.304290
1 2.305610
1 2.306930
1 2.316110
1 2.318600
3 2.323440
1 2.324590
3 2.324730
3 2.326520
1 2.326810
1 2.332640
1 2.338690
1 2.340890
2 2.342570
1 2.348550
1 2.350770
2 2.353010
2 2.353350
1 2.354490
1 2.358660
2 2.363890
1 2.365060
1 2.401050
1 2.414970
1 2.418400
1 2.441930
1 2.445010
1 2.445470
1 2.449700
1 2.453260
1 2.456350
1 2.472930
1 2.479720
1 2.504430
1 2.506950
1 2.512600
1 2.515140
1 2.518390
1 2.526390
1 2.556610
1 2.563140
3 2.565400
1 2.569890
1 2.570450
1 2.571310
1 2.584050
1 2.584920
1 2.687710
1 2.737440
3 2.740660
3 2.754650
3 2.758290
3 2.764680
3 2.766400
3 2.770080
1 2.800560
1 2.813510
1 2.814330
4 2.861700
2 2.865620
4 2.867500
1 2.876620
2 2.881260
1 2.882430
1 2.897260
1 2.915870
1 2.928050
3 2.940910
1 2.995170
1 2.999780
1 3.011510
1 3.016760
1 3.017080
1 3.022160
1 3.028620
1 3.036670
1 3.046000
1 3.053220
1 3.053310
1 3.057330
1 3.059520
1 3.062750
1 3.063370
1 3.070050
1 3.070090
1 3.072320
1 3.077260
1 3.085470
1 3.086260
1 3.095130
1 3.097710
1 3.098610
1 3.104840
1 3.107460
1 3.116220
1 3.116460
1 3.120910
1 3.121400
1 3.129010
1 3.130610
1 3.135230
1 3.138620
1 3.140170
1 3.146960
1 3.147420
1 3.160380
1 3.169780
1 3.171150
1 3.178480
1 3.179330
1 3.188750
1 3.197570
1 3.198270
1 3.203640
1 3.207100
1 3.208600
1 3.212520
1 3.223010
1 3.231230
1 3.250930
1 3.272710
1 3.278150
1 3.281310
1 3.291080
1 3.292050
1 3.292930
1 3.293420
1 3.297860
1 3.304980
1 3.312510
1 3.313310
1 3.313980
1 3.315440
1 3.317610
1 3.321090
1 3.322140
1 3.323880
1 3.329220
1 3.329480
1 3.333280
1 3.333310
1 3.335480
1 3.336540
1 3.344740
1 3.346400
1 3.347810
1 3.349550
1 3.353570
1 3.366180
1 3.367120
1 3.372820
1 3.373860
1 3.376930
1 3.378390
1 3.381180
1 3.381870
1 3.382460
1 3.388520
1 3.394290
1 3.407420
1 3.409560
1 3.416330
1 3.416880
1 3.433150
1 3.441200
1 3.449270
1 3.468570
1 3.471370
1 3.493630
1 3.505010
1 3.509560
1 3.521040
1 3.527410
1 3.556770
1 3.564960
1 3.577230
1 3.583810
1 3.600570
1 3.607140
1 3.607370
1 3.616960
1 3.624360
1 3.674930
1 3.683090
1 3.683110
1 3.694960
1 3.708720
1 3.720020
1 3.722290
1 3.722990
1 3.725050
3 3.725990
1 3.734790
1 3.751260
1 3.769060
1 3.777320
1 3.784500
1 3.794290
1 3.795020
1 3.795900
1 3.818110
1 3.841070
1 3.842900
1 3.854320
1 3.867330
1 3.868970
1 3.870810
1 3.896660
1 3.919190
1 3.947390
1 3.957290
1 3.973990
1 3.980380
1 3.985460
1 3.987590
1 3.992270
1 4.009030
1 4.009480
1 4.010200
1 4.017650
1 4.027350
1 4.038540
1 4.040600
1 4.056330
1 4.063410
1 4.066790
1 4.068560
1 4.079950
1 4.086550
1 4.088120
1 4.094620
1 4.096010
1 4.120910
1 4.129450
1 4.136900
1 4.141990
1 4.152100
1 4.160770
1 4.212730
1 4.230510
1 4.262030
1 4.285760
1 4.402090
1 4.406530
1 4.420160
1 4.499300
3 4.542050
3 4.559550
3 4.561750
3 4.563400
1 4.592130
1 4.643320
1 4.744910
1 4.809910
1 4.834910
1 4.875100
1 4.877240
1 4.918500
1 4.937760
4 4.938300
1 4.947430
4 4.960600
1 4.963000
4 4.970400
1 4.982610
1 4.993510
4 5.012800
1 5.019500
1 5.021420
4 5.022600
1 5.043830
1 5.056630
1 5.257100
1 5.363710
5 5.439800
3 5.442470
1 5.459770
3 5.530090
1 5.573580
1 5.598320
1 5.612080
1 5.616590
1 5.787600
3 5.830300
3 6.030400
3 6.036700
3 6.038200
3 6.041100
3 6.041700
3 6.043200
1 6.151600
3 6.160500
3 6.183100
1 6.277300
1 6.375800
1 6.562700
3 6.620500
1 6.663600
1 6.709500
1 6.745400
1 6.795000
1 6.831900
1 6.852400
1 6.885300
1 7.228000
1 7.305600
1 7.311800
1 7.323000
1 7.381100
1 7.386000
1 7.402600
1 7.410300
3 7.910300
3 7.913000
3 7.914000
3 7.933800
3 7.934700
3 7.949800
4 8.033400
4 8.048900
3 8.060700
1 8.066500
1 8.080300
1 8.171900
3 8.276400
1 8.312800
1 8.409700
1 8.417900
1 8.428900
1 8.719200
3 8.772900
3 8.797800
1 8.801700
3 8.833000
3 8.843700
1 8.847800
3 8.909800
1 8.966900
1 8.990500
1 9.078300
1 9.086400
3 9.110100
1 9.113600
3 9.159400
1 9.195000
1 9.209400
3 9.317900
1 9.320900
1 9.365700
1 9.492000
4 9.686200
4 9.737100
4 9.753200
2 10.316000
2 10.528300
1 11.339500
2 11.701400
2 11.711100
2 11.711100
1 11.802800
1 11.986500
1 12.015800
4 12.070000
4 12.093400
1 12.204300
1 12.206300
1 12.283200
5 13.644426
2 16.011299
2 16.029499
2 16.507401
4 16.798300
4 16.874800
3 16.881300
4 16.909000
3 17.157400
4 17.271200
4 17.304001
3 17.332800
3 17.608101
3 17.872101
3 18.062599
3 23.423000
3 25.705601
5 26.690001
3 48.283501
3 51.864498
3 59.837002
3 124.920998
3 131.044006
2 157.679001
2 157.679001
3 177.430801
3 177.430801
3 183.850006
3 210.029999
3 210.029999
1 230.410004
3 348.429993
1 359.970001
1 370.369995
1 370.369995
3 422.109985
1 471.029999
1 474.829987
1 609.700012
End Spectral Lines:
