Symbol: N
Atomic Number: 7
Atomic Mass: 14.006700
Start Spectral Index: 7
1 1121
2 745
3 1378
4 536
5 411
6 90
7 137
End Spectral Index:
Order of Magnitude: 0.000001
Start Spectral Lines:
7 0.001912
7 0.001912
7 0.001936
7 0.001936
7 0.001983
7 0.001983
7 0.002091
7 0.002091
6 0.002302
6 0.002328
6 0.002377
6 0.002383
7 0.002478
7 0.002478
6 0.002490
6 0.002491
6 0.002505
6 0.002879
6 0.002908
6 0.002953
7 0.008362
7 0.008362
7 0.008362
7 0.008362
7 0.008368
7 0.008368
7 0.008368
7 0.008848
7 0.008848
7 0.008848
7 0.008849
7 0.008855
7 0.008855
7 0.008855
7 0.009909
7 0.009909
7 0.009910
7 0.009910
7 0.009917
7 0.009917
7 0.009918
6 0.010488
6 0.010715
6 0.011062
6 0.011671
6 0.011679
6 0.011679
6 0.011679
6 0.011683
6 0.011683
6 0.011683
6 0.011739
6 0.011739
6 0.011743
6 0.012182
6 0.012207
6 0.013029
6 0.013029
6 0.013029
6 0.013029
6 0.013034
6 0.013034
6 0.013034
5 0.013125
5 0.013125
6 0.013184
6 0.013184
6 0.013189
5 0.013238
5 0.013238
7 0.013373
7 0.013374
7 0.013378
7 0.013379
7 0.013387
7 0.013389
7 0.013393
5 0.013399
5 0.013399
5 0.013642
5 0.013643
6 0.013660
6 0.013722
5 0.014036
5 0.014036
5 0.014672
5 0.014677
5 0.014677
5 0.014686
5 0.014692
5 0.014742
5 0.014743
5 0.014812
5 0.014817
5 0.014817
5 0.014832
5 0.014838
5 0.015011
5 0.015017
5 0.015017
5 0.015042
5 0.015048
5 0.015313
5 0.015319
5 0.015319
5 0.015362
5 0.015368
5 0.015802
5 0.015809
5 0.015809
5 0.015886
5 0.015893
4 0.016120
4 0.016122
4 0.016122
4 0.016122
4 0.016126
4 0.016126
4 0.016232
4 0.016234
4 0.016234
4 0.016234
4 0.016237
4 0.016237
5 0.016256
5 0.016256
4 0.016392
4 0.016393
4 0.016393
4 0.016393
4 0.016397
4 0.016397
4 0.016479
4 0.016594
4 0.016632
4 0.016634
4 0.016634
4 0.016634
4 0.016638
4 0.016638
5 0.016687
5 0.016695
5 0.016695
4 0.016707
4 0.016771
5 0.016851
5 0.016859
4 0.017007
4 0.017019
4 0.017021
4 0.017021
4 0.017021
4 0.017025
4 0.017025
4 0.017217
6 0.017328
6 0.017387
6 0.017387
6 0.017387
6 0.017396
6 0.017396
6 0.017396
6 0.017407
4 0.017460
6 0.018065
6 0.018065
6 0.018075
4 0.018175
4 0.018315
6 0.018519
4 0.018523
4 0.018526
4 0.018526
4 0.018531
4 0.018531
4 0.018531
4 0.018555
4 0.018557
4 0.018562
5 0.018607
5 0.018615
5 0.018615
4 0.018622
4 0.018669
4 0.018671
4 0.018671
4 0.018676
4 0.018676
4 0.018676
4 0.018712
4 0.018714
4 0.018719
6 0.018790
4 0.018858
4 0.018861
4 0.018866
4 0.018874
4 0.018877
4 0.018877
4 0.018882
4 0.018882
4 0.018882
4 0.018936
4 0.018939
4 0.018944
5 0.019016
5 0.019025
4 0.019123
4 0.019165
4 0.019165
4 0.019167
4 0.019170
4 0.019173
4 0.019175
4 0.019188
4 0.019190
4 0.019190
4 0.019195
4 0.019195
4 0.019195
4 0.019282
4 0.019285
4 0.019286
4 0.019286
4 0.019289
4 0.019290
4 0.019294
4 0.019314
4 0.019316
4 0.019321
4 0.019518
4 0.019521
4 0.019521
4 0.019526
4 0.019526
4 0.019526
4 0.019679
4 0.019682
4 0.019682
4 0.019687
4 0.019687
4 0.019687
4 0.019692
4 0.019694
4 0.019700
4 0.019723
4 0.019874
4 0.019876
4 0.019882
4 0.019908
4 0.019911
4 0.019911
4 0.019916
4 0.019916
4 0.020034
4 0.020251
4 0.020254
4 0.020254
4 0.020260
4 0.020260
4 0.020260
4 0.020594
4 0.020597
4 0.020597
4 0.020603
4 0.020603
4 0.020603
4 0.020811
4 0.020813
4 0.020814
4 0.020815
4 0.020818
4 0.020820
5 0.020927
5 0.020931
4 0.020938
4 0.020941
4 0.020947
4 0.020984
4 0.021140
4 0.021168
4 0.021429
4 0.021484
4 0.021575
4 0.021721
4 0.021790
4 0.021804
4 0.021807
4 0.021808
4 0.021809
4 0.021813
4 0.021814
4 0.021825
4 0.022012
4 0.022028
7 0.022299
7 0.022300
7 0.022301
7 0.022302
7 0.022312
7 0.022312
7 0.022312
7 0.022312
7 0.022314
7 0.022314
7 0.022316
7 0.022316
7 0.022317
4 0.022340
4 0.022463
4 0.022511
4 0.022514
4 0.022514
4 0.022521
4 0.022521
4 0.022521
4 0.022703
4 0.023211
4 0.023214
4 0.023222
4 0.023412
4 0.023414
4 0.023417
4 0.023420
4 0.023420
4 0.023425
4 0.023607
4 0.023787
4 0.023790
4 0.023799
3 0.023799
3 0.023804
3 0.023809
3 0.023813
4 0.023866
4 0.023868
4 0.023870
4 0.023873
4 0.023877
4 0.023880
4 0.023915
4 0.023917
4 0.023919
4 0.023921
4 0.023924
4 0.023926
4 0.023962
4 0.023962
4 0.023964
4 0.023968
4 0.023970
4 0.023976
4 0.024036
4 0.024411
4 0.024631
4 0.024720
5 0.024756
5 0.024771
5 0.024772
3 0.024832
3 0.024837
4 0.024838
3 0.024843
4 0.024844
4 0.024846
3 0.024848
4 0.024848
4 0.024854
4 0.024856
4 0.024865
4 0.025012
4 0.025057
4 0.025514
3 0.025795
4 0.025832
3 0.025850
6 0.025859
3 0.025919
4 0.025982
3 0.026009
4 0.026045
4 0.026052
3 0.026128
7 0.026129
7 0.026130
7 0.026133
7 0.026134
7 0.026146
7 0.026146
7 0.026147
7 0.026147
7 0.026151
7 0.026151
7 0.026151
7 0.026152
7 0.026153
3 0.026291
6 0.026389
3 0.026482
3 0.026485
3 0.026494
3 0.026497
3 0.026513
3 0.026513
3 0.026517
3 0.026517
3 0.026517
3 0.026517
3 0.026517
3 0.026521
3 0.026521
3 0.026521
3 0.026523
3 0.026523
3 0.026527
3 0.026527
3 0.026527
5 0.026620
5 0.026638
3 0.026681
3 0.026685
3 0.026693
3 0.026697
3 0.026821
3 0.026826
3 0.026831
3 0.026860
3 0.026860
3 0.026864
3 0.026864
3 0.026864
3 0.026865
3 0.026865
3 0.026870
3 0.026870
3 0.026870
3 0.026870
3 0.026870
3 0.026876
3 0.026876
3 0.026876
4 0.027099
3 0.027252
3 0.027265
3 0.027265
6 0.027282
4 0.027314
3 0.027421
3 0.027423
3 0.027426
3 0.027427
3 0.027427
3 0.027428
3 0.027431
3 0.027431
3 0.027431
3 0.027431
3 0.027434
3 0.027437
3 0.027437
3 0.027437
3 0.027437
4 0.027535
3 0.027582
3 0.027582
3 0.027583
3 0.027585
3 0.027587
3 0.027588
3 0.027590
3 0.027593
3 0.027619
3 0.027633
3 0.027633
4 0.027674
6 0.027873
3 0.028206
3 0.028220
3 0.028220
4 0.028342
4 0.028347
4 0.028347
4 0.028357
4 0.028358
4 0.028358
4 0.028360
3 0.028385
3 0.028388
3 0.028390
3 0.028393
3 0.028397
3 0.028400
3 0.028404
4 0.028556
3 0.028586
3 0.028600
4 0.028948
3 0.029086
3 0.029091
3 0.029093
3 0.029096
3 0.029097
3 0.029102
3 0.029103
3 0.029244
3 0.029259
3 0.029259
4 0.029642
6 0.029648
4 0.029760
4 0.029763
4 0.029766
4 0.029770
4 0.029777
4 0.029782
3 0.029966
3 0.029982
4 0.030032
4 0.030301
4 0.030305
4 0.030308
4 0.030312
4 0.030316
4 0.030320
4 0.030328
6 0.030347
3 0.030382
3 0.030385
3 0.030388
3 0.030391
3 0.030396
3 0.030398
3 0.030404
4 0.030473
4 0.030479
4 0.030480
4 0.030481
4 0.030492
4 0.030493
3 0.030576
3 0.030592
3 0.031155
3 0.031163
3 0.031172
4 0.031432
3 0.031471
3 0.031485
3 0.031488
4 0.031506
4 0.031760
3 0.031781
3 0.031781
3 0.031781
3 0.031782
3 0.032108
3 0.032114
3 0.032116
3 0.032120
3 0.032120
3 0.032127
3 0.032129
4 0.032250
4 0.032257
4 0.032272
4 0.032318
3 0.032326
3 0.032343
3 0.032349
3 0.032361
3 0.032367
5 0.032702
5 0.032702
3 0.033213
3 0.033233
5 0.033413
5 0.033413
4 0.033505
3 0.033834
3 0.033835
3 0.033835
3 0.033836
3 0.033881
3 0.033894
3 0.034020
5 0.034461
5 0.034461
6 0.034472
4 0.034491
4 0.034502
4 0.034506
4 0.034511
4 0.034520
4 0.034526
5 0.035176
5 0.035183
5 0.035186
4 0.035193
3 0.035198
3 0.035198
3 0.035199
3 0.035199
5 0.035259
5 0.035268
4 0.035306
6 0.035421
3 0.035828
3 0.035833
3 0.035836
3 0.035840
3 0.035847
3 0.035851
3 0.035858
6 0.035935
5 0.035992
5 0.035998
5 0.036001
5 0.036034
5 0.036034
5 0.036037
5 0.036113
5 0.036116
5 0.036117
5 0.036123
6 0.036149
3 0.036282
3 0.036284
3 0.036288
3 0.036290
3 0.036292
3 0.036294
3 0.036298
3 0.036301
4 0.036811
5 0.036899
5 0.036899
5 0.036902
3 0.037064
3 0.037079
3 0.037079
5 0.037191
5 0.037201
5 0.037202
5 0.037385
5 0.037395
3 0.037420
3 0.037443
3 0.037444
5 0.038182
5 0.038182
5 0.038185
7 0.038212
7 0.038214
7 0.038227
7 0.038230
7 0.038244
7 0.038244
7 0.038250
7 0.038250
7 0.038254
7 0.038257
7 0.038262
7 0.038265
7 0.038266
3 0.038271
3 0.038271
3 0.038272
4 0.038736
3 0.038748
5 0.039010
5 0.039011
5 0.039101
5 0.039112
5 0.039112
3 0.039381
3 0.039381
3 0.039382
5 0.039423
5 0.039435
3 0.039888
3 0.039904
3 0.039906
5 0.040225
5 0.040225
5 0.040228
3 0.041368
3 0.041379
3 0.041380
3 0.041871
3 0.041890
3 0.041891
4 0.042077
5 0.042460
5 0.042474
5 0.042474
3 0.042818
3 0.042820
3 0.042824
3 0.042825
5 0.043071
5 0.043085
3 0.043391
4 0.043393
4 0.043400
3 0.043402
3 0.043407
4 0.043407
4 0.043410
3 0.043413
3 0.043414
4 0.043423
3 0.043425
3 0.043428
4 0.043430
2 0.043727
2 0.043729
2 0.043733
2 0.043736
2 0.043744
2 0.043752
5 0.043846
5 0.043848
5 0.043851
3 0.044956
3 0.044957
5 0.045006
5 0.045010
3 0.045187
3 0.045223
3 0.045607
3 0.045607
3 0.045609
4 0.046022
4 0.046027
4 0.046039
3 0.046061
3 0.046064
3 0.046079
4 0.046374
3 0.046743
3 0.046765
3 0.046779
3 0.047224
3 0.047240
2 0.047449
2 0.047455
2 0.047460
2 0.047471
2 0.047479
2 0.047489
2 0.047565
2 0.047570
2 0.047576
2 0.047580
2 0.047588
2 0.047594
4 0.047691
2 0.048585
2 0.048738
5 0.049518
5 0.049536
5 0.049537
4 0.049770
6 0.049798
4 0.049811
4 0.049832
3 0.050092
3 0.050096
3 0.050116
2 0.050599
2 0.050605
2 0.050615
3 0.050791
3 0.050809
3 0.050819
3 0.050837
2 0.050848
2 0.050867
2 0.050870
2 0.050879
2 0.050893
2 0.050901
3 0.050958
3 0.050960
3 0.050989
5 0.050989
5 0.051009
2 0.051076
2 0.051385
5 0.051570
5 0.051574
5 0.051576
6 0.051803
4 0.051860
4 0.052093
4 0.052184
6 0.052579
2 0.052598
3 0.052694
3 0.052695
3 0.052714
3 0.052715
4 0.052726
6 0.052787
2 0.052853
2 0.052935
2 0.052941
4 0.052943
2 0.052949
2 0.052964
2 0.052972
2 0.052987
3 0.053004
3 0.053027
2 0.053034
3 0.053035
3 0.053046
3 0.053057
3 0.053063
3 0.053073
3 0.053086
2 0.053351
2 0.053358
2 0.053365
2 0.053373
2 0.053381
2 0.053388
2 0.053464
6 0.053510
7 0.053518
7 0.053520
7 0.053527
7 0.053529
7 0.053547
7 0.053550
7 0.053550
7 0.053555
7 0.053557
7 0.053558
7 0.053559
7 0.053560
7 0.053560
7 0.053560
7 0.053561
7 0.053562
4 0.053608
2 0.053630
2 0.053636
2 0.053654
6 0.053726
4 0.054241
3 0.054377
3 0.054384
3 0.054388
2 0.054782
3 0.055337
3 0.055345
4 0.055414
4 0.055513
2 0.055976
4 0.056904
4 0.056945
2 0.057207
3 0.057294
3 0.057299
3 0.057310
2 0.057465
2 0.057623
3 0.057730
3 0.057731
3 0.057749
3 0.057751
3 0.057776
3 0.058038
3 0.058039
3 0.058065
3 0.058067
2 0.058080
2 0.058090
2 0.058216
3 0.058231
3 0.058236
3 0.058256
4 0.058360
2 0.058392
2 0.058413
6 0.058817
4 0.059118
4 0.059489
4 0.059540
2 0.059964
2 0.059982
6 0.059984
4 0.060006
2 0.060011
3 0.060147
3 0.060188
3 0.060299
3 0.060308
3 0.060339
3 0.060348
2 0.060544
2 0.061012
4 0.061966
5 0.062874
5 0.062887
2 0.062917
2 0.062945
2 0.062967
2 0.063520
2 0.064012
5 0.064280
5 0.064281
2 0.064463
2 0.064484
2 0.064518
2 0.064621
1 0.064750
2 0.066029
3 0.066055
3 0.066103
3 0.066105
3 0.066153
4 0.066765
2 0.067030
2 0.067052
5 0.067085
5 0.067086
2 0.067088
2 0.067102
2 0.067139
2 0.067141
2 0.067163
2 0.067177
2 0.067200
3 0.067932
3 0.067933
3 0.067947
3 0.067949
5 0.068070
5 0.068075
5 0.068085
5 0.068380
5 0.068395
3 0.068500
3 0.068539
3 0.068551
3 0.068567
3 0.068574
3 0.068582
3 0.068605
3 0.068612
3 0.068634
3 0.069119
3 0.069123
3 0.069140
1 0.069270
2 0.069377
2 0.069417
5 0.069439
5 0.069441
5 0.069444
5 0.069444
5 0.069448
5 0.069450
4 0.070319
6 0.071038
5 0.071191
5 0.071195
5 0.071208
5 0.071352
5 0.071386
5 0.071391
5 0.071448
5 0.071450
2 0.071525
5 0.071666
5 0.071683
4 0.072024
4 0.072033
4 0.072051
5 0.072688
5 0.072691
5 0.072701
5 0.072728
5 0.072730
5 0.072733
6 0.072748
4 0.074457
4 0.074474
4 0.074502
2 0.074584
2 0.074698
2 0.074761
5 0.074819
5 0.074829
5 0.074832
2 0.074837
3 0.075789
3 0.075808
3 0.075809
3 0.075818
3 0.075829
3 0.075849
5 0.076041
5 0.076060
5 0.076060
3 0.076334
3 0.076435
5 0.076470
5 0.076483
5 0.076490
4 0.076515
5 0.076855
5 0.076875
4 0.077068
3 0.077154
3 0.077190
3 0.077238
3 0.077289
3 0.077293
3 0.077295
3 0.077298
3 0.077312
3 0.077315
3 0.077318
3 0.077321
3 0.077436
3 0.077457
3 0.077471
3 0.077492
2 0.077597
5 0.077766
5 0.077767
5 0.077769
5 0.077771
5 0.077817
5 0.077886
5 0.077888
5 0.077891
5 0.078951
5 0.078955
4 0.079104
4 0.079109
4 0.079117
3 0.080228
3 0.080228
3 0.080251
3 0.080251
3 0.080251
3 0.080290
3 0.080290
3 0.080290
3 0.080353
3 0.080353
3 0.081283
3 0.081331
3 0.081358
3 0.081406
2 0.081674
4 0.082187
3 0.082206
3 0.082223
4 0.082230
4 0.082230
3 0.082233
3 0.082250
4 0.082327
4 0.082327
3 0.082331
3 0.082380
3 0.082457
3 0.082482
3 0.082482
7 0.082563
7 0.082567
7 0.082599
7 0.082605
7 0.082625
7 0.082625
7 0.082638
7 0.082638
7 0.082644
7 0.082644
7 0.082650
7 0.082650
7 0.082652
7 0.082656
7 0.082663
7 0.082663
7 0.082663
7 0.082674
7 0.082676
3 0.083452
3 0.083452
3 0.083476
3 0.083476
3 0.083476
3 0.083503
3 0.083503
3 0.083519
3 0.083519
3 0.083527
3 0.083527
3 0.083527
3 0.083571
3 0.083571
3 0.083571
3 0.083586
2 0.083619
2 0.083628
2 0.083629
3 0.083638
3 0.083638
2 0.083662
2 0.083663
2 0.083684
3 0.083802
3 0.083827
5 0.084478
5 0.084500
5 0.084501
4 0.084621
3 0.084751
3 0.084762
3 0.084815
3 0.084825
3 0.084827
3 0.084827
3 0.084831
3 0.084831
3 0.085424
3 0.085424
3 0.085455
3 0.085455
3 0.085455
3 0.085464
3 0.085464
3 0.085496
3 0.085496
3 0.085496
3 0.085498
3 0.085498
3 0.085539
3 0.085539
3 0.085539
3 0.085573
3 0.085579
2 0.085838
3 0.085910
3 0.085918
3 0.085936
3 0.085937
3 0.085937
3 0.085944
3 0.085962
5 0.085996
5 0.086020
2 0.086020
1 0.086523
1 0.086584
5 0.086612
5 0.086613
5 0.086615
1 0.086618
5 0.086886
5 0.086891
5 0.086893
1 0.086940
1 0.087003
1 0.087037
3 0.087180
3 0.087186
3 0.087191
3 0.087204
3 0.087214
3 0.087215
1 0.087528
1 0.087566
1 0.087572
1 0.087607
1 0.087665
1 0.087699
3 0.088119
3 0.088147
3 0.088386
3 0.088415
3 0.088463
3 0.088467
3 0.088476
3 0.088515
3 0.088554
1 0.088567
1 0.088597
1 0.088623
1 0.088633
3 0.088706
3 0.088739
1 0.088746
3 0.088786
1 0.088802
1 0.088837
3 0.089132
3 0.089132
3 0.089166
3 0.089166
3 0.089166
3 0.089176
3 0.089176
3 0.089191
3 0.089191
3 0.089204
3 0.089204
3 0.089204
3 0.089213
3 0.089213
3 0.089225
3 0.089225
3 0.089225
3 0.089253
3 0.089253
3 0.089253
3 0.089272
3 0.089272
3 0.089272
3 0.089330
3 0.089330
2 0.089857
2 0.089859
4 0.090052
2 0.090072
2 0.090083
2 0.090084
2 0.090140
2 0.090141
2 0.090163
2 0.090396
2 0.090407
2 0.090475
2 0.090485
2 0.090487
2 0.090527
2 0.090529
1 0.090621
1 0.090643
1 0.090662
4 0.090806
3 0.090811
3 0.090819
3 0.090842
3 0.090870
3 0.090871
3 0.090873
3 0.090891
3 0.090902
3 0.090922
3 0.090950
1 0.090970
2 0.090976
3 0.090976
3 0.091013
1 0.091028
3 0.091057
1 0.091064
2 0.091561
2 0.091596
2 0.091601
2 0.091602
2 0.091670
2 0.091671
3 0.091857
3 0.091887
3 0.091887
4 0.092146
3 0.092176
3 0.092197
4 0.092199
4 0.092199
3 0.092238
4 0.092252
3 0.092259
4 0.092306
4 0.092306
4 0.092322
4 0.092322
4 0.092368
4 0.092428
4 0.092428
4 0.092491
3 0.092894
3 0.092914
3 0.092957
5 0.094230
5 0.094238
3 0.094241
3 0.094254
3 0.094302
3 0.094738
3 0.094811
4 0.094815
4 0.094824
4 0.094829
3 0.094840
4 0.094854
4 0.094856
4 0.094861
3 0.094912
1 0.095230
1 0.095242
1 0.095252
1 0.095342
1 0.095366
1 0.095397
1 0.095410
4 0.095533
3 0.095626
3 0.095648
3 0.095665
3 0.095687
3 0.095732
3 0.095741
3 0.095786
3 0.096007
3 0.096040
1 0.096399
1 0.096463
1 0.096504
3 0.096798
3 0.096802
2 0.097455
2 0.097456
2 0.097501
2 0.097502
2 0.097508
2 0.097530
3 0.097583
3 0.097595
3 0.097614
3 0.097650
3 0.097651
3 0.097655
3 0.097691
3 0.097711
3 0.097977
3 0.097984
3 0.097991
3 0.097997
1 0.098062
1 0.098071
1 0.098926
1 0.098934
1 0.098935
3 0.098979
1 0.099077
1 0.099083
1 0.099086
1 0.099091
3 0.099151
3 0.099151
3 0.099158
3 0.099179
3 0.099212
3 0.099240
3 0.099287
3 0.099354
3 0.099401
3 0.099437
1 0.100015
1 0.100015
1 0.100023
1 0.100023
3 0.100170
3 0.100175
3 0.100206
3 0.100211
3 0.100211
3 0.100247
3 0.100285
3 0.100301
3 0.100309
6 0.100311
3 0.100321
3 0.100364
3 0.100461
3 0.100599
3 0.100604
3 0.101219
3 0.101248
3 0.101260
5 0.101897
5 0.101929
5 0.101931
6 0.101999
3 0.102112
3 0.102113
3 0.102145
3 0.102147
3 0.103462
3 0.103467
4 0.103616
3 0.103861
3 0.103899
3 0.103900
3 0.104966
3 0.105011
5 0.105017
5 0.105020
5 0.105023
4 0.105060
3 0.105071
3 0.105172
3 0.105178
3 0.105178
5 0.105487
5 0.105524
3 0.105595
3 0.105597
3 0.105694
3 0.105696
5 0.105757
5 0.105767
5 0.105768
2 0.106021
2 0.106022
2 0.106029
2 0.106335
2 0.106336
2 0.106414
2 0.106415
2 0.106422
2 0.106444
2 0.106495
2 0.106496
1 0.106761
2 0.106788
1 0.106851
1 0.106861
6 0.106872
2 0.106896
2 0.106897
3 0.106905
3 0.106938
3 0.106946
2 0.106955
2 0.106956
2 0.106963
4 0.107871
1 0.108271
2 0.108399
2 0.108456
2 0.108458
3 0.108469
3 0.108516
3 0.108519
2 0.108553
2 0.108555
3 0.108566
2 0.108570
4 0.108608
4 0.108627
3 0.108631
3 0.108636
4 0.108669
3 0.108700
3 0.108914
3 0.108925
3 0.108967
3 0.108988
1 0.109019
1 0.109020
3 0.109041
3 0.109062
3 0.109125
1 0.109323
1 0.109323
1 0.109325
1 0.109325
3 0.109455
1 0.109509
1 0.109516
3 0.109529
3 0.109555
3 0.109598
3 0.109641
3 0.109645
3 0.109672
3 0.109684
1 0.109724
1 0.109810
1 0.109816
1 0.109826
3 0.109872
3 0.109902
3 0.109969
3 0.110000
3 0.110007
1 0.110036
1 0.110046
3 0.110082
1 0.110129
3 0.110222
3 0.110304
3 0.110407
3 0.110412
3 0.110604
3 0.110634
1 0.110655
1 0.110655
1 0.110655
6 0.110791
3 0.112024
3 0.112026
3 0.112059
3 0.112081
3 0.112102
3 0.112159
3 0.112171
3 0.112248
4 0.113104
4 0.113149
4 0.113202
4 0.113223
4 0.113268
4 0.113294
4 0.113312
1 0.113417
1 0.113441
1 0.113498
4 0.113525
3 0.113576
5 0.113595
5 0.113597
3 0.113623
4 0.113627
6 0.113817
3 0.114005
3 0.114012
3 0.114012
1 0.114365
3 0.114455
3 0.114491
3 0.114496
3 0.115159
3 0.115318
3 0.115413
6 0.115996
3 0.116004
3 0.116006
3 0.116011
1 0.116388
1 0.116400
1 0.116421
1 0.116433
3 0.116586
3 0.116596
1 0.116745
3 0.116770
3 0.116809
1 0.116833
1 0.116842
4 0.116848
1 0.116854
4 0.116860
3 0.116869
4 0.116901
4 0.116906
4 0.116918
4 0.116948
4 0.116953
1 0.117067
1 0.117108
1 0.117120
1 0.117651
1 0.117663
1 0.117770
3 0.118297
3 0.118303
3 0.118451
3 0.118455
3 0.118457
4 0.118801
1 0.118897
1 0.118923
1 0.118923
1 0.119092
1 0.119093
1 0.119101
1 0.119102
5 0.119397
5 0.119406
5 0.119429
3 0.119450
3 0.119534
4 0.119540
4 0.119551
4 0.119557
3 0.119559
4 0.119568
4 0.119573
4 0.119585
3 0.119620
3 0.119662
3 0.119705
3 0.119723
1 0.119955
1 0.120022
1 0.120071
5 0.120363
5 0.120386
5 0.121646
5 0.121649
5 0.121653
4 0.122495
1 0.122503
4 0.122519
1 0.122537
1 0.122537
4 0.122572
5 0.122657
5 0.122661
1 0.122841
1 0.122841
3 0.122861
1 0.122878
1 0.122879
3 0.122915
5 0.123882
5 0.124280
3 0.124285
3 0.124306
3 0.124314
1 0.124317
1 0.124318
1 0.124331
1 0.124331
3 0.124337
4 0.124373
3 0.124460
4 0.124491
4 0.124491
3 0.124512
4 0.124651
4 0.124651
4 0.124651
3 0.125164
3 0.125167
3 0.125226
3 0.125229
6 0.125755
3 0.126844
3 0.126860
3 0.126895
3 0.126911
3 0.126934
3 0.126941
3 0.127021
4 0.127027
3 0.127028
4 0.127215
4 0.127272
4 0.127345
4 0.127371
4 0.127429
2 0.127504
2 0.127525
2 0.127528
2 0.127620
2 0.127623
2 0.127680
6 0.128419
4 0.128422
3 0.128777
3 0.128874
3 0.128965
3 0.129054
3 0.129062
3 0.129172
3 0.129175
3 0.129293
5 0.129338
5 0.129353
5 0.129380
4 0.129659
2 0.129979
2 0.129981
2 0.130003
3 0.130432
3 0.130488
3 0.130493
3 0.130548
3 0.130641
3 0.130654
2 0.130672
3 0.130746
3 0.130911
5 0.130930
4 0.130956
5 0.130958
1 0.131054
1 0.131094
1 0.131095
3 0.131588
1 0.131603
1 0.131629
3 0.131644
3 0.131682
3 0.131682
3 0.131841
1 0.131900
1 0.131901
1 0.131967
1 0.131968
5 0.132098
5 0.132103
5 0.132106
3 0.132264
3 0.132281
4 0.132402
3 0.132419
3 0.132431
3 0.132436
3 0.132440
3 0.132441
4 0.132568
4 0.132583
1 0.132656
1 0.132657
4 0.132696
4 0.132702
4 0.132717
1 0.132792
1 0.132792
3 0.133976
3 0.133979
3 0.134040
3 0.134043
2 0.134334
2 0.134357
2 0.134508
2 0.134531
2 0.134534
2 0.134641
2 0.134644
3 0.137719
3 0.137919
3 0.137930
5 0.138076
5 0.138084
3 0.138683
3 0.138726
3 0.138730
3 0.138738
3 0.138745
3 0.138799
3 0.138849
5 0.138951
5 0.138982
3 0.140997
3 0.141008
3 0.141013
1 0.141193
1 0.141194
1 0.141195
4 0.143837
4 0.144612
3 0.144863
3 0.144931
3 0.144953
3 0.145021
3 0.145135
3 0.145145
3 0.145259
5 0.146310
5 0.146342
5 0.146344
3 0.146702
3 0.146763
3 0.146876
3 0.147215
3 0.147262
3 0.147323
3 0.147402
3 0.147431
3 0.147478
3 0.147547
3 0.147576
4 0.148332
3 0.148416
3 0.148416
3 0.148486
3 0.148486
4 0.148650
1 0.149263
1 0.149282
5 0.149354
5 0.149390
1 0.149467
3 0.149840
3 0.149844
3 0.150003
3 0.150007
5 0.150156
5 0.150165
5 0.150167
3 0.150875
3 0.151008
3 0.151697
3 0.151754
3 0.151774
3 0.151831
7 0.152001
7 0.152008
7 0.152072
7 0.152083
7 0.152106
7 0.152106
7 0.152131
7 0.152131
7 0.152137
7 0.152137
7 0.152149
7 0.152149
7 0.152151
7 0.152151
7 0.152158
7 0.152158
7 0.152159
7 0.152164
7 0.152171
7 0.152171
7 0.152171
7 0.152174
7 0.152174
7 0.152203
7 0.152206
5 0.154867
5 0.154934
5 0.154945
3 0.154978
3 0.155109
3 0.155217
3 0.155349
3 0.155433
3 0.155510
3 0.155595
3 0.155838
3 0.155851
3 0.155872
3 0.155886
3 0.155890
3 0.155890
3 0.156106
3 0.156106
3 0.157431
4 0.157518
3 0.157520
3 0.157565
3 0.157608
3 0.157654
4 0.157675
4 0.157675
3 0.157691
4 0.158034
4 0.158034
3 0.158442
3 0.158505
3 0.158589
3 0.158652
2 0.159014
2 0.159056
2 0.159136
2 0.159212
2 0.159360
2 0.159482
2 0.159643
2 0.159766
2 0.159843
3 0.161298
3 0.161593
5 0.161633
5 0.161969
5 0.162184
5 0.162197
5 0.162197
2 0.162735
2 0.162738
2 0.162890
2 0.162892
2 0.162908
2 0.162983
2 0.163500
5 0.165562
5 0.165588
5 0.165606
3 0.166627
3 0.166825
3 0.166853
3 0.167051
4 0.167333
2 0.167573
2 0.167575
2 0.167592
4 0.167683
2 0.167890
4 0.168757
4 0.168780
4 0.168780
4 0.168812
4 0.168812
4 0.168812
5 0.169139
5 0.169156
3 0.169479
3 0.169656
4 0.169683
3 0.169716
3 0.169818
3 0.169900
4 0.169903
4 0.169903
3 0.169934
3 0.169996
3 0.170003
4 0.170201
4 0.170201
4 0.170201
5 0.170227
5 0.170322
2 0.170864
2 0.170966
4 0.171855
4 0.171855
3 0.171958
2 0.172041
3 0.172044
2 0.172046
2 0.172053
3 0.172146
2 0.172157
3 0.172185
2 0.172219
3 0.172287
2 0.172330
3 0.172395
3 0.172441
2 0.172465
2 0.172503
3 0.172550
3 0.172763
3 0.172983
3 0.172990
3 0.172994
3 0.173000
3 0.173086
3 0.173156
3 0.173209
3 0.173242
2 0.173243
3 0.173370
3 0.173760
3 0.173760
3 0.173896
3 0.173896
3 0.173896
2 0.174031
3 0.174081
3 0.174081
3 0.174081
1 0.174272
1 0.174273
3 0.174279
2 0.174320
2 0.174323
3 0.174350
3 0.174350
2 0.174505
2 0.174508
1 0.174525
2 0.174526
1 0.174526
3 0.174623
3 0.174623
3 0.174682
3 0.174785
3 0.174865
3 0.174967
3 0.175122
3 0.175166
3 0.175216
3 0.175399
3 0.176209
3 0.176244
3 0.176260
3 0.176316
3 0.176351
2 0.176364
3 0.176384
3 0.176422
3 0.176478
2 0.176514
3 0.176606
2 0.176608
3 0.176644
2 0.177273
2 0.178055
2 0.178940
3 0.179235
3 0.179874
3 0.179916
3 0.179968
3 0.180010
3 0.180080
3 0.180164
3 0.180234
3 0.180325
3 0.180353
3 0.180444
3 0.180449
3 0.180566
3 0.180996
3 0.181078
3 0.181078
5 0.181110
5 0.181157
5 0.181163
3 0.181632
3 0.181632
3 0.181779
3 0.181779
3 0.181779
3 0.181815
3 0.181815
3 0.181954
3 0.181954
3 0.181962
3 0.181962
3 0.181962
3 0.182137
3 0.182137
3 0.182137
2 0.183053
2 0.183159
3 0.183557
2 0.183617
3 0.183955
2 0.183993
2 0.184098
3 0.184172
2 0.184228
2 0.184336
2 0.184426
2 0.184562
3 0.184569
3 0.184575
3 0.184587
3 0.184614
3 0.184642
3 0.184649
3 0.184683
3 0.184687
3 0.184745
2 0.184800
2 0.185181
2 0.185272
2 0.185787
2 0.185854
2 0.185926
2 0.185964
5 0.186037
2 0.186259
2 0.186436
2 0.186646
2 0.186824
3 0.187604
5 0.187630
5 0.187647
5 0.187650
3 0.187691
2 0.187751
2 0.187862
5 0.188235
5 0.188292
3 0.188506
3 0.188522
3 0.188526
2 0.188740
3 0.189624
3 0.189624
6 0.189680
3 0.189787
3 0.189787
3 0.189787
3 0.189848
3 0.189888
3 0.189888
3 0.190008
3 0.190008
3 0.190052
3 0.190052
3 0.190052
3 0.190257
3 0.190273
3 0.190273
3 0.190273
3 0.190327
2 0.190489
3 0.190593
3 0.190593
2 0.190617
6 0.190730
6 0.190790
3 0.190795
3 0.190808
2 0.190830
3 0.190894
3 0.191755
3 0.191849
3 0.191930
3 0.191956
3 0.191978
3 0.192064
3 0.192084
3 0.192131
5 0.192385
5 0.192392
3 0.194704
3 0.194928
3 0.194990
3 0.195152
3 0.195233
3 0.195377
3 0.195396
3 0.198508
3 0.198607
3 0.198607
6 0.198930
2 0.199130
3 0.199258
3 0.199258
3 0.199436
3 0.199436
3 0.199436
3 0.199550
3 0.199550
3 0.199646
3 0.199646
3 0.199728
3 0.199728
3 0.199728
3 0.199939
3 0.199939
3 0.199939
5 0.201619
5 0.201675
5 0.201713
3 0.202984
3 0.202991
3 0.203318
3 0.203326
4 0.203622
4 0.203627
4 0.203627
4 0.203675
4 0.203675
4 0.203708
5 0.204418
5 0.204457
2 0.204542
5 0.205597
5 0.205605
5 0.205606
6 0.205680
3 0.206467
3 0.206508
2 0.206565
3 0.206934
3 0.207175
2 0.207761
2 0.208063
4 0.208099
2 0.208178
2 0.208932
2 0.209198
2 0.209486
2 0.209620
2 0.209687
2 0.209753
3 0.210714
3 0.210824
3 0.211719
3 0.211825
3 0.212217
3 0.212324
2 0.213085
2 0.213968
3 0.214230
2 0.214345
3 0.214350
3 0.214350
3 0.214355
3 0.214470
3 0.214479
3 0.214624
3 0.214637
3 0.214724
3 0.214760
3 0.214799
3 0.214807
3 0.214853
3 0.214867
3 0.214877
3 0.214919
3 0.214967
3 0.214970
3 0.215013
3 0.215074
4 0.215115
2 0.216061
3 0.218888
3 0.218906
2 0.219819
5 0.219901
5 0.219914
2 0.220432
2 0.220654
2 0.220678
3 0.221647
3 0.221765
3 0.221870
3 0.221988
3 0.222006
3 0.222006
4 0.222030
4 0.222030
3 0.222229
3 0.222229
3 0.222229
3 0.222229
3 0.222289
3 0.222532
3 0.222532
3 0.222532
3 0.222532
4 0.222647
4 0.222647
3 0.222970
3 0.222970
3 0.222970
4 0.223007
3 0.223231
3 0.223791
3 0.223797
3 0.224350
3 0.224511
3 0.224511
3 0.224837
3 0.224865
3 0.224963
3 0.225676
3 0.225686
3 0.225951
3 0.225961
3 0.226659
3 0.226803
3 0.227002
3 0.227114
3 0.227250
3 0.227258
3 0.227317
3 0.227429
3 0.227484
3 0.227552
2 0.228434
2 0.228601
2 0.228732
2 0.228738
2 0.228740
2 0.228913
2 0.228919
2 0.229056
2 0.229096
2 0.229237
2 0.229336
2 0.229403
2 0.229424
3 0.230232
3 0.230360
3 0.230620
3 0.231531
5 0.231694
2 0.231720
2 0.231740
2 0.231776
5 0.231777
3 0.231815
3 0.231825
5 0.231828
4 0.231880
2 0.232066
3 0.232109
2 0.232238
3 0.232297
3 0.232350
3 0.232477
3 0.232531
3 0.232539
2 0.232585
3 0.232627
2 0.232705
3 0.232829
3 0.232861
3 0.232872
3 0.232956
3 0.233075
3 0.233205
3 0.233343
3 0.233426
3 0.233562
3 0.233562
3 0.234923
3 0.235056
3 0.235170
3 0.235303
3 0.235327
3 0.235327
3 0.235575
3 0.235575
3 0.235575
3 0.235575
3 0.235596
3 0.235868
3 0.235868
3 0.235868
3 0.235868
3 0.236821
5 0.236889
5 0.236942
3 0.237128
3 0.237325
5 0.237332
5 0.237344
5 0.237348
2 0.238753
2 0.238896
2 0.239160
3 0.239356
3 0.239356
3 0.239362
3 0.239924
4 0.240278
3 0.240333
3 0.241880
4 0.242239
4 0.242247
4 0.242247
3 0.242401
3 0.242401
4 0.242547
4 0.242547
4 0.242728
4 0.243114
4 0.243182
4 0.243229
3 0.244371
3 0.245030
3 0.245469
3 0.246003
2 0.246201
3 0.246334
3 0.246374
3 0.246706
3 0.246919
3 0.246982
3 0.247072
3 0.247183
3 0.247196
3 0.247295
3 0.247506
3 0.247524
3 0.247569
3 0.247798
4 0.247844
3 0.247893
3 0.248357
3 0.248531
3 0.248718
2 0.248887
2 0.248951
2 0.249100
2 0.249106
2 0.249393
2 0.249469
2 0.249757
2 0.249772
2 0.252098
2 0.252155
2 0.252299
2 0.252322
2 0.252526
2 0.252694
5 0.259158
2 0.259171
5 0.259222
3 0.262230
3 0.262401
4 0.264642
4 0.264697
4 0.264697
4 0.264776
4 0.264776
4 0.264776
4 0.265067
3 0.268298
3 0.268771
3 0.269001
3 0.269001
3 0.269691
3 0.269750
2 0.271064
3 0.271478
3 0.271487
3 0.271519
3 0.273517
2 0.273554
3 0.274366
2 0.274549
5 0.274946
5 0.274976
2 0.278176
2 0.280005
3 0.280153
3 0.280168
3 0.280403
4 0.281018
2 0.282447
5 0.285887
5 0.286000
5 0.286018
3 0.286370
3 0.286645
3 0.286954
3 0.287229
2 0.288612
6 0.289720
3 0.289812
3 0.292027
3 0.292027
3 0.292037
5 0.292524
5 0.292594
5 0.292604
3 0.294326
3 0.295096
3 0.295096
3 0.297342
5 0.297539
3 0.297820
3 0.297971
5 0.298165
5 0.298218
3 0.298451
5 0.299930
2 0.300771
2 0.302455
5 0.302749
5 0.302770
5 0.302785
5 0.304949
5 0.305036
5 0.305251
5 0.305297
4 0.305309
5 0.305339
3 0.305476
3 0.305854
3 0.305899
4 0.306049
3 0.306278
2 0.306372
3 0.306790
3 0.306852
2 0.307144
3 0.307366
4 0.307608
4 0.307915
3 0.308030
3 0.308048
3 0.308203
3 0.308874
3 0.311004
3 0.311347
3 0.311397
3 0.311964
3 0.311967
4 0.311969
3 0.311995
3 0.312087
3 0.312149
3 0.312619
3 0.312658
2 0.312683
4 0.312834
4 0.312914
3 0.313121
4 0.314210
4 0.314321
4 0.314402
5 0.316067
5 0.316229
2 0.317779
2 0.319112
2 0.319732
3 0.322026
3 0.322445
3 0.323013
5 0.327945
5 0.327966
3 0.330498
3 0.330758
3 0.330770
2 0.331237
3 0.331278
3 0.331722
3 0.331769
2 0.331905
3 0.332215
2 0.332553
3 0.332799
3 0.332818
2 0.332968
3 0.333045
2 0.333066
3 0.333107
2 0.333127
2 0.333227
3 0.333403
3 0.334305
3 0.334372
3 0.335494
3 0.335528
3 0.335642
3 0.335975
3 0.336195
3 0.336677
3 0.336832
3 0.337504
2 0.340910
2 0.343813
5 0.344095
5 0.344297
5 0.344367
4 0.344460
3 0.344461
3 0.344558
4 0.344621
3 0.345103
3 0.345200
2 0.345227
4 0.345564
4 0.346235
4 0.346435
1 0.346749
1 0.346749
1 0.346754
1 0.346754
4 0.347552
4 0.347971
4 0.348400
4 0.348594
5 0.352077
5 0.352099
5 0.352102
5 0.352369
5 0.352442
2 0.359462
2 0.361013
2 0.361690
2 0.366487
2 0.366962
3 0.367710
3 0.367710
2 0.367749
4 0.369099
3 0.369215
4 0.369519
4 0.370218
4 0.370844
4 0.371549
4 0.373649
3 0.374701
4 0.374861
3 0.375370
3 0.375575
3 0.375864
3 0.375872
3 0.376367
3 0.377143
3 0.377211
3 0.377243
3 0.378023
3 0.379011
3 0.379038
3 0.379405
1 0.381935
1 0.382312
4 0.382502
2 0.383088
1 0.383152
1 0.383531
2 0.383946
2 0.384223
2 0.384328
2 0.384354
2 0.384849
2 0.384909
2 0.385111
2 0.385619
2 0.385647
2 0.385668
2 0.385716
2 0.386541
1 0.388867
1 0.389331
1 0.390129
2 0.391500
2 0.391652
2 0.391668
2 0.392011
2 0.392076
2 0.392575
2 0.393154
3 0.393561
3 0.393963
3 0.394400
2 0.395697
2 0.397844
2 0.399613
3 0.399763
3 0.399976
3 0.400471
3 0.400485
3 0.400901
1 0.401227
3 0.401413
1 0.402570
2 0.403622
2 0.404245
2 0.404467
4 0.405891
1 0.409621
3 0.409850
2 0.410002
1 0.410110
2 0.410406
3 0.410457
2 0.410814
1 0.410906
2 0.410918
1 0.411111
2 0.411220
2 0.411323
1 0.411514
2 0.411550
3 0.412238
3 0.412396
3 0.412396
2 0.412429
2 0.412524
3 0.413280
2 0.413484
3 0.413500
3 0.413608
3 0.413724
3 0.413757
1 0.413881
3 0.414276
3 0.414297
3 0.414329
1 0.414460
2 0.414694
3 0.414730
3 0.414795
1 0.415265
3 0.415327
3 0.415510
5 0.416859
5 0.416908
2 0.417734
3 0.419693
3 0.420126
3 0.421696
2 0.422893
2 0.423755
2 0.423810
2 0.423824
2 0.424297
1 0.425107
1 0.425136
1 0.426520
1 0.427448
1 0.427933
1 0.428037
1 0.429337
1 0.429442
3 0.431999
3 0.432244
3 0.432261
3 0.432665
3 0.432891
3 0.432910
3 0.433415
5 0.433464
5 0.433574
3 0.433823
3 0.434696
3 0.435233
2 0.435345
1 0.435751
2 0.437621
2 0.437786
3 0.438034
2 0.438082
1 0.438677
1 0.439364
2 0.439508
5 0.442012
3 0.442073
5 0.442386
5 0.442501
2 0.443398
1 0.443636
1 0.443668
1 0.444339
1 0.444370
3 0.444417
2 0.444828
3 0.445837
2 0.446119
2 0.446678
1 0.446715
2 0.446827
1 0.447543
2 0.447714
2 0.447894
3 0.448001
3 0.448001
2 0.448935
3 0.450237
2 0.450882
3 0.451217
3 0.451223
3 0.451613
3 0.451941
3 0.452483
3 0.452913
3 0.452981
2 0.453168
3 0.453213
3 0.453585
3 0.453632
3 0.454097
3 0.454609
3 0.454611
3 0.454760
3 0.454857
3 0.455268
2 0.456604
5 0.456644
5 0.456682
5 0.456702
3 0.458116
3 0.459047
3 0.459137
3 0.459327
3 0.459346
2 0.460277
5 0.460503
3 0.460547
3 0.460645
4 0.460762
2 0.460845
3 0.461184
3 0.461203
5 0.461388
5 0.461514
2 0.461516
3 0.461646
3 0.461670
3 0.461670
3 0.461768
5 0.462126
3 0.462233
2 0.462268
3 0.462434
2 0.463184
3 0.463191
3 0.463544
3 0.463770
3 0.464194
3 0.464315
3 0.464326
2 0.464438
3 0.464734
1 0.465313
2 0.465583
1 0.466176
1 0.466422
2 0.466852
1 0.467120
1 0.467199
1 0.467199
2 0.467622
1 0.467990
3 0.468073
3 0.468114
3 0.469355
3 0.469397
2 0.469559
2 0.469721
2 0.469895
2 0.469987
2 0.470135
2 0.470382
2 0.470556
2 0.470772
2 0.471075
2 0.471090
2 0.471338
2 0.471970
2 0.472290
4 0.474159
4 0.474929
5 0.475010
5 0.475181
5 0.475222
4 0.475382
4 0.476342
4 0.477119
2 0.477558
2 0.477756
2 0.478106
2 0.478253
4 0.478826
2 0.478947
2 0.479499
4 0.479800
2 0.480463
2 0.481164
2 0.481343
2 0.481696
2 0.482315
2 0.482391
2 0.483012
2 0.483913
2 0.484020
1 0.484873
2 0.484926
3 0.485520
3 0.486012
3 0.486034
2 0.486152
2 0.486197
3 0.486263
3 0.486848
3 0.486852
3 0.487446
3 0.487496
3 0.488202
3 0.488314
3 0.488550
2 0.489648
3 0.489795
3 0.489851
3 0.490047
3 0.490615
1 0.491631
1 0.493650
5 0.494594
1 0.495161
1 0.496537
2 0.498876
2 0.499263
2 0.499575
2 0.499576
2 0.499862
2 0.500253
2 0.500287
2 0.500410
2 0.500655
2 0.500670
2 0.500872
2 0.501202
2 0.501271
2 0.501343
2 0.501778
2 0.502348
2 0.502445
2 0.502706
2 0.503018
3 0.503236
3 0.503971
2 0.504212
2 0.504651
2 0.504794
3 0.504860
3 0.505600
3 0.506816
5 0.506845
5 0.506901
5 0.506996
2 0.507501
3 0.508634
3 0.509866
2 0.510587
3 0.510816
2 0.511571
3 0.516143
3 0.516143
2 0.516949
2 0.517160
2 0.517271
2 0.517291
2 0.517379
2 0.517441
2 0.517483
2 0.517590
2 0.517733
2 0.517802
2 0.517850
3 0.518041
2 0.518079
2 0.518096
2 0.518180
2 0.518464
2 0.518641
2 0.518653
2 0.518765
2 0.519183
2 0.519341
1 0.519935
1 0.519935
2 0.520095
1 0.520128
1 0.520171
1 0.520171
4 0.520186
1 0.520305
4 0.520573
4 0.520660
4 0.522816
2 0.524232
4 0.524706
3 0.526232
3 0.526398
3 0.527051
3 0.527204
3 0.527326
5 0.527365
4 0.527382
3 0.527415
5 0.527627
1 0.528267
3 0.528390
4 0.528972
1 0.529415
3 0.529922
3 0.530042
2 0.530825
1 0.531187
2 0.531490
3 0.531584
2 0.532168
3 0.532233
2 0.532244
3 0.532866
2 0.532924
1 0.533010
1 0.533485
2 0.534021
2 0.534169
1 0.534554
1 0.534798
2 0.535272
3 0.535395
1 0.535588
1 0.535811
1 0.536850
1 0.537410
1 0.537416
1 0.537977
2 0.538522
2 0.539219
2 0.545358
2 0.545573
2 0.545891
2 0.546410
1 0.547332
2 0.547681
2 0.547961
2 0.548157
3 0.549050
2 0.549476
2 0.549719
1 0.549805
1 0.551172
1 0.551323
1 0.551462
1 0.551964
1 0.552011
1 0.552150
2 0.552777
1 0.553092
1 0.553105
1 0.553153
2 0.553178
2 0.553689
2 0.553692
2 0.554160
2 0.554501
1 0.554654
1 0.554668
2 0.555346
2 0.555422
1 0.555893
1 0.556188
1 0.556581
1 0.556581
1 0.556592
2 0.556680
1 0.557742
1 0.557753
1 0.558163
2 0.559015
1 0.559331
2 0.563328
2 0.566820
2 0.567760
2 0.568114
2 0.568779
2 0.571235
1 0.571472
1 0.573094
2 0.573225
1 0.573370
1 0.573600
1 0.573750
4 0.573852
1 0.574154
1 0.574205
1 0.574356
1 0.574855
2 0.574889
1 0.575410
1 0.575424
1 0.575476
2 0.575619
1 0.576635
2 0.576905
1 0.577357
4 0.577791
4 0.578636
1 0.578844
4 0.579670
4 0.581392
3 0.581940
3 0.582218
4 0.582805
1 0.583116
4 0.584546
3 0.584956
1 0.585566
2 0.589478
2 0.589888
2 0.590146
2 0.591197
2 0.591571
2 0.592886
2 0.592945
2 0.593342
2 0.594189
2 0.594330
3 0.594509
2 0.595404
3 0.595504
2 0.595593
3 0.595635
2 0.596256
3 0.596634
2 0.599233
1 0.600109
5 0.600143
5 0.600215
1 0.601013
2 0.606325
2 0.606668
2 0.611629
4 0.612092
2 0.613859
2 0.615245
2 0.616946
2 0.617187
2 0.617502
2 0.617605
1 0.618883
1 0.619603
1 0.620370
2 0.621114
2 0.621208
4 0.621411
1 0.621613
4 0.621717
1 0.621822
2 0.622041
1 0.622137
4 0.622161
1 0.622549
1 0.623940
1 0.624031
2 0.624414
1 0.627020
1 0.627725
2 0.628606
2 0.628743
2 0.628785
1 0.630566
2 0.631099
2 0.632055
1 0.632326
2 0.633015
2 0.633255
2 0.634233
5 0.634473
2 0.634861
5 0.635244
5 0.635401
2 0.635830
2 0.635934
3 0.636760
2 0.636855
2 0.638138
4 0.638252
2 0.638608
3 0.639652
1 0.640017
2 0.640092
1 0.640413
1 0.640703
1 0.640945
1 0.641342
1 0.642165
1 0.642241
1 0.642482
1 0.643010
2 0.643522
2 0.643739
1 0.643946
1 0.644272
1 0.644349
3 0.644712
3 0.645257
3 0.645588
2 0.645946
1 0.645968
3 0.646488
3 0.646881
1 0.647023
3 0.647036
3 0.648055
1 0.648350
2 0.648384
1 0.648449
1 0.648554
1 0.648659
3 0.648963
1 0.649301
2 0.649359
1 0.650133
2 0.650641
3 0.650716
1 0.650810
1 0.650882
3 0.651771
1 0.652291
2 0.652413
2 0.652903
2 0.653436
2 0.654598
2 0.654735
5 0.654888
5 0.654939
5 0.654973
2 0.654986
2 0.654986
2 0.655628
2 0.656201
2 0.656357
2 0.656601
2 0.658442
2 0.658527
2 0.658527
2 0.659749
1 0.659767
2 0.660276
1 0.660503
1 0.660800
2 0.661239
1 0.661322
2 0.661545
1 0.662437
1 0.662882
2 0.663162
5 0.663275
5 0.663447
2 0.663662
1 0.663877
1 0.664679
1 0.664834
1 0.665009
1 0.665298
1 0.665530
1 0.665835
1 0.666590
1 0.666880
1 0.670234
1 0.670669
1 0.670796
1 0.671061
1 0.671497
5 0.671839
5 0.672015
1 0.672282
1 0.672447
1 0.672531
1 0.672798
1 0.673114
1 0.673518
1 0.674353
1 0.675389
1 0.676106
3 0.676320
3 0.676320
1 0.677148
2 0.678745
2 0.679853
2 0.681186
3 0.681431
2 0.682811
2 0.683598
2 0.684912
2 0.685892
2 0.687148
2 0.688973
1 0.692858
2 0.694366
1 0.694709
1 0.695352
1 0.696242
2 0.696873
1 0.697500
2 0.697548
2 0.697755
1 0.698111
1 0.698395
2 0.700287
2 0.701591
2 0.701666
4 0.710520
4 0.711131
4 0.711324
4 0.712494
4 0.712921
4 0.713115
2 0.714082
2 0.715872
2 0.718352
2 0.719016
2 0.719908
2 0.721670
2 0.721704
2 0.724378
2 0.725854
1 0.730857
1 0.732099
5 0.732859
5 0.733111
5 0.733176
1 0.734959
1 0.735339
3 0.735830
1 0.736215
1 0.736817
3 0.737354
1 0.738055
1 0.740068
3 0.740658
3 0.740774
1 0.740816
1 0.740828
3 0.740878
3 0.740878
3 0.742203
1 0.742568
1 0.743080
1 0.744434
1 0.744467
1 0.745031
2 0.745300
1 0.747037
1 0.748724
4 0.749226
1 0.750968
2 0.753019
4 0.753329
4 0.753329
2 0.754065
2 0.754744
1 0.754829
1 0.755299
2 0.755664
1 0.758966
4 0.760479
4 0.760479
1 0.761089
5 0.762056
1 0.763028
2 0.765182
1 0.765615
1 0.770563
1 0.772934
2 0.776438
5 0.781586
5 0.781696
5 0.781824
1 0.788839
1 0.789615
2 0.789980
1 0.790115
1 0.790146
2 0.790825
1 0.791065
1 0.791760
2 0.794036
2 0.809130
1 0.810790
2 0.813037
1 0.813141
1 0.815292
5 0.816173
5 0.816566
1 0.816848
1 0.816880
1 0.817670
1 0.818712
1 0.819027
1 0.820261
1 0.820369
1 0.820402
1 0.821298
1 0.821860
1 0.822539
1 0.824466
2 0.829849
3 0.830979
3 0.834724
3 0.838869
3 0.842688
2 0.844106
3 0.844666
3 0.844666
3 0.849762
2 0.856897
1 0.857009
1 0.859636
2 0.860669
1 0.863161
3 0.865531
3 0.865674
1 0.865813
1 0.865826
1 0.865849
2 0.866283
1 0.866932
2 0.867846
1 0.868266
1 0.868579
1 0.868854
2 0.868982
2 0.869729
2 0.870139
1 0.870564
2 0.871293
1 0.871409
1 0.872123
1 0.873129
1 0.874977
2 0.883418
2 0.885773
2 0.889573
2 0.893248
2 0.898865
3 0.900568
3 0.901233
2 0.901289
1 0.903140
2 0.903452
1 0.904836
1 0.905198
1 0.905237
1 0.906296
2 0.907200
2 0.909197
4 0.916759
4 0.918468
1 0.918997
1 0.919038
1 0.921012
1 0.921053
2 0.921959
4 0.922552
3 0.923327
3 0.924275
4 0.924958
3 0.927153
3 0.928807
4 0.931411
3 0.932679
2 0.932833
3 0.934466
1 0.936378
2 0.936830
4 0.938086
1 0.938469
1 0.938938
3 0.939100
1 0.939537
1 0.939843
2 0.940222
3 0.940504
3 0.942712
1 0.946328
1 0.946676
1 0.953310
1 0.953712
6 0.962464
3 0.963428
3 0.968880
3 0.968880
2 0.969164
1 0.977958
1 0.978946
1 0.979097
1 0.980125
1 0.981270
1 0.981671
1 0.982544
1 0.983731
5 0.984378
5 0.984649
1 0.986603
2 0.986812
2 0.987092
1 0.987486
1 0.988609
2 0.989010
2 0.989380
1 0.990824
1 0.991194
1 0.993419
1 0.994979
2 0.996459
1 0.996848
1 0.997124
2 0.997207
1 0.998316
1 1.000047
1 1.000578
1 1.002057
2 1.002602
2 1.003820
1 1.005703
2 1.006791
2 1.007288
3 1.008230
1 1.010790
1 1.011166
1 1.011525
1 1.011741
2 1.012905
1 1.013106
3 1.014770
1 1.015005
1 1.016763
1 1.016959
1 1.020279
1 1.021430
1 1.021600
1 1.024090
3 1.027060
1 1.037910
1 1.038520
1 1.040059
1 1.040059
1 1.040100
1 1.040480
1 1.041002
1 1.041002
1 1.041044
1 1.041044
1 1.041100
3 1.044510
3 1.048070
3 1.049470
1 1.050315
1 1.050988
1 1.051629
1 1.052346
3 1.053070
1 1.053666
1 1.054246
2 1.054964
1 1.055253
1 1.056622
1 1.058750
3 1.059100
1 1.059390
3 1.059880
1 1.059890
1 1.062610
1 1.064690
1 1.065596
3 1.065990
1 1.067560
1 1.067687
1 1.069200
3 1.069330
1 1.071648
1 1.072090
5 1.072600
1 1.073345
5 1.075030
5 1.075480
1 1.076083
3 1.076130
3 1.076660
1 1.078980
3 1.079570
2 1.091045
2 1.091205
3 1.098130
1 1.098640
3 1.098650
1 1.099170
2 1.104783
1 1.118319
1 1.123016
1 1.124066
1 1.126040
1 1.126929
1 1.129476
1 1.129735
1 1.131699
1 1.132628
5 1.133140
5 1.137370
5 1.140790
5 1.140950
5 1.141160
2 1.141799
1 1.150880
1 1.150880
1 1.154050
1 1.154050
1 1.156928
3 1.159300
3 1.159600
3 1.159600
1 1.162835
1 1.165465
1 1.176570
1 1.176570
1 1.177180
5 1.194600
5 1.195160
1 1.196741
1 1.200163
3 1.207540
1 1.207780
3 1.207950
1 1.208900
1 1.211265
3 1.212280
1 1.212680
1 1.213329
3 1.214180
3 1.216930
1 1.219016
1 1.220726
1 1.223244
1 1.223471
3 1.223670
3 1.225420
1 1.227116
1 1.227416
1 1.229225
1 1.229255
1 1.229870
1 1.230191
1 1.233213
3 1.234660
1 1.234846
1 1.238503
1 1.238793
2 1.240336
1 1.242260
1 1.244180
2 1.244197
1 1.246466
1 1.247303
1 1.247320
1 1.247570
1 1.249390
1 1.251340
2 1.251386
1 1.251590
2 1.252164
1 1.255515
1 1.255592
1 1.258446
2 1.259445
1 1.261900
2 1.262795
3 1.267190
1 1.269219
1 1.271238
1 1.271980
3 1.272430
4 1.273090
2 1.274876
1 1.276160
1 1.276453
1 1.277090
1 1.277500
3 1.281250
4 1.287400
1 1.287683
4 1.287730
4 1.288720
2 1.289469
4 1.289640
1 1.290086
4 1.290640
4 1.291950
1 1.297313
1 1.297971
1 1.301409
1 1.302331
1 1.304500
1 1.304949
1 1.305545
1 1.307345
1 1.308905
1 1.310370
1 1.312597
1 1.315022
1 1.317294
1 1.317579
1 1.317663
2 1.317705
2 1.317971
1 1.320010
2 1.322332
2 1.324167
1 1.324474
3 1.324900
1 1.325794
1 1.326813
2 1.326890
2 1.328778
1 1.328834
1 1.329601
1 1.329900
1 1.329986
2 1.330454
3 1.330800
3 1.330800
2 1.333194
1 1.333690
1 1.334490
2 1.334677
2 1.334848
1 1.337541
2 1.337870
1 1.338950
1 1.342580
2 1.342936
2 1.342952
1 1.343328
2 1.344028
1 1.345180
1 1.345953
1 1.346821
2 1.350497
1 1.353834
1 1.354834
1 1.358504
1 1.359144
1 1.359224
1 1.360599
1 1.361930
1 1.362792
1 1.365348
1 1.365538
1 1.367233
1 1.368974
1 1.371716
5 1.380970
5 1.381350
2 1.381447
1 1.381675
2 1.386238
1 1.389076
2 1.395167
3 1.401870
1 1.409394
2 1.412958
1 1.414737
3 1.415970
1 1.417630
2 1.418279
1 1.419910
2 1.419910
1 1.423638
3 1.423650
2 1.429097
3 1.430270
1 1.430279
1 1.431713
2 1.432490
3 1.432770
1 1.433236
2 1.434163
2 1.436255
2 1.436879
3 1.439470
2 1.439762
1 1.445855
1 1.445905
1 1.445930
2 1.447516
3 1.450500
3 1.450770
1 1.451340
1 1.451340
1 1.452675
2 1.454205
1 1.455251
1 1.460240
1 1.460858
3 1.461970
1 1.462143
2 1.464961
2 1.467935
1 1.468509
1 1.469750
1 1.476110
1 1.480520
1 1.482370
1 1.487293
1 1.492336
1 1.495611
1 1.497069
1 1.497845
2 1.499945
5 1.502250
2 1.504031
1 1.505498
1 1.505652
5 1.506340
5 1.506820
5 1.507450
1 1.509313
1 1.509908
1 1.510640
1 1.511655
1 1.515080
1 1.515656
2 1.515850
5 1.518760
1 1.518977
1 1.519518
1 1.520262
2 1.521975
5 1.523860
1 1.524567
2 1.527314
1 1.527926
1 1.528135
1 1.529079
1 1.533517
1 1.538062
1 1.538218
1 1.539622
1 1.541529
1 1.542710
1 1.543344
2 1.543808
1 1.546295
1 1.547860
1 1.550039
1 1.556199
1 1.558654
1 1.559608
1 1.562611
1 1.566049
1 1.568325
1 1.568716
1 1.577541
1 1.579647
1 1.579837
1 1.581470
1 1.581473
1 1.582717
5 1.584710
1 1.584988
5 1.585210
1 1.586980
1 1.587448
1 1.589983
1 1.590526
5 1.591010
1 1.593094
1 1.593542
2 1.619724
2 1.619908
1 1.625925
2 1.626064
1 1.627130
1 1.630711
1 1.631125
1 1.632350
2 1.633440
1 1.636249
1 1.640253
1 1.640374
1 1.640792
1 1.641122
1 1.641515
1 1.644929
1 1.645016
1 1.647566
3 1.648990
1 1.650252
3 1.650870
2 1.651877
1 1.653953
1 1.654960
1 1.655082
3 1.657680
1 1.660147
1 1.663893
2 1.665950
1 1.666324
1 1.668693
2 1.670570
1 1.671328
1 1.671685
1 1.671785
5 1.674710
5 1.675490
1 1.679029
1 1.681841
1 1.681942
1 1.686517
1 1.686599
1 1.686740
1 1.688040
1 1.690732
1 1.691176
1 1.692480
1 1.693314
1 1.697306
1 1.697854
1 1.702349
1 1.702415
1 1.702545
1 1.702995
1 1.704443
1 1.707201
1 1.711746
1 1.715729
1 1.723856
1 1.727895
1 1.735201
2 1.738088
1 1.740866
3 1.752080
1 1.752136
3 1.752670
1 1.756635
1 1.758966
2 1.760883
1 1.762441
1 1.773637
2 1.776073
1 1.776284
1 1.777848
1 1.779916
1 1.788314
2 1.792580
1 1.798751
1 1.802476
1 1.843328
1 1.843430
1 1.851450
1 1.851461
1 1.854470
1 1.859138
1 1.873155
2 1.876050
1 1.880573
2 1.885440
1 1.887230
1 1.909940
1 1.936488
1 1.953183
1 1.968616
1 1.974222
2 2.038080
2 2.059550
2 2.185520
5 2.257200
2 2.259420
5 2.265400
2 2.319140
6 2.331002
1 2.453800
1 2.503700
1 2.509693
1 2.526048
1 2.532800
3 2.543600
1 2.615670
3 2.619000
1 2.646580
1 2.654362
1 2.672148
1 2.695310
1 2.749721
1 2.757051
1 2.760129
1 2.764626
1 2.772035
1 2.784520
1 2.786477
1 2.787925
1 2.792513
1 2.799805
1 2.805844
1 2.821365
1 2.829186
1 2.830679
1 2.839589
1 2.841000
1 2.850414
1 2.869016
1 2.870707
1 2.903896
1 2.908900
1 2.910426
1 2.911549
1 2.912006
1 2.913049
1 2.914314
1 2.927129
1 2.928272
1 2.935433
1 2.936578
1 2.936586
1 2.941669
1 2.942962
1 2.947600
1 2.950059
1 2.958409
1 2.959759
1 2.964260
1 2.967440
1 2.967769
1 2.970145
1 2.970752
1 2.972398
1 2.977614
1 2.977990
1 2.981531
1 2.990644
1 2.992004
1 3.004020
1 3.005992
1 3.018120
1 3.026688
1 3.028840
1 3.041866
1 3.043536
1 3.063496
1 3.064754
1 3.066970
1 3.108353
1 3.130943
1 3.168740
1 3.176293
1 3.177330
1 3.188550
1 3.191670
1 3.213159
1 3.214220
1 3.216100
1 3.222151
1 3.228109
1 3.234600
1 3.247830
1 3.248670
6 3.257300
1 3.265418
1 3.270083
1 3.274928
1 3.286390
1 3.287245
1 3.291674
1 3.292377
1 3.296092
1 3.296849
1 3.298723
1 3.319157
1 3.362189
1 3.363607
1 3.370407
1 3.377057
1 3.407806
1 3.412237
1 3.423431
1 3.443061
1 3.460696
1 3.475723
1 3.476771
1 3.477003
1 3.477357
1 3.495907
1 3.498261
1 3.503422
1 3.505166
1 3.507876
1 3.518697
1 3.531381
1 3.546790
1 3.547673
1 3.550883
1 3.571605
1 3.572223
5 3.603200
5 3.634100
1 3.638800
5 3.646300
1 3.705600
1 3.717200
1 3.764048
1 3.780494
1 3.791274
1 3.799915
1 3.816048
6 3.816794
1 3.821315
2 3.839240
1 3.858287
1 3.867140
3 3.870000
1 3.891376
1 3.895115
1 3.906980
3 3.907600
2 3.911660
3 3.937800
5 3.947300
3 3.952600
1 3.954510
1 3.959948
5 3.962000
1 3.975566
3 3.986000
1 3.986600
2 3.986700
3 3.987700
3 3.991900
1 4.024836
1 4.030569
2 4.035120
1 4.039505
1 4.050897
1 4.086218
1 4.093754
2 4.110980
2 4.115190
1 4.124121
1 4.147832
1 4.153795
1 4.156267
1 4.165002
1 4.197792
1 4.215091
1 4.216285
1 4.225452
1 4.261870
1 4.286363
1 4.364015
1 4.373464
1 4.378121
1 4.386001
1 4.409817
1 4.428135
1 4.432269
1 4.432290
1 4.512694
1 4.520879
3 4.536800
3 4.539100
1 4.565849
1 4.575455
1 4.592760
1 4.606338
2 4.640590
1 4.647520
1 4.650451
1 4.680990
1 4.687736
1 4.691754
1 4.715310
1 4.729906
1 4.739490
1 4.740694
1 4.755420
1 4.762590
1 4.767560
1 4.772639
1 4.774179
1 4.774680
3 4.777100
1 4.820155
1 4.821833
1 4.847526
1 4.880849
1 4.893505
1 4.900040
1 4.904177
1 4.929700
1 4.951797
1 4.971010
1 5.000600
1 5.009740
1 5.026770
1 5.031490
1 5.039790
1 5.115800
1 5.119733
1 5.212110
1 5.265930
1 5.280578
1 5.284750
1 5.339675
1 5.340080
1 5.369618
1 5.376100
1 5.381923
1 5.383328
1 5.402383
1 5.406688
1 5.414258
1 5.483148
1 5.499980
1 5.502545
1 5.537380
1 5.550083
1 5.565267
1 5.574240
1 5.611460
1 5.635800
1 5.650400
1 5.664090
1 5.673900
1 5.678800
1 5.716810
1 5.725210
1 5.729110
1 5.734210
1 5.746710
1 5.749300
1 5.771880
1 5.786340
1 5.791400
1 5.835040
1 5.858010
1 5.859560
1 5.864700
1 5.864900
1 5.901600
1 5.920190
1 5.932950
1 5.977800
1 6.026630
1 6.059850
1 6.061500
1 6.079590
1 6.106940
1 6.119900
1 6.123870
1 6.124100
1 6.153900
1 6.159790
1 6.171150
1 6.175490
1 6.177200
1 6.186590
1 6.216130
1 6.219380
1 6.241480
1 6.248150
1 6.255200
1 6.268940
1 6.270350
1 6.272360
1 6.274670
2 6.297900
1 6.298180
1 6.310600
1 6.312010
1 6.313800
5 6.313900
1 6.320000
5 6.337500
1 6.350390
1 6.382610
1 6.384000
1 6.395550
2 6.403600
1 6.425460
1 6.426940
1 6.441700
1 6.480260
2 6.495100
1 6.498510
1 6.506810
2 6.553100
2 6.607600
1 6.617200
2 6.624600
1 6.669100
1 6.677080
1 6.786970
1 6.801430
1 6.852300
1 6.856000
1 6.966870
1 6.997290
6 7.042000
1 7.066760
5 7.080600
1 7.112230
5 7.137200
1 7.142160
5 7.162300
1 7.231610
1 7.305100
1 7.358440
1 7.391390
1 7.421170
1 7.481400
1 7.495060
1 7.511260
1 7.558060
1 7.641530
1 7.769720
1 7.828680
1 8.074300
1 8.323660
1 8.474430
1 8.484300
1 8.492200
1 8.597510
1 8.685430
2 8.909400
1 9.013580
1 9.023280
1 9.132300
1 9.151240
2 9.291600
2 9.309300
1 9.311040
1 9.397600
5 9.485000
5 9.520200
1 9.537640
1 9.613540
2 9.727400
1 9.738770
1 9.754340
1 9.790040
1 9.865970
1 9.907250
1 9.959400
2 9.970100
2 10.020800
1 10.068830
1 10.084510
1 10.145380
1 10.145810
6 10.204000
1 10.217210
1 10.303920
1 10.329640
1 10.385050
1 10.406920
1 10.422560
1 10.442340
1 10.448550
1 10.452290
1 10.476620
1 10.485860
1 10.495800
1 10.538370
1 10.538800
1 10.548860
1 10.687990
1 10.737270
1 10.805650
1 10.827460
1 10.850910
1 11.026460
1 11.061430
1 11.112980
1 11.167920
1 11.233670
1 11.289220
1 11.308530
1 11.346940
1 11.413790
1 11.558240
1 11.634440
1 11.659730
1 11.870320
1 11.893460
1 12.182550
5 12.253400
1 12.259080
1 12.267770
5 12.362500
1 12.367770
5 12.396200
1 12.458580
1 12.487570
1 12.601550
3 12.827100
1 12.830990
3 12.845200
1 12.992160
1 13.050760
1 13.092400
1 13.196580
1 13.301130
1 13.367130
1 13.458460
5 13.563000
5 13.614700
3 14.471800
1 15.796590
1 15.974340
1 16.467680
5 18.670000
5 18.740000
1 19.471901
5 19.527000
5 19.684999
1 19.722900
5 19.754999
1 20.501801
1 20.604500
1 20.780300
1 22.674900
1 23.968399
5 29.197001
5 29.429001
5 29.533001
1 30.793600
1 33.228901
1 36.249401
1 38.678001
1 42.599400
5 45.720001
4 48.285000
4 50.632000
5 50.889999
5 51.619999
1 54.828201
3 57.330002
3 57.330002
5 65.400002
4 69.440002
4 69.440002
5 69.930000
5 72.150002
5 74.730003
5 75.900002
2 76.452599
5 77.099998
4 80.120003
4 80.120003
2 121.800003
2 121.800003
4 137.550003
4 158.470001
2 205.300003
1 1147.709961
1 1147.709961
End Spectral Lines:
