Symbol: O
Atomic Number: 8
Atomic Mass: 15.999400
Start Spectral Index: 8
1 910
2 1630
3 1005
4 1523
5 391
6 126
7 188
8 137
End Spectral Index:
Order of Magnitude: 0.000001
Start Spectral Lines:
8 0.001463
8 0.001463
8 0.001482
8 0.001482
8 0.001518
8 0.001518
8 0.001601
8 0.001601
7 0.001781
7 0.001863
7 0.001864
7 0.001873
8 0.001897
8 0.001897
7 0.002160
7 0.002180
7 0.002210
8 0.006400
8 0.006400
8 0.006400
8 0.006401
8 0.006406
8 0.006406
8 0.006406
8 0.006772
8 0.006773
8 0.006773
8 0.006773
8 0.006779
8 0.006779
8 0.006780
8 0.007584
8 0.007584
8 0.007585
8 0.007586
8 0.007592
8 0.007593
8 0.007594
7 0.007886
7 0.007887
7 0.007887
7 0.007890
7 0.007890
7 0.007890
7 0.008147
7 0.008147
7 0.008147
7 0.008151
7 0.008151
7 0.008151
7 0.008159
7 0.008443
7 0.008607
7 0.008608
7 0.008608
7 0.008610
7 0.008612
7 0.008612
7 0.008620
7 0.008936
7 0.009612
7 0.009612
7 0.009613
7 0.009613
7 0.009618
7 0.009618
7 0.009618
7 0.009702
7 0.009703
7 0.009708
7 0.010024
7 0.010025
8 0.010235
8 0.010236
8 0.010239
8 0.010240
8 0.010249
8 0.010251
8 0.010255
6 0.010321
6 0.010326
6 0.010326
6 0.010461
6 0.010467
6 0.010467
6 0.010480
6 0.010486
6 0.010673
6 0.010679
6 0.010679
6 0.010702
6 0.010708
6 0.011016
6 0.011022
6 0.011022
6 0.011066
6 0.011072
5 0.011436
6 0.011582
6 0.011583
5 0.011616
6 0.011635
6 0.011642
6 0.011642
6 0.011733
6 0.011740
5 0.011800
5 0.011910
5 0.012209
5 0.012209
5 0.012211
5 0.012213
5 0.012213
5 0.012215
5 0.012462
5 0.012607
5 0.012609
5 0.012609
5 0.012613
5 0.012614
5 0.012614
7 0.012818
5 0.012823
5 0.012825
5 0.012826
5 0.012830
5 0.012830
5 0.012830
7 0.012841
7 0.012841
7 0.012842
7 0.012850
7 0.012850
7 0.012851
7 0.012869
5 0.012882
6 0.012978
6 0.012987
6 0.012988
5 0.013174
5 0.013176
5 0.013176
5 0.013181
5 0.013181
5 0.013181
6 0.013222
6 0.013231
7 0.013277
7 0.013278
5 0.013279
5 0.013280
5 0.013282
5 0.013284
5 0.013284
7 0.013287
5 0.013287
5 0.013331
5 0.013334
5 0.013339
5 0.013352
5 0.013352
5 0.013353
5 0.013355
5 0.013357
5 0.013360
5 0.013517
5 0.013552
7 0.013582
7 0.013751
5 0.013803
5 0.013805
5 0.013805
5 0.013811
5 0.013811
5 0.013811
5 0.013903
5 0.014003
5 0.014006
5 0.014012
5 0.014212
5 0.014481
5 0.014481
5 0.014484
5 0.014484
5 0.014487
5 0.014490
5 0.014635
5 0.014726
5 0.014904
5 0.014908
6 0.015009
6 0.015012
5 0.015145
5 0.015148
5 0.015148
5 0.015155
5 0.015155
5 0.015155
5 0.015395
5 0.015612
5 0.015615
5 0.015623
5 0.015879
5 0.015882
5 0.015883
5 0.015886
5 0.015890
5 0.015893
5 0.015933
5 0.015934
5 0.015937
5 0.015938
5 0.015941
5 0.015943
5 0.016006
5 0.016013
5 0.016249
5 0.016418
5 0.016457
5 0.016459
5 0.016463
5 0.016466
5 0.016466
5 0.016471
5 0.016499
5 0.016611
5 0.016615
5 0.016624
5 0.016799
5 0.016799
5 0.016801
5 0.016805
5 0.016808
5 0.016813
5 0.016876
4 0.016947
4 0.016958
5 0.017022
8 0.017069
8 0.017069
8 0.017070
8 0.017071
8 0.017081
8 0.017081
8 0.017082
8 0.017082
8 0.017083
8 0.017083
8 0.017085
8 0.017085
8 0.017086
4 0.017107
4 0.017112
4 0.017119
5 0.017217
6 0.017293
6 0.017308
6 0.017309
5 0.017325
4 0.017380
4 0.017385
4 0.017392
4 0.017397
4 0.017410
4 0.017422
4 0.017422
5 0.017456
4 0.017755
4 0.017756
4 0.017759
4 0.017760
4 0.017763
4 0.017766
4 0.017769
5 0.017872
4 0.018035
4 0.018048
4 0.018115
4 0.018128
4 0.018128
4 0.018187
4 0.018189
4 0.018199
4 0.018202
5 0.018220
4 0.018271
4 0.018283
4 0.018283
4 0.018334
4 0.018338
4 0.018344
6 0.018394
6 0.018412
4 0.018463
4 0.018463
4 0.018464
4 0.018464
4 0.018540
4 0.018553
5 0.018575
5 0.018644
4 0.018687
4 0.018687
4 0.018688
4 0.018691
4 0.018693
4 0.018694
4 0.018698
5 0.019140
5 0.019145
5 0.019146
5 0.019146
5 0.019155
5 0.019156
4 0.019156
4 0.019158
4 0.019161
4 0.019163
4 0.019168
4 0.019170
4 0.019175
4 0.019214
4 0.019214
4 0.019216
4 0.019219
4 0.019219
4 0.019220
4 0.019223
4 0.019226
5 0.019275
5 0.019280
5 0.019280
5 0.019290
5 0.019291
5 0.019291
5 0.019300
5 0.019459
4 0.019586
4 0.019601
4 0.019601
4 0.019803
4 0.019803
8 0.020000
8 0.020001
8 0.020003
8 0.020004
8 0.020016
8 0.020016
8 0.020017
8 0.020017
8 0.020021
8 0.020021
8 0.020021
8 0.020022
8 0.020023
4 0.020092
4 0.020097
4 0.020099
4 0.020102
4 0.020102
4 0.020107
4 0.020109
7 0.020148
5 0.020216
5 0.020219
5 0.020222
5 0.020228
5 0.020233
5 0.020239
4 0.020288
4 0.020304
5 0.020378
5 0.020382
5 0.020385
5 0.020389
5 0.020394
5 0.020396
4 0.020470
4 0.020470
4 0.020471
4 0.020472
4 0.020489
4 0.020499
4 0.020499
5 0.020511
7 0.020512
7 0.020512
7 0.020512
7 0.020514
7 0.020514
7 0.020515
4 0.020718
4 0.020724
4 0.020735
5 0.020779
4 0.021297
4 0.021306
4 0.021306
4 0.021397
4 0.021403
4 0.021415
4 0.021420
4 0.021424
4 0.021424
4 0.021427
4 0.021428
5 0.021504
5 0.021510
5 0.021525
5 0.021602
4 0.021696
4 0.021696
4 0.021697
7 0.021856
5 0.022035
4 0.022152
4 0.022164
5 0.022224
4 0.022276
4 0.022277
4 0.022278
4 0.022278
4 0.022328
4 0.022328
4 0.022328
7 0.022353
7 0.022353
7 0.022353
7 0.022356
7 0.022356
7 0.022357
4 0.022373
4 0.022374
4 0.022384
7 0.022465
5 0.022737
5 0.022747
5 0.022751
5 0.022755
5 0.022763
5 0.022769
4 0.022990
4 0.023002
4 0.023004
4 0.023068
4 0.023076
4 0.023103
4 0.023107
5 0.023107
4 0.023110
4 0.023114
4 0.023120
4 0.023124
4 0.023130
5 0.023182
4 0.023345
4 0.023346
4 0.023350
4 0.023352
4 0.023354
4 0.023356
4 0.023360
4 0.023362
4 0.023498
4 0.023498
4 0.023499
4 0.023836
4 0.023857
4 0.023858
4 0.023959
4 0.023959
4 0.023960
4 0.023967
4 0.023973
4 0.023981
4 0.023994
4 0.024008
3 0.024086
3 0.024092
3 0.024092
3 0.024104
3 0.024104
3 0.024104
4 0.024205
4 0.024214
4 0.024219
4 0.024418
4 0.024430
3 0.024627
4 0.024647
4 0.024650
4 0.024656
4 0.024701
4 0.024703
4 0.024703
3 0.024832
5 0.024846
4 0.024921
4 0.024923
4 0.024936
4 0.024938
6 0.025050
6 0.025058
6 0.025060
4 0.025255
4 0.025256
4 0.025258
4 0.025295
4 0.025308
4 0.025310
7 0.025508
7 0.025513
4 0.025525
4 0.025526
7 0.025526
7 0.025526
4 0.025527
7 0.025528
7 0.025528
7 0.025528
3 0.025642
3 0.025646
3 0.025651
4 0.025812
4 0.025821
4 0.025822
4 0.025889
4 0.025890
4 0.025891
6 0.025895
6 0.025905
6 0.025905
6 0.026013
6 0.026023
4 0.026039
4 0.026055
4 0.026056
3 0.026102
7 0.026111
3 0.026211
7 0.026242
7 0.026242
7 0.026242
7 0.026246
7 0.026246
7 0.026247
7 0.026338
3 0.026369
3 0.026373
3 0.026377
3 0.026382
3 0.026386
3 0.026391
3 0.026426
3 0.026432
3 0.026434
3 0.026435
3 0.026447
3 0.026448
4 0.026496
4 0.026506
4 0.026508
5 0.026555
4 0.026671
4 0.026671
4 0.026673
4 0.026693
4 0.026694
4 0.026697
3 0.026697
4 0.026698
3 0.026698
3 0.026703
3 0.026705
3 0.026712
3 0.026719
4 0.026955
4 0.026955
4 0.026956
4 0.026956
5 0.027072
5 0.027078
5 0.027084
5 0.027087
5 0.027098
5 0.027104
3 0.027139
3 0.027152
3 0.027161
4 0.027199
4 0.027208
4 0.027213
4 0.027217
4 0.027218
4 0.027227
4 0.027231
6 0.027233
6 0.027243
6 0.027245
4 0.027297
4 0.027298
4 0.027315
4 0.027316
6 0.027422
6 0.027434
3 0.027528
3 0.027537
3 0.027552
3 0.027738
4 0.027963
3 0.027979
4 0.027994
4 0.028571
4 0.028584
5 0.028645
4 0.028929
4 0.028947
4 0.028959
4 0.028990
4 0.028991
4 0.028992
4 0.028993
4 0.029105
4 0.029106
4 0.029120
4 0.029120
8 0.029245
8 0.029247
8 0.029260
8 0.029263
4 0.029270
4 0.029273
8 0.029277
8 0.029277
4 0.029282
8 0.029283
8 0.029283
4 0.029285
8 0.029287
8 0.029290
8 0.029295
8 0.029298
8 0.029299
4 0.029465
4 0.029468
4 0.029485
4 0.029506
4 0.029510
4 0.029513
3 0.029562
4 0.029566
3 0.029566
4 0.029567
3 0.029572
6 0.029581
4 0.029587
4 0.029588
6 0.029593
3 0.029594
6 0.029594
6 0.029943
4 0.029950
6 0.029957
4 0.029964
4 0.029972
4 0.029985
4 0.030339
3 0.030341
4 0.030342
3 0.030346
3 0.030352
4 0.030360
3 0.030362
4 0.030362
3 0.030369
3 0.030380
3 0.030560
3 0.030566
3 0.030570
3 0.030577
3 0.030584
3 0.030588
4 0.030662
4 0.030663
4 0.030688
4 0.031150
4 0.031168
4 0.031173
4 0.031229
4 0.031231
4 0.031248
3 0.032098
4 0.032146
4 0.032146
4 0.032147
4 0.032490
4 0.032491
4 0.032506
4 0.032731
4 0.032732
4 0.032752
4 0.032753
3 0.032845
3 0.032874
4 0.033217
4 0.033218
4 0.033814
4 0.033838
4 0.033839
4 0.033933
4 0.033936
4 0.033944
5 0.034140
4 0.034223
4 0.034227
4 0.034227
4 0.034230
6 0.034514
3 0.034531
6 0.034532
6 0.034533
4 0.034637
4 0.034669
4 0.034921
4 0.034922
4 0.034942
4 0.034943
3 0.034983
3 0.034986
3 0.034989
3 0.034992
3 0.034993
3 0.034996
3 0.034996
6 0.035389
6 0.035408
3 0.035514
3 0.035530
3 0.035533
3 0.035543
3 0.035547
3 0.035547
3 0.035656
3 0.035662
3 0.035663
3 0.035673
3 0.035676
3 0.035677
3 0.035902
3 0.035922
3 0.035938
3 0.036473
3 0.036477
3 0.036483
3 0.036486
3 0.036487
3 0.036493
3 0.036493
3 0.036619
3 0.036634
3 0.036660
4 0.036685
4 0.036718
4 0.036721
4 0.036754
7 0.036808
7 0.036924
7 0.036992
7 0.036992
7 0.036997
7 0.036997
7 0.036997
3 0.037380
3 0.037400
3 0.037408
3 0.037416
3 0.037433
3 0.037444
2 0.037457
2 0.037481
2 0.037496
2 0.037669
4 0.037672
4 0.037673
2 0.037675
2 0.037705
2 0.037705
3 0.037951
3 0.037958
3 0.037958
3 0.037962
3 0.037962
3 0.037964
4 0.037978
4 0.037980
4 0.037992
7 0.038076
5 0.038276
4 0.038338
4 0.038339
4 0.038347
4 0.038348
2 0.038427
2 0.038427
2 0.038430
2 0.038430
7 0.038725
7 0.038725
7 0.038725
7 0.038734
7 0.038734
7 0.038736
3 0.038740
7 0.038742
3 0.038748
3 0.038748
3 0.038750
3 0.038764
3 0.038764
2 0.038765
2 0.038790
2 0.038805
5 0.039077
5 0.039080
5 0.039080
2 0.039191
2 0.039194
2 0.039200
2 0.039232
2 0.039233
7 0.039285
3 0.039556
7 0.039708
7 0.039708
7 0.039708
3 0.039711
7 0.039714
7 0.039714
3 0.039722
3 0.039723
3 0.039730
3 0.039730
3 0.039732
2 0.039788
2 0.039788
2 0.039791
2 0.039791
7 0.039793
2 0.040109
2 0.040111
2 0.040116
2 0.040118
2 0.040193
2 0.040196
2 0.040303
2 0.040305
2 0.040307
2 0.040309
2 0.040327
2 0.040334
2 0.040337
3 0.040427
3 0.040469
2 0.040555
2 0.040555
2 0.040556
8 0.040964
8 0.040966
8 0.040973
8 0.040975
8 0.040993
8 0.040996
8 0.040996
8 0.041002
8 0.041003
8 0.041005
8 0.041005
8 0.041006
8 0.041006
8 0.041006
8 0.041007
8 0.041008
2 0.041365
2 0.041365
5 0.041461
2 0.041582
2 0.041586
2 0.041620
2 0.041833
2 0.041837
2 0.041860
2 0.041881
2 0.041888
2 0.041906
2 0.042047
2 0.042047
2 0.042047
2 0.042443
2 0.042458
2 0.042458
2 0.042460
2 0.042460
2 0.042527
2 0.042528
2 0.042652
2 0.042652
2 0.042653
2 0.042653
2 0.042839
2 0.042956
2 0.042965
2 0.042965
2 0.042972
2 0.042992
2 0.043004
2 0.043015
2 0.043015
2 0.043018
2 0.043019
2 0.043019
2 0.043141
2 0.043145
5 0.043155
2 0.043181
3 0.043427
3 0.043432
3 0.043433
3 0.043465
3 0.043466
3 0.043485
3 0.043498
7 0.043546
2 0.043651
2 0.043655
2 0.043662
2 0.043665
2 0.043734
2 0.043765
2 0.043769
2 0.043773
2 0.043790
2 0.043794
5 0.043820
4 0.043905
4 0.043910
5 0.043951
4 0.043954
4 0.043960
2 0.044056
2 0.044060
2 0.044060
2 0.044086
2 0.044086
2 0.044124
2 0.044125
2 0.044201
2 0.044201
2 0.044205
2 0.044205
7 0.044234
7 0.044262
7 0.044262
7 0.044262
7 0.044269
7 0.044269
4 0.044271
4 0.044288
7 0.044367
2 0.044368
2 0.044560
2 0.044561
2 0.044564
3 0.044605
5 0.044715
5 0.044722
5 0.044722
5 0.044737
5 0.044737
5 0.044737
6 0.044771
6 0.044784
2 0.045700
2 0.045700
2 0.045700
2 0.045842
2 0.045843
2 0.045883
2 0.045884
2 0.046419
2 0.046431
2 0.046431
2 0.046478
2 0.046479
2 0.046552
2 0.046553
2 0.046576
2 0.046576
5 0.046754
2 0.046793
2 0.046797
5 0.046813
2 0.046839
2 0.046877
2 0.046877
2 0.046877
2 0.046877
5 0.046890
5 0.046898
5 0.046915
2 0.047041
2 0.047041
2 0.047041
4 0.047086
4 0.047089
4 0.047128
4 0.047134
4 0.047160
3 0.047515
3 0.047540
3 0.047584
4 0.047635
4 0.047651
4 0.047654
3 0.048096
3 0.048096
3 0.048136
3 0.048136
3 0.048139
2 0.048159
3 0.048160
2 0.048164
2 0.048171
2 0.048176
2 0.048376
2 0.048398
2 0.048403
2 0.048509
2 0.048547
2 0.048552
2 0.048557
2 0.048558
2 0.048558
2 0.048563
2 0.048563
2 0.048572
5 0.048583
2 0.048597
2 0.048609
2 0.048630
5 0.048656
2 0.048872
2 0.048895
4 0.048929
4 0.048950
4 0.048977
4 0.048997
4 0.049050
4 0.049052
3 0.049158
3 0.049171
3 0.049197
6 0.049511
6 0.049520
6 0.049526
4 0.049670
4 0.049699
4 0.049700
6 0.049809
6 0.049843
6 0.049848
2 0.049987
2 0.049988
4 0.050023
2 0.050034
2 0.050035
4 0.050045
6 0.050439
6 0.050441
6 0.050446
3 0.050739
3 0.050768
3 0.050818
5 0.050942
4 0.051410
4 0.051446
4 0.051469
2 0.051550
2 0.051564
2 0.051564
4 0.051574
4 0.051639
4 0.051642
2 0.051793
2 0.051794
2 0.051824
2 0.051824
6 0.051961
6 0.051972
6 0.051975
2 0.051994
2 0.052008
2 0.052009
2 0.052017
2 0.052018
2 0.052047
2 0.052065
2 0.052085
7 0.052397
3 0.052579
2 0.052593
2 0.052593
4 0.052853
4 0.052857
5 0.052917
6 0.052923
5 0.052924
5 0.052927
6 0.052937
6 0.052941
6 0.052974
6 0.052988
6 0.052992
7 0.053396
6 0.053416
6 0.053434
3 0.053493
3 0.053548
6 0.053595
6 0.053640
2 0.053783
2 0.053826
7 0.053830
7 0.053830
7 0.053830
2 0.053832
7 0.053842
7 0.053842
7 0.053885
2 0.053909
2 0.053955
2 0.053985
7 0.053987
6 0.053989
6 0.053992
6 0.053993
4 0.054287
4 0.054312
4 0.054312
4 0.055333
4 0.055408
3 0.055427
3 0.055436
3 0.055437
4 0.055451
3 0.055476
3 0.055477
3 0.055503
2 0.055506
2 0.055506
2 0.055512
2 0.055512
4 0.055526
4 0.055620
4 0.055673
4 0.055702
4 0.055755
5 0.056196
5 0.056196
5 0.056208
5 0.056247
5 0.056304
5 0.056356
4 0.056521
3 0.056557
4 0.056573
4 0.056579
5 0.056624
3 0.057406
4 0.057414
3 0.057415
4 0.057419
4 0.057441
4 0.057446
3 0.057479
3 0.057488
3 0.057489
3 0.057533
3 0.057535
2 0.058040
2 0.058041
2 0.058097
2 0.058097
6 0.058832
6 0.058846
6 0.058854
4 0.059412
4 0.059418
4 0.059418
6 0.059721
6 0.059744
3 0.059782
3 0.059959
2 0.060058
2 0.060059
2 0.060059
4 0.060127
4 0.060138
6 0.060148
6 0.060151
4 0.060155
6 0.060157
4 0.060166
4 0.060202
4 0.060215
4 0.060251
4 0.060327
5 0.060441
4 0.060723
4 0.060765
4 0.060840
4 0.060863
4 0.060895
3 0.060970
4 0.060983
3 0.061004
3 0.061006
3 0.061075
3 0.061085
3 0.061087
2 0.061630
2 0.061638
4 0.061649
4 0.061655
4 0.061657
4 0.061695
4 0.061701
4 0.061704
2 0.061706
4 0.061779
4 0.061811
4 0.061812
4 0.062075
4 0.062079
4 0.062432
4 0.062444
4 0.062462
4 0.062482
4 0.062499
4 0.062499
4 0.062513
4 0.062516
4 0.062516
4 0.062585
4 0.062620
4 0.062645
4 0.062654
4 0.062679
5 0.062722
5 0.062735
5 0.062737
5 0.062763
5 0.062765
5 0.062767
5 0.062973
4 0.063096
4 0.063096
4 0.063118
8 0.063190
8 0.063193
8 0.063226
8 0.063232
8 0.063252
8 0.063252
8 0.063265
8 0.063265
3 0.063267
3 0.063267
8 0.063270
8 0.063270
8 0.063277
8 0.063277
8 0.063279
8 0.063283
8 0.063289
8 0.063290
8 0.063290
4 0.063296
4 0.063298
4 0.063298
4 0.063300
8 0.063301
8 0.063303
3 0.063319
3 0.063319
3 0.063324
3 0.063352
4 0.063405
4 0.063426
4 0.063459
4 0.063481
4 0.063508
4 0.063580
4 0.063608
4 0.063627
4 0.063651
4 0.063654
4 0.063663
4 0.063793
4 0.063855
4 0.063972
4 0.063979
4 0.063986
4 0.063993
4 0.064183
4 0.064196
4 0.064222
4 0.064235
4 0.064276
4 0.064288
4 0.064329
4 0.064402
4 0.064409
4 0.064409
2 0.064416
2 0.064416
3 0.064442
3 0.064443
3 0.064447
4 0.064781
4 0.064788
4 0.064867
3 0.064976
5 0.065421
5 0.065472
5 0.065500
5 0.065504
5 0.065573
5 0.065601
3 0.065858
3 0.065954
3 0.065954
3 0.066013
3 0.066013
3 0.066018
5 0.066293
5 0.066765
5 0.066826
5 0.066826
5 0.066963
5 0.066963
4 0.067021
4 0.067060
2 0.067295
2 0.067295
2 0.067376
2 0.067377
4 0.067462
4 0.067515
4 0.067528
5 0.067796
5 0.067861
5 0.067881
5 0.067913
5 0.067970
5 0.067989
5 0.068127
1 0.068554
4 0.068598
4 0.068598
4 0.068669
4 0.068669
4 0.069449
4 0.069577
4 0.069644
1 0.069753
1 0.069753
1 0.069753
1 0.069830
1 0.069830
1 0.069863
4 0.070213
3 0.070233
4 0.070234
3 0.070283
3 0.070290
3 0.070290
3 0.070385
3 0.070385
4 0.070556
3 0.070577
3 0.070623
3 0.070624
3 0.070629
4 0.070655
4 0.070688
3 0.070732
3 0.070732
4 0.070772
4 0.070772
4 0.070777
4 0.070777
4 0.070787
6 0.071005
6 0.071030
6 0.071037
4 0.071239
4 0.071249
4 0.071357
4 0.071367
5 0.071595
5 0.071614
5 0.071654
2 0.071846
2 0.071850
2 0.071857
2 0.071861
3 0.071907
4 0.072318
4 0.072338
4 0.072346
4 0.072363
4 0.072378
4 0.072386
4 0.072388
4 0.072403
4 0.072447
4 0.072449
4 0.072457
4 0.072462
4 0.072475
1 0.072484
1 0.072484
1 0.072484
4 0.072496
4 0.072498
4 0.072501
4 0.072507
4 0.072511
4 0.072517
4 0.072533
4 0.072564
1 0.072567
1 0.072567
4 0.072587
1 0.072603
4 0.072724
4 0.072739
4 0.072756
4 0.072772
4 0.072796
4 0.072824
4 0.072849
5 0.072873
4 0.072883
6 0.072936
6 0.072941
6 0.072944
6 0.073128
6 0.073162
3 0.073865
2 0.073995
2 0.074084
2 0.074129
1 0.074479
4 0.075122
4 0.075151
4 0.075178
4 0.075186
4 0.075192
5 0.075200
4 0.075210
4 0.075219
4 0.075219
4 0.075227
4 0.075242
3 0.075276
4 0.075305
4 0.075321
4 0.075450
4 0.075466
4 0.075634
4 0.075700
4 0.075728
5 0.075789
5 0.075868
5 0.075868
4 0.075910
3 0.075911
4 0.075936
5 0.075944
5 0.076023
5 0.076023
5 0.076045
5 0.076045
4 0.076063
5 0.076113
5 0.076200
5 0.076200
4 0.076285
5 0.076291
4 0.076384
4 0.076417
4 0.076546
4 0.076614
4 0.076634
7 0.076687
7 0.076687
7 0.076687
7 0.076699
7 0.076699
4 0.076702
7 0.076817
4 0.076908
1 0.076935
1 0.076941
4 0.076977
1 0.077026
1 0.077029
1 0.077035
1 0.077070
1 0.077079
1 0.077099
1 0.077102
1 0.077106
1 0.077173
1 0.077193
1 0.077197
1 0.077214
1 0.077234
5 0.077452
1 0.077532
4 0.077769
4 0.077803
4 0.077803
4 0.077973
4 0.077982
4 0.077991
4 0.078000
4 0.078277
4 0.078290
4 0.078320
4 0.078348
4 0.078356
4 0.078378
4 0.078428
5 0.078480
4 0.078564
4 0.078573
4 0.078574
4 0.078771
3 0.078851
5 0.078858
3 0.078895
3 0.078923
3 0.078925
4 0.079011
3 0.079011
4 0.079020
3 0.079056
3 0.079085
4 0.079115
4 0.079137
1 0.079151
4 0.079188
1 0.079197
1 0.079223
1 0.079251
1 0.079294
1 0.079297
2 0.079663
2 0.079664
2 0.079668
7 0.079777
4 0.079913
4 0.079956
4 0.079963
7 0.079987
4 0.080006
4 0.080091
4 0.080093
7 0.080115
7 0.080115
7 0.080128
7 0.080128
7 0.080128
4 0.080178
4 0.080220
4 0.080225
4 0.080313
1 0.080427
1 0.080474
1 0.080478
1 0.080485
1 0.080530
1 0.080574
1 0.080577
1 0.080581
1 0.080621
3 0.080829
4 0.080931
4 0.080931
4 0.080941
4 0.080975
4 0.080982
4 0.080982
4 0.081030
1 0.081066
4 0.081071
1 0.081105
4 0.081112
1 0.081150
4 0.081167
1 0.081171
1 0.081209
1 0.081216
4 0.081587
1 0.081672
1 0.081677
1 0.081686
4 0.081702
4 0.081764
1 0.081778
1 0.081783
1 0.081824
4 0.081880
3 0.081894
3 0.081895
7 0.082115
4 0.082263
3 0.082431
3 0.082431
4 0.082442
4 0.082442
4 0.082487
4 0.082490
4 0.082507
4 0.082510
3 0.082524
3 0.082524
3 0.082524
3 0.082674
3 0.082674
4 0.083051
4 0.083108
4 0.083110
7 0.083243
2 0.083276
3 0.083293
2 0.083333
3 0.083371
3 0.083375
2 0.083447
3 0.083506
3 0.083509
3 0.083529
7 0.083696
7 0.083696
7 0.083696
7 0.083724
7 0.083724
4 0.083787
4 0.083787
4 0.083950
4 0.083950
1 0.083983
1 0.083983
4 0.084037
7 0.084076
4 0.084085
4 0.084179
4 0.084200
4 0.084245
4 0.084247
1 0.084359
1 0.084359
1 0.084433
3 0.084449
4 0.084476
4 0.084584
4 0.084598
4 0.084707
1 0.084945
1 0.084948
1 0.085068
4 0.085538
4 0.085538
4 0.085546
4 0.085546
3 0.085916
1 0.085931
1 0.085935
1 0.085959
1 0.086156
4 0.086803
4 0.086916
3 0.086994
3 0.087056
3 0.087056
4 0.087109
3 0.087155
3 0.087155
3 0.087155
4 0.087242
4 0.087292
4 0.087313
4 0.087364
4 0.087463
4 0.087466
4 0.087565
1 0.087780
1 0.087788
4 0.087798
4 0.087806
1 0.087820
1 0.087825
1 0.087862
1 0.087897
1 0.087902
1 0.087910
4 0.087930
4 0.087938
1 0.087955
4 0.088006
4 0.088064
4 0.088204
1 0.088289
4 0.088456
4 0.088456
4 0.088481
4 0.088516
4 0.088530
4 0.088530
4 0.088582
4 0.088631
4 0.089248
4 0.089367
3 0.089896
4 0.090056
4 0.090122
3 0.090226
4 0.090264
4 0.090330
2 0.090984
2 0.090984
2 0.090987
4 0.092090
4 0.092130
4 0.092137
4 0.092159
4 0.092188
1 0.092201
1 0.092207
1 0.092246
4 0.092337
4 0.092343
1 0.092495
1 0.092495
1 0.092495
1 0.092631
1 0.092631
1 0.092690
3 0.092831
3 0.092876
3 0.092891
1 0.092952
1 0.092952
1 0.092952
3 0.093009
3 0.093021
1 0.093026
1 0.093089
1 0.093089
1 0.093148
1 0.093163
3 0.093199
1 0.093222
1 0.093519
1 0.093663
1 0.093663
1 0.093663
4 0.093746
1 0.093784
1 0.093802
1 0.093802
4 0.093847
1 0.093862
1 0.093924
4 0.093926
1 0.093984
4 0.094028
1 0.094869
1 0.094869
1 0.094869
1 0.095011
1 0.095011
4 0.095072
1 0.095073
1 0.095088
1 0.095232
4 0.095258
1 0.095294
4 0.095303
4 0.095303
4 0.095393
7 0.095685
7 0.095703
7 0.095703
7 0.095703
7 0.095721
7 0.095721
7 0.095905
3 0.096754
3 0.096767
3 0.096877
3 0.096937
3 0.096947
3 0.096953
3 0.097048
3 0.097133
1 0.097174
1 0.097174
1 0.097174
3 0.097189
3 0.097291
1 0.097323
1 0.097323
4 0.097343
1 0.097388
1 0.097407
4 0.097425
1 0.097557
1 0.097645
1 0.097796
1 0.097862
3 0.098209
4 0.098370
4 0.098622
4 0.098627
4 0.098674
4 0.098741
4 0.098750
4 0.098816
4 0.098852
4 0.098857
1 0.098858
4 0.098863
1 0.098866
4 0.098871
1 0.098877
4 0.098927
4 0.098927
4 0.098928
4 0.098968
4 0.099013
1 0.099013
1 0.099020
4 0.099038
4 0.099039
1 0.099080
4 0.099119
4 0.099139
4 0.099188
3 0.099241
3 0.099267
4 0.099273
3 0.099292
4 0.099306
3 0.099310
3 0.099364
4 0.099383
3 0.099415
3 0.099426
3 0.099427
4 0.099440
4 0.099480
4 0.099516
4 0.099517
3 0.099523
3 0.099681
4 0.099903
4 0.099932
4 0.099946
1 0.099950
3 0.100216
3 0.100220
3 0.100249
3 0.100776
4 0.100783
3 0.100787
3 0.100810
4 0.100832
3 0.100838
4 0.100842
4 0.100849
3 0.100897
3 0.101049
4 0.101050
4 0.101053
3 0.101159
4 0.101222
4 0.101235
4 0.101269
4 0.101301
4 0.101314
4 0.101332
4 0.101386
4 0.101417
4 0.101423
4 0.101438
4 0.101480
4 0.101490
4 0.101494
4 0.101544
3 0.101685
3 0.101826
3 0.101987
3 0.102055
3 0.102078
3 0.102129
1 0.102576
1 0.102576
1 0.102576
1 0.102743
1 0.102743
1 0.102816
3 0.103137
3 0.103149
6 0.103191
4 0.103302
4 0.103307
3 0.103312
4 0.103337
4 0.103348
3 0.103349
4 0.103364
3 0.103369
3 0.103381
4 0.103395
4 0.103445
4 0.103468
3 0.103470
4 0.103498
4 0.103518
4 0.103587
4 0.103639
4 0.103709
6 0.103761
1 0.103923
3 0.104032
1 0.104094
1 0.104169
4 0.104252
4 0.104276
4 0.104536
4 0.104631
4 0.104759
4 0.104944
4 0.105005
3 0.105036
4 0.105050
4 0.105098
4 0.105159
4 0.105480
5 0.105547
3 0.105643
3 0.105651
3 0.105657
4 0.105755
4 0.105798
5 0.105814
3 0.105867
3 0.105887
3 0.105901
5 0.105901
4 0.105907
3 0.105978
3 0.105993
5 0.105995
5 0.106036
4 0.106063
3 0.106076
4 0.106096
5 0.106123
4 0.106178
4 0.106195
4 0.106210
4 0.106213
4 0.106227
4 0.106248
4 0.106263
4 0.106286
4 0.106321
4 0.106777
4 0.106783
4 0.106796
4 0.107311
4 0.107350
4 0.107494
2 0.107496
4 0.107557
4 0.107606
4 0.107646
4 0.107723
4 0.107906
3 0.107938
6 0.108088
4 0.108097
4 0.108097
4 0.108102
6 0.108152
4 0.108161
6 0.108163
4 0.108204
4 0.108206
4 0.108275
4 0.108286
2 0.108314
4 0.108338
4 0.108361
4 0.108418
4 0.108419
4 0.108424
2 0.108505
4 0.108529
2 0.108602
3 0.108817
4 0.108830
4 0.108830
3 0.108972
3 0.109066
3 0.109163
3 0.109267
3 0.109319
4 0.109377
4 0.109607
4 0.109636
4 0.109656
3 0.109847
4 0.109854
4 0.109915
3 0.110006
3 0.110118
3 0.110271
3 0.110382
3 0.110498
4 0.110693
4 0.110851
4 0.110880
4 0.110996
4 0.111020
4 0.111046
4 0.111073
4 0.111156
4 0.111163
3 0.111444
4 0.112547
4 0.112574
6 0.112635
6 0.112646
6 0.112647
2 0.112808
2 0.112925
2 0.113015
2 0.113133
2 0.113192
2 0.113239
2 0.113297
4 0.113534
4 0.113799
3 0.113853
2 0.114260
2 0.114295
2 0.114326
2 0.114355
2 0.114725
2 0.114889
2 0.114936
2 0.114947
2 0.114955
3 0.114958
3 0.114963
2 0.115010
3 0.115088
3 0.115091
2 0.115105
1 0.115215
2 0.115226
2 0.115300
3 0.115302
3 0.115322
2 0.115336
3 0.115378
2 0.115410
4 0.115525
4 0.115880
3 0.116016
4 0.116207
8 0.116337
8 0.116343
4 0.116396
8 0.116408
4 0.116413
8 0.116418
4 0.116432
4 0.116434
8 0.116442
8 0.116442
4 0.116453
4 0.116455
8 0.116466
8 0.116467
8 0.116472
8 0.116472
8 0.116485
8 0.116485
8 0.116486
8 0.116487
8 0.116494
8 0.116494
8 0.116494
8 0.116500
8 0.116507
8 0.116507
8 0.116507
8 0.116510
8 0.116510
8 0.116538
8 0.116542
4 0.116652
4 0.116658
4 0.116658
4 0.116712
4 0.116748
3 0.117060
3 0.117150
6 0.117156
3 0.117159
6 0.117244
3 0.117247
1 0.117250
1 0.117261
1 0.117278
3 0.117337
3 0.117462
3 0.117550
3 0.117955
3 0.118004
4 0.118031
3 0.118079
3 0.118099
3 0.118175
4 0.118221
4 0.118262
3 0.118277
4 0.118279
3 0.118315
4 0.118339
3 0.118417
3 0.118596
4 0.119547
4 0.119602
3 0.119675
3 0.119724
3 0.119733
4 0.119802
4 0.119818
4 0.119840
4 0.119856
3 0.119929
3 0.119992
4 0.120006
2 0.120072
4 0.120085
4 0.120118
2 0.120149
2 0.120182
4 0.120197
2 0.120202
3 0.120224
3 0.120246
3 0.120251
3 0.120268
2 0.120301
4 0.120342
2 0.120412
4 0.120421
4 0.120436
4 0.120516
2 0.120531
3 0.120596
3 0.120677
3 0.120850
3 0.120971
3 0.120996
4 0.121098
3 0.121226
4 0.121303
4 0.121320
5 0.121381
1 0.121765
4 0.121772
5 0.121834
4 0.121865
3 0.122300
3 0.122381
3 0.122386
3 0.122467
3 0.122576
3 0.122618
3 0.122728
4 0.122855
4 0.122861
4 0.122876
4 0.123441
4 0.123630
3 0.123645
4 0.123647
3 0.123672
3 0.123690
4 0.123714
4 0.123731
4 0.123755
4 0.124218
3 0.124229
4 0.124243
4 0.124284
4 0.124493
4 0.124502
4 0.124522
4 0.124531
2 0.125605
2 0.125608
4 0.125645
4 0.125669
2 0.125735
2 0.125738
2 0.125816
4 0.125828
4 0.125852
2 0.125993
2 0.126101
3 0.126587
3 0.126613
3 0.126718
3 0.126720
3 0.126822
3 0.126928
2 0.127223
2 0.127272
2 0.127515
2 0.127564
4 0.127751
4 0.127751
4 0.127787
4 0.127787
3 0.127897
3 0.128003
3 0.128031
4 0.128042
3 0.128051
4 0.128059
3 0.128246
3 0.128266
4 0.128289
2 0.128641
2 0.128913
2 0.128939
4 0.129177
4 0.129255
4 0.129363
4 0.129399
4 0.129406
4 0.129406
4 0.129484
4 0.129531
4 0.129561
4 0.129610
4 0.129707
4 0.129726
4 0.129755
4 0.129774
4 0.129902
3 0.130086
5 0.130115
1 0.130217
5 0.130346
5 0.130346
1 0.130486
1 0.130603
5 0.130869
5 0.130869
2 0.131534
2 0.131552
2 0.131615
2 0.131716
2 0.131798
2 0.131827
4 0.131842
4 0.131858
4 0.131876
2 0.131992
2 0.132058
2 0.132095
4 0.132104
2 0.132132
2 0.132141
4 0.132203
4 0.132221
2 0.132242
2 0.132325
2 0.132372
2 0.132521
4 0.132661
4 0.132737
4 0.132839
4 0.132866
4 0.132899
4 0.132966
4 0.133042
4 0.133861
4 0.134299
4 0.134351
4 0.134456
3 0.134494
3 0.134496
3 0.134514
4 0.134534
4 0.134534
5 0.134604
3 0.134663
3 0.134725
3 0.134733
4 0.134740
3 0.134778
3 0.134824
3 0.134900
3 0.134957
5 0.135093
4 0.135100
4 0.135106
4 0.135108
4 0.135381
4 0.135482
4 0.135509
4 0.135531
1 0.135560
4 0.135698
1 0.135851
4 0.136774
4 0.136986
5 0.137129
5 0.137130
4 0.137172
2 0.137344
2 0.137360
4 0.137385
4 0.137524
4 0.137657
2 0.137683
4 0.137797
2 0.139280
2 0.139630
4 0.139716
4 0.139738
4 0.140115
4 0.140135
4 0.140147
4 0.140502
4 0.140511
4 0.140546
3 0.140646
4 0.141762
5 0.141774
5 0.141791
5 0.141795
5 0.141839
5 0.141845
5 0.141849
5 0.141901
4 0.142206
4 0.142512
4 0.143207
2 0.143377
3 0.143404
3 0.143549
2 0.143594
3 0.143648
4 0.143733
4 0.143733
3 0.143808
2 0.143922
3 0.143954
3 0.144178
4 0.146060
4 0.146069
4 0.146090
4 0.146098
4 0.146257
4 0.146389
4 0.146546
4 0.146679
4 0.146770
4 0.146832
4 0.146832
4 0.146892
4 0.146895
4 0.147213
4 0.147427
3 0.147688
1 0.148450
3 0.148618
3 0.149962
3 0.150163
2 0.150286
2 0.150306
3 0.150408
2 0.150412
5 0.150672
4 0.151396
4 0.151879
4 0.151902
7 0.152161
4 0.152281
4 0.152427
4 0.152495
7 0.153304
3 0.153479
3 0.153715
3 0.153715
3 0.154127
3 0.154127
3 0.154127
7 0.155448
7 0.155448
7 0.155448
7 0.155497
7 0.155497
4 0.155671
4 0.155682
4 0.155682
4 0.155878
4 0.155915
7 0.155982
2 0.155995
2 0.156009
2 0.156299
2 0.156317
2 0.156350
2 0.156371
2 0.156433
2 0.156447
4 0.156502
4 0.157174
4 0.157174
2 0.157714
2 0.157744
4 0.157750
2 0.157838
4 0.157900
4 0.157911
3 0.158101
2 0.158181
2 0.158190
2 0.158220
3 0.158324
2 0.158331
4 0.158413
3 0.158443
2 0.158557
3 0.158566
3 0.158576
3 0.158646
2 0.158660
3 0.158738
3 0.158784
3 0.158796
3 0.158853
3 0.158884
3 0.158897
3 0.158991
3 0.158999
3 0.159057
3 0.159059
3 0.159131
3 0.159183
2 0.159338
2 0.159399
2 0.159420
5 0.159638
4 0.160570
4 0.160570
4 0.160955
4 0.160955
2 0.161695
2 0.161776
2 0.161932
7 0.162364
2 0.163269
4 0.163448
4 0.163448
4 0.163478
4 0.163520
2 0.163552
2 0.163625
2 0.163707
2 0.163783
7 0.163827
4 0.163924
4 0.163943
2 0.163977
4 0.163984
4 0.163984
7 0.163988
2 0.163989
2 0.164052
2 0.164066
1 0.164130
5 0.164368
4 0.164391
2 0.164493
2 0.164620
2 0.164749
2 0.164782
3 0.164980
2 0.165067
2 0.165118
2 0.165199
2 0.165206
2 0.165354
2 0.165487
2 0.165551
2 0.165789
4 0.166050
4 0.166054
4 0.166066
3 0.166081
3 0.166124
2 0.166155
4 0.166256
4 0.166256
3 0.166404
2 0.166407
3 0.166421
2 0.166469
3 0.166580
3 0.166615
2 0.166623
4 0.166674
2 0.166755
2 0.166757
3 0.166772
3 0.166861
2 0.166879
2 0.166913
3 0.166931
2 0.167591
2 0.167594
2 0.167637
2 0.167640
2 0.167738
2 0.167763
2 0.167765
3 0.167903
2 0.168376
2 0.168403
3 0.168673
3 0.168983
2 0.169145
2 0.169150
2 0.169660
4 0.169776
4 0.170271
4 0.170369
2 0.170711
5 0.170800
4 0.170867
2 0.170979
2 0.171070
2 0.171204
2 0.171373
2 0.171458
2 0.171463
2 0.171473
2 0.171510
2 0.171529
1 0.172711
4 0.173010
4 0.173103
4 0.173121
4 0.173442
4 0.173536
4 0.173834
4 0.173905
4 0.173919
4 0.174001
4 0.174177
4 0.174189
4 0.174246
4 0.174477
2 0.174572
2 0.174590
2 0.175130
2 0.175136
2 0.175197
2 0.175200
3 0.176012
3 0.176041
3 0.176322
4 0.176333
3 0.176447
3 0.176631
3 0.176778
3 0.176824
4 0.176872
3 0.176888
3 0.177167
3 0.177228
3 0.177299
3 0.177385
3 0.177916
5 0.177971
2 0.178099
3 0.178103
3 0.178485
2 0.178671
3 0.178966
2 0.179288
4 0.179631
4 0.179663
4 0.179663
2 0.179903
2 0.179922
3 0.180382
2 0.180517
2 0.180521
2 0.180788
5 0.181523
5 0.181523
2 0.182155
2 0.182159
4 0.182409
5 0.182414
5 0.182414
2 0.182450
4 0.182472
1 0.182706
1 0.182706
1 0.182708
1 0.182708
1 0.182708
2 0.182726
2 0.182728
5 0.182933
2 0.182936
4 0.183009
2 0.183014
4 0.183073
2 0.183365
2 0.183591
4 0.184243
4 0.184359
4 0.184359
3 0.184826
3 0.184850
4 0.185433
4 0.185486
3 0.185662
3 0.187278
3 0.187287
3 0.187494
2 0.188215
2 0.188224
2 0.188238
2 0.188435
2 0.188525
2 0.188665
2 0.188925
2 0.189138
2 0.189378
2 0.189696
3 0.189710
3 0.190305
3 0.190763
3 0.192003
3 0.192024
3 0.192075
3 0.192152
4 0.192179
4 0.192328
4 0.192338
3 0.192349
3 0.192382
3 0.192694
4 0.194251
4 0.194289
4 0.194689
4 0.194726
2 0.194781
2 0.195193
2 0.195393
2 0.195744
2 0.195813
2 0.196026
2 0.196213
2 0.196222
2 0.196379
2 0.196427
4 0.197851
4 0.198436
4 0.198551
4 0.200561
4 0.200734
4 0.200815
4 0.200988
3 0.201392
2 0.201724
2 0.202099
2 0.202209
2 0.202344
2 0.202344
2 0.202398
2 0.202440
2 0.202635
1 0.202708
1 0.202708
1 0.202711
1 0.202711
1 0.202711
3 0.202761
2 0.202775
2 0.202826
2 0.202938
4 0.203583
2 0.203646
3 0.203810
3 0.204142
4 0.204211
3 0.204263
3 0.204294
4 0.204332
2 0.204346
3 0.204633
3 0.205074
3 0.205282
3 0.205340
3 0.205375
3 0.205375
3 0.205404
3 0.205828
3 0.205828
3 0.205828
3 0.206708
3 0.206708
2 0.207291
2 0.207326
2 0.207478
2 0.207481
2 0.207572
2 0.207572
2 0.207583
4 0.207999
4 0.208272
4 0.208646
4 0.208920
2 0.209354
2 0.209356
2 0.210054
2 0.210074
2 0.210074
2 0.210136
2 0.210193
2 0.210195
2 0.210299
2 0.210480
2 0.210625
4 0.210695
2 0.210705
4 0.210975
2 0.211033
4 0.211095
2 0.211187
4 0.211278
2 0.211292
4 0.211340
4 0.211469
2 0.211595
4 0.212080
4 0.212125
2 0.212386
4 0.212646
4 0.212806
2 0.213249
2 0.213268
4 0.213331
2 0.214890
2 0.214890
2 0.215035
3 0.215398
4 0.215601
4 0.215736
4 0.215978
4 0.216114
3 0.216607
2 0.217119
2 0.217230
2 0.217289
2 0.217294
2 0.217312
2 0.217323
2 0.217423
4 0.218122
3 0.218225
4 0.218260
2 0.218326
4 0.218385
4 0.218523
2 0.218702
3 0.218770
3 0.218973
2 0.219116
3 0.219267
2 0.219616
2 0.219657
3 0.219722
3 0.219817
2 0.221640
2 0.221934
2 0.221937
2 0.222316
2 0.222376
2 0.222422
2 0.222481
3 0.222885
3 0.222961
2 0.223043
2 0.223246
2 0.223352
3 0.223405
3 0.223405
3 0.223947
3 0.223947
3 0.223947
4 0.224382
4 0.224528
4 0.224528
2 0.225041
2 0.225344
2 0.226033
2 0.226339
4 0.227588
4 0.227956
4 0.228034
4 0.228102
4 0.228128
4 0.228279
4 0.228305
2 0.228415
3 0.228447
4 0.228456
2 0.228554
4 0.228629
3 0.228704
4 0.228797
1 0.228925
1 0.228925
1 0.228926
1 0.228927
3 0.228991
2 0.229155
3 0.229274
3 0.229397
2 0.229401
2 0.229414
2 0.229630
3 0.229787
3 0.229850
2 0.229867
3 0.230046
2 0.230104
2 0.230113
2 0.230352
4 0.230388
3 0.230713
2 0.230835
2 0.230836
2 0.230843
2 0.230844
3 0.230942
3 0.230962
4 0.231182
3 0.231204
3 0.231224
3 0.231296
2 0.231377
2 0.231379
3 0.231540
3 0.231619
2 0.231684
3 0.231710
2 0.231748
2 0.231748
3 0.231803
3 0.232019
2 0.232040
3 0.232166
2 0.232285
1 0.232545
2 0.232551
2 0.232663
2 0.232866
3 0.233211
2 0.234002
2 0.235651
2 0.235844
2 0.235911
3 0.236196
2 0.236573
2 0.236586
3 0.237294
3 0.237356
3 0.237614
2 0.237645
3 0.237962
3 0.238302
3 0.238465
4 0.238519
4 0.238544
4 0.238544
3 0.238600
3 0.238702
3 0.239117
3 0.239273
3 0.239506
3 0.239772
2 0.239963
2 0.239992
3 0.240272
2 0.240308
2 0.240712
2 0.240717
2 0.240809
2 0.240821
2 0.241234
2 0.241237
2 0.241586
1 0.241815
1 0.241845
1 0.241848
1 0.241849
1 0.241900
1 0.241903
2 0.241919
2 0.241931
3 0.242126
3 0.242188
4 0.242205
4 0.242221
3 0.242358
2 0.242630
2 0.242637
3 0.242664
3 0.242705
3 0.242731
3 0.242766
3 0.243010
3 0.243035
3 0.243043
2 0.243238
1 0.243274
1 0.243277
1 0.243278
2 0.243428
1 0.243473
1 0.243477
1 0.243505
1 0.243509
1 0.243539
3 0.243566
4 0.243575
2 0.243592
2 0.243673
2 0.243679
2 0.243881
3 0.243956
3 0.244178
3 0.244209
2 0.244237
3 0.244244
2 0.244499
3 0.244597
2 0.244627
3 0.244767
3 0.244891
7 0.244972
4 0.245011
4 0.245078
3 0.245187
3 0.245259
3 0.245419
3 0.245427
3 0.245498
3 0.245572
3 0.245730
4 0.246768
4 0.246944
4 0.246944
2 0.247097
2 0.247097
2 0.247109
2 0.247109
4 0.248398
4 0.248487
4 0.249414
4 0.249420
4 0.249451
4 0.249470
4 0.249474
4 0.249650
3 0.249678
4 0.249825
4 0.250002
4 0.250256
4 0.250728
4 0.250849
4 0.250997
4 0.251134
4 0.251806
2 0.251873
4 0.252067
2 0.252382
2 0.252397
2 0.252763
2 0.252779
3 0.253009
2 0.253087
2 0.253104
3 0.253483
4 0.253980
3 0.254023
4 0.254257
3 0.254340
3 0.254717
3 0.254819
3 0.255036
3 0.255044
3 0.255882
7 0.256017
4 0.256608
3 0.256726
2 0.257223
4 0.257433
4 0.257451
4 0.257506
2 0.257605
2 0.257619
4 0.257738
4 0.258278
3 0.259848
3 0.260620
3 0.261037
1 0.261223
1 0.261223
1 0.261223
1 0.261223
1 0.261225
4 0.261835
4 0.261931
4 0.262188
3 0.262307
4 0.262401
4 0.262558
4 0.262612
4 0.262772
4 0.263084
4 0.263894
4 0.264467
4 0.264486
4 0.265546
4 0.266148
3 0.266648
3 0.267538
4 0.267558
3 0.267861
3 0.268445
3 0.268695
3 0.268834
3 0.269353
5 0.269610
3 0.269628
5 0.270082
3 0.270134
3 0.270184
5 0.270762
5 0.270778
3 0.270969
5 0.271233
5 0.271240
5 0.271256
3 0.271420
2 0.271617
2 0.271962
3 0.272770
5 0.273012
4 0.273149
5 0.273226
4 0.273365
2 0.273410
3 0.273587
3 0.273990
4 0.274213
5 0.274442
2 0.274818
4 0.274823
4 0.274823
4 0.274893
5 0.275304
5 0.275551
5 0.275594
5 0.275672
5 0.275695
5 0.275779
5 0.275794
5 0.275817
4 0.275870
4 0.275904
4 0.275987
5 0.277051
3 0.277278
4 0.277447
4 0.277524
5 0.278183
4 0.278204
2 0.278385
4 0.278773
5 0.278781
4 0.278804
5 0.279067
2 0.279076
4 0.279376
4 0.279428
3 0.279496
4 0.279603
4 0.279681
2 0.279696
2 0.279747
2 0.279747
3 0.279976
1 0.280068
1 0.280072
1 0.280073
4 0.280222
4 0.280263
4 0.280372
2 0.280393
4 0.280440
4 0.280600
4 0.280626
1 0.280636
1 0.280640
1 0.280641
4 0.280670
1 0.280685
1 0.280690
1 0.280773
3 0.280873
2 0.280956
3 0.281049
4 0.281123
4 0.281333
4 0.281736
4 0.281820
3 0.281953
4 0.282321
2 0.282355
4 0.282941
4 0.283000
4 0.283650
2 0.283705
4 0.283709
3 0.283714
4 0.284318
3 0.284659
4 0.284781
3 0.284977
3 0.285459
3 0.286336
3 0.286344
4 0.286722
1 0.287714
4 0.287952
1 0.287978
1 0.287982
1 0.287984
3 0.288041
4 0.288135
1 0.288465
1 0.288470
2 0.288506
2 0.288561
2 0.288664
2 0.288881
2 0.288905
2 0.289212
2 0.289253
2 0.289315
2 0.289315
4 0.289377
2 0.289836
2 0.290068
2 0.290112
2 0.290174
2 0.290509
4 0.290554
2 0.290586
2 0.290697
4 0.290740
2 0.290740
4 0.290799
2 0.290949
2 0.290964
2 0.291198
2 0.291245
2 0.291262
2 0.291610
2 0.291643
2 0.291656
4 0.291716
2 0.292132
4 0.292232
4 0.292674
4 0.292704
4 0.292769
4 0.292922
5 0.294219
5 0.294251
4 0.295858
4 0.295858
1 0.295923
3 0.296055
2 0.296504
2 0.296696
1 0.297316
2 0.297363
4 0.297442
4 0.297442
2 0.297992
2 0.298132
4 0.298173
4 0.298321
3 0.298465
2 0.299154
2 0.299209
3 0.299295
2 0.299671
2 0.299671
2 0.299677
3 0.299735
2 0.299781
2 0.299806
3 0.299856
4 0.300024
4 0.300090
4 0.300114
2 0.300257
2 0.300385
3 0.300522
4 0.300547
2 0.300683
2 0.300684
2 0.300700
2 0.300743
2 0.300790
2 0.300791
2 0.300799
2 0.300799
2 0.300856
2 0.300856
2 0.300919
2 0.300930
3 0.300966
2 0.301045
2 0.301060
2 0.301102
2 0.301241
2 0.301241
2 0.301363
2 0.301369
2 0.301372
2 0.301424
2 0.301437
2 0.301503
2 0.301534
2 0.301681
2 0.301686
4 0.301799
3 0.301850
4 0.302064
2 0.302105
3 0.302402
3 0.302432
3 0.302524
3 0.302542
2 0.302611
2 0.302659
3 0.302721
2 0.302726
2 0.302727
2 0.302845
2 0.302846
2 0.302886
4 0.302892
2 0.302943
2 0.302962
3 0.303074
2 0.303281
2 0.303282
2 0.303295
2 0.303296
2 0.303298
2 0.303334
2 0.303338
3 0.303350
4 0.303447
3 0.303510
3 0.303630
3 0.303704
2 0.303729
2 0.304034
2 0.304034
2 0.304048
4 0.304068
2 0.304092
4 0.304161
3 0.304352
3 0.304388
3 0.304391
2 0.304487
3 0.304632
2 0.304758
4 0.304799
2 0.304800
3 0.304800
4 0.305198
3 0.305284
4 0.305342
4 0.305877
5 0.305957
2 0.306018
3 0.306018
4 0.306279
4 0.306432
3 0.306474
3 0.306587
3 0.306902
3 0.306915
3 0.306956
4 0.307249
3 0.307503
3 0.307561
3 0.307602
3 0.307685
3 0.307902
5 0.307984
2 0.308228
3 0.308454
3 0.308554
3 0.308894
2 0.309128
2 0.309243
3 0.309669
2 0.309837
2 0.310349
2 0.310495
2 0.310875
2 0.311452
3 0.311658
3 0.312258
2 0.312343
2 0.312482
4 0.312980
2 0.313024
4 0.313195
3 0.313374
2 0.313512
2 0.313563
4 0.313598
4 0.313814
2 0.313924
2 0.314059
4 0.314258
4 0.314396
5 0.314557
2 0.314875
4 0.315405
2 0.315682
5 0.315702
2 0.316849
5 0.316902
4 0.316914
5 0.316924
2 0.316955
2 0.317079
2 0.317080
5 0.317323
5 0.317332
5 0.317354
5 0.317779
4 0.317881
4 0.318169
4 0.318191
4 0.318666
2 0.318829
4 0.318914
4 0.318956
2 0.319328
2 0.319399
4 0.319501
4 0.319570
2 0.319858
3 0.319910
4 0.320050
2 0.320161
3 0.320206
3 0.320344
3 0.320854
4 0.320966
4 0.321059
4 0.321069
3 0.321151
4 0.321616
2 0.321680
3 0.321700
4 0.321719
4 0.321724
2 0.321755
2 0.321885
5 0.322017
3 0.322214
5 0.322322
5 0.322847
4 0.323425
4 0.323729
3 0.323734
3 0.323950
5 0.324014
5 0.324355
5 0.324922
4 0.325267
4 0.325744
4 0.325775
3 0.325803
4 0.325924
4 0.326052
3 0.326186
4 0.326435
5 0.326448
3 0.326634
3 0.326663
3 0.326820
3 0.326867
3 0.326989
2 0.327180
2 0.327185
2 0.327438
4 0.327493
4 0.327642
2 0.327656
5 0.327658
4 0.327675
2 0.327851
3 0.328278
2 0.328294
3 0.328540
2 0.328596
3 0.328736
4 0.328742
2 0.328842
3 0.328859
2 0.329093
2 0.329594
5 0.329857
1 0.329994
3 0.330034
1 0.330050
1 0.330051
1 0.330054
1 0.330153
1 0.330153
2 0.330236
4 0.330287
4 0.330408
2 0.330596
3 0.330668
2 0.330740
3 0.331327
3 0.332701
1 0.332717
1 0.332718
1 0.332720
1 0.333089
1 0.333093
3 0.333126
3 0.333128
1 0.333150
1 0.333151
1 0.333209
3 0.333336
3 0.333389
3 0.333763
3 0.333765
3 0.334171
3 0.334516
3 0.334547
3 0.334894
4 0.334903
4 0.335007
3 0.335158
3 0.335188
2 0.335227
4 0.335523
3 0.335682
2 0.336106
2 0.336125
2 0.336158
3 0.336328
4 0.336352
4 0.336418
4 0.336735
2 0.336768
4 0.336962
2 0.337125
2 0.337265
2 0.337504
2 0.337586
4 0.337637
2 0.337655
2 0.337657
2 0.337741
3 0.337758
3 0.337774
2 0.337812
3 0.337823
4 0.337901
4 0.338055
4 0.338217
4 0.338227
3 0.338358
3 0.338428
3 0.338478
3 0.338587
4 0.338604
4 0.338649
4 0.339116
2 0.339118
4 0.339155
3 0.339519
3 0.339640
4 0.339777
4 0.340451
4 0.340495
3 0.340670
4 0.340675
2 0.340820
2 0.340825
3 0.340911
4 0.341066
2 0.341069
2 0.341074
4 0.341122
4 0.341122
4 0.341267
4 0.341285
4 0.341461
3 0.341624
2 0.342083
2 0.342155
3 0.342435
4 0.342653
3 0.342835
2 0.342949
3 0.342961
3 0.343155
3 0.343611
2 0.343813
2 0.343954
3 0.344135
3 0.344506
2 0.344601
3 0.344767
3 0.344814
2 0.344885
3 0.344891
3 0.344896
3 0.345190
3 0.345229
2 0.345409
2 0.345572
3 0.345582
2 0.345607
3 0.345604
3 0.345677
2 0.345892
2 0.345992
3 0.346047
3 0.346093
2 0.346099
3 0.346712
3 0.346784
2 0.346941
2 0.346980
2 0.347127
2 0.347167
2 0.347178
2 0.347240
2 0.347592
3 0.347623
2 0.347921
2 0.348125
2 0.348215
2 0.348693
2 0.348916
2 0.348926
2 0.348933
4 0.349086
2 0.349187
4 0.349322
4 0.349443
2 0.349504
2 0.349528
2 0.349548
2 0.349623
2 0.349728
2 0.349878
4 0.350267
2 0.350267
4 0.350545
2 0.350686
2 0.350708
2 0.350778
2 0.350842
4 0.350901
2 0.350928
4 0.350963
2 0.351266
4 0.351321
2 0.351583
2 0.351625
2 0.351703
2 0.351781
2 0.351832
4 0.352129
3 0.352195
2 0.352410
2 0.352657
3 0.353223
2 0.353239
2 0.353381
2 0.353401
3 0.353440
2 0.353479
3 0.353591
2 0.353754
2 0.354021
2 0.354451
2 0.354471
2 0.354606
2 0.354723
2 0.355011
2 0.355038
2 0.355187
3 0.355626
3 0.355779
4 0.356141
2 0.356315
4 0.356435
2 0.356759
2 0.357478
2 0.357586
2 0.358251
2 0.358568
4 0.359411
2 0.359747
2 0.360615
2 0.360656
4 0.361465
4 0.362169
2 0.362844
2 0.362877
4 0.363238
4 0.363879
4 0.363949
2 0.364051
2 0.364071
4 0.364263
4 0.364263
2 0.364760
4 0.364857
3 0.365481
2 0.366355
4 0.366582
4 0.366878
2 0.366895
2 0.367052
3 0.367234
4 0.367251
2 0.368002
4 0.368175
2 0.368322
3 0.368343
2 0.368437
2 0.368744
5 0.369122
1 0.369341
1 0.369344
1 0.369345
3 0.369621
3 0.369643
4 0.369713
5 0.369941
3 0.369976
5 0.370370
5 0.370377
3 0.370380
3 0.370380
3 0.370441
3 0.370580
3 0.370831
3 0.371060
3 0.371355
2 0.371380
2 0.371502
3 0.371509
3 0.371614
2 0.371668
5 0.371837
3 0.372195
3 0.372301
3 0.372637
5 0.372669
4 0.372695
4 0.372699
2 0.372709
2 0.372710
2 0.372838
2 0.372942
3 0.372957
2 0.372987
2 0.372988
3 0.372990
4 0.373009
2 0.373028
3 0.373086
3 0.373320
3 0.373589
2 0.373678
2 0.373685
2 0.373716
4 0.373774
4 0.373791
2 0.373940
2 0.373952
2 0.374082
2 0.374105
2 0.374120
2 0.374270
3 0.374370
3 0.374506
2 0.374535
4 0.374595
5 0.374771
3 0.374796
2 0.374994
2 0.375055
2 0.375315
3 0.375575
4 0.375680
3 0.375829
4 0.375946
2 0.376013
3 0.376094
3 0.376224
2 0.376247
5 0.376265
4 0.376294
2 0.376353
2 0.376582
2 0.376590
2 0.376610
4 0.376705
2 0.377507
3 0.377510
4 0.377556
2 0.377849
2 0.378605
2 0.378778
4 0.378846
4 0.379219
3 0.379235
2 0.379544
2 0.380311
2 0.380406
3 0.381207
6 0.381243
2 0.381480
4 0.381606
3 0.381783
4 0.381810
2 0.382262
1 0.382366
1 0.382449
1 0.382495
1 0.382543
1 0.382611
1 0.382627
1 0.382659
2 0.383137
2 0.383416
6 0.383533
2 0.383695
2 0.383779
4 0.383780
4 0.384216
2 0.384390
2 0.384468
4 0.384509
4 0.384645
2 0.384898
4 0.385148
2 0.385189
2 0.385212
2 0.385256
2 0.385348
3 0.385457
1 0.385611
2 0.385666
2 0.385723
2 0.385826
2 0.386162
3 0.386259
2 0.386459
2 0.386481
2 0.386522
2 0.386552
2 0.386576
4 0.386589
4 0.386589
4 0.386984
4 0.386984
4 0.387325
2 0.387354
4 0.387475
2 0.387519
3 0.387635
2 0.387690
3 0.387899
2 0.388329
2 0.388355
2 0.388423
3 0.388786
3 0.389286
2 0.389462
2 0.389741
3 0.390415
2 0.390856
3 0.391291
2 0.391307
2 0.391322
2 0.391864
2 0.392039
2 0.392769
4 0.393179
3 0.393246
3 0.393594
4 0.394318
2 0.394399
3 0.394597
2 0.394615
4 0.394643
2 0.394732
1 0.394841
1 0.394860
1 0.394871
3 0.394913
2 0.395046
1 0.395305
1 0.395401
1 0.395409
1 0.395412
2 0.395548
1 0.395564
1 0.395573
4 0.395789
3 0.396270
2 0.396408
2 0.396744
2 0.396849
2 0.397319
2 0.397438
4 0.397570
2 0.397595
4 0.397652
4 0.397822
2 0.398384
2 0.398654
2 0.399389
4 0.399621
1 0.399908
4 0.400053
2 0.400860
2 0.402500
2 0.402745
2 0.403338
2 0.403362
2 0.403430
2 0.403621
2 0.403662
2 0.404243
2 0.404310
2 0.404609
2 0.404726
2 0.404894
2 0.404936
2 0.405521
2 0.405523
2 0.405523
2 0.405567
2 0.405567
1 0.405592
1 0.405594
1 0.405598
2 0.406175
2 0.406175
2 0.406218
2 0.406290
2 0.406408
2 0.406620
1 0.406785
1 0.406786
1 0.406790
1 0.406889
1 0.406890
1 0.407066
2 0.407077
2 0.407103
2 0.407239
2 0.407330
3 0.407379
3 0.407513
2 0.407701
2 0.407887
2 0.407999
3 0.408217
2 0.408505
3 0.408541
2 0.408580
2 0.408627
2 0.408774
2 0.408831
2 0.408942
2 0.409044
3 0.409045
2 0.409408
2 0.409530
2 0.409680
2 0.409734
2 0.409768
2 0.409809
2 0.409840
2 0.409841
2 0.409940
2 0.410416
3 0.410422
2 0.410588
2 0.410615
2 0.410718
2 0.410825
2 0.410849
2 0.410991
2 0.411045
2 0.411100
2 0.411135
2 0.411195
2 0.411318
2 0.411500
2 0.411534
2 0.411566
4 0.411743
3 0.411976
4 0.411980
2 0.412038
5 0.412058
2 0.412144
2 0.412144
5 0.412165
2 0.412171
2 0.412262
3 0.412275
4 0.412320
5 0.412513
4 0.412558
5 0.412665
2 0.412726
2 0.413049
2 0.413397
5 0.413528
2 0.414187
2 0.414310
2 0.414324
2 0.414344
2 0.414449
2 0.414469
2 0.414491
2 0.414686
2 0.414708
2 0.414724
4 0.414783
5 0.415444
2 0.415447
2 0.415770
4 0.415869
5 0.416003
2 0.417040
3 0.417294
5 0.417970
4 0.418340
2 0.418662
3 0.418815
2 0.419076
2 0.419097
2 0.419370
4 0.419445
2 0.419745
2 0.419788
5 0.421454
1 0.421828
3 0.421949
2 0.422289
1 0.422395
1 0.422396
1 0.422401
2 0.422599
2 0.422645
1 0.423445
1 0.423446
2 0.423912
3 0.424068
2 0.424596
2 0.424671
2 0.425509
2 0.425511
2 0.425532
2 0.425874
4 0.426167
4 0.426694
4 0.426694
2 0.427431
2 0.427544
2 0.427675
2 0.427720
2 0.427748
2 0.427782
2 0.427795
2 0.427863
2 0.427863
2 0.427890
2 0.427910
2 0.428036
2 0.428252
2 0.428323
2 0.428417
2 0.428446
2 0.428493
2 0.428521
2 0.428560
2 0.428689
3 0.428738
2 0.428894
2 0.429003
2 0.429003
2 0.429246
2 0.429306
2 0.429342
2 0.429417
4 0.429498
4 0.429498
2 0.429599
2 0.429613
2 0.430407
2 0.430407
2 0.430428
2 0.430482
2 0.430503
4 0.430515
4 0.430515
2 0.430529
2 0.430660
2 0.430718
2 0.430718
2 0.430756
2 0.430844
2 0.431021
2 0.431022
2 0.431332
2 0.431466
2 0.431660
2 0.431661
2 0.431704
2 0.431835
2 0.431891
2 0.432084
2 0.432108
2 0.432366
2 0.432600
2 0.432698
4 0.432860
2 0.432868
2 0.432907
2 0.432981
2 0.433238
2 0.433239
2 0.433268
2 0.433308
2 0.433355
2 0.433392
3 0.433480
2 0.433525
2 0.433540
2 0.433554
2 0.433658
2 0.433808
2 0.434155
2 0.434322
2 0.434403
3 0.434403
2 0.434403
2 0.434442
2 0.434443
2 0.434559
2 0.434619
2 0.434677
2 0.434678
2 0.434739
2 0.434844
2 0.434845
2 0.434864
2 0.435065
2 0.435248
2 0.435268
2 0.435482
2 0.435542
2 0.435581
3 0.435802
2 0.435846
2 0.435848
2 0.435848
2 0.435875
2 0.435967
2 0.436062
3 0.436444
4 0.436735
3 0.436773
2 0.436776
2 0.436812
1 0.436942
1 0.436947
1 0.436948
2 0.437050
2 0.437284
2 0.437554
3 0.437711
2 0.437926
2 0.437966
2 0.437966
2 0.438568
2 0.438593
2 0.438656
3 0.438688
4 0.439419
2 0.439467
2 0.439717
2 0.439907
2 0.440620
2 0.440662
2 0.440722
4 0.441170
2 0.441570
2 0.441614
2 0.441821
2 0.443675
2 0.444073
4 0.444090
3 0.444134
2 0.444426
2 0.444477
4 0.444563
2 0.444805
2 0.444805
2 0.444892
3 0.444894
2 0.444944
2 0.445363
2 0.445522
3 0.446286
2 0.446666
2 0.446749
2 0.446768
2 0.446846
2 0.446872
2 0.446918
2 0.447063
4 0.447528
2 0.447916
2 0.448576
2 0.448897
2 0.448945
2 0.448946
2 0.449072
2 0.449248
3 0.449463
3 0.450790
3 0.451509
3 0.452089
5 0.452393
3 0.452549
3 0.452856
3 0.453406
4 0.453473
3 0.453656
3 0.454012
2 0.454082
3 0.454167
5 0.454976
5 0.455581
3 0.455666
2 0.455901
3 0.455919
2 0.456022
2 0.456150
2 0.456446
3 0.457054
4 0.457059
3 0.458901
2 0.459226
2 0.459725
2 0.459746
2 0.460342
2 0.460452
2 0.461073
2 0.461149
3 0.461190
2 0.461237
2 0.461443
2 0.461497
2 0.462255
5 0.463017
3 0.463207
2 0.464015
2 0.464311
2 0.464470
2 0.464910
2 0.464910
2 0.465044
3 0.465127
2 0.465214
4 0.465540
1 0.465542
1 0.465542
1 0.465542
1 0.465586
1 0.465586
1 0.465586
1 0.465666
1 0.465666
1 0.465666
2 0.466294
4 0.466397
3 0.467018
4 0.467028
2 0.467057
2 0.467073
3 0.467479
2 0.467504
2 0.467754
2 0.467838
2 0.467973
2 0.468190
4 0.468231
2 0.468327
4 0.468834
2 0.469221
2 0.469273
2 0.469451
3 0.469754
2 0.469766
2 0.469767
2 0.469976
2 0.470032
2 0.470053
2 0.470176
2 0.470250
2 0.470303
2 0.470448
2 0.470667
2 0.470881
2 0.470913
3 0.470946
2 0.471133
2 0.472112
3 0.472412
3 0.473386
4 0.473484
3 0.473921
3 0.473921
2 0.474303
3 0.474867
3 0.474999
3 0.474999
3 0.474999
2 0.475260
2 0.475402
3 0.476308
3 0.476596
3 0.476596
4 0.476662
1 0.477378
1 0.477378
1 0.477378
4 0.477393
1 0.477424
1 0.477425
1 0.477425
4 0.477436
1 0.477508
1 0.477509
1 0.477509
2 0.477511
2 0.477540
4 0.477966
3 0.477977
4 0.478044
4 0.478476
4 0.478629
4 0.479552
4 0.479800
4 0.479862
4 0.479961
3 0.480110
4 0.480208
1 0.480301
1 0.480348
1 0.480432
4 0.480646
3 0.481113
4 0.481450
4 0.482540
3 0.482754
4 0.483816
4 0.484050
3 0.484152
4 0.484402
2 0.484472
4 0.484566
2 0.484627
2 0.485775
2 0.485812
2 0.486232
2 0.486624
3 0.486842
2 0.487288
2 0.487337
3 0.488298
2 0.489222
3 0.489222
4 0.489261
4 0.490364
2 0.490820
4 0.491859
2 0.492590
5 0.493165
3 0.493260
2 0.494245
4 0.494267
2 0.494438
2 0.495709
3 0.496029
3 0.496029
1 0.496876
1 0.496876
1 0.496877
1 0.496926
1 0.496927
1 0.496927
1 0.497018
1 0.497018
1 0.497018
3 0.500824
3 0.500824
2 0.501674
1 0.502018
1 0.502069
1 0.502162
2 0.504338
3 0.505128
3 0.506214
3 0.506507
3 0.506997
2 0.507146
2 0.507222
3 0.509034
2 0.509234
3 0.509330
2 0.511173
2 0.511334
3 0.511360
5 0.511548
3 0.511918
3 0.512617
1 0.513257
1 0.513257
1 0.513272
1 0.513272
1 0.513272
1 0.513276
3 0.513775
2 0.513939
2 0.514171
2 0.514333
4 0.514482
3 0.515042
2 0.515047
3 0.515391
2 0.516138
3 0.517273
2 0.517734
2 0.518737
2 0.519194
4 0.519967
2 0.520810
3 0.526977
1 0.527644
1 0.527644
1 0.527659
1 0.527659
1 0.527659
1 0.527663
4 0.529148
1 0.530036
1 0.530052
1 0.530056
4 0.530699
2 0.532399
1 0.533058
1 0.533058
1 0.533059
1 0.533116
1 0.533116
1 0.533117
1 0.533221
1 0.533222
1 0.533222
5 0.534143
2 0.534559
5 0.535123
4 0.536400
5 0.537420
2 0.537585
2 0.537906
4 0.537994
2 0.538085
2 0.538327
2 0.538601
2 0.539324
2 0.539411
2 0.539980
2 0.540018
2 0.540064
2 0.541069
5 0.541610
2 0.541728
2 0.542516
4 0.542741
5 0.542989
1 0.543669
1 0.543729
1 0.543837
4 0.545465
2 0.546258
5 0.547264
5 0.547678
4 0.547885
2 0.548455
4 0.548817
4 0.549451
4 0.550479
3 0.550977
1 0.551413
1 0.551413
1 0.551430
1 0.551430
1 0.551430
1 0.551435
5 0.552388
5 0.552388
1 0.555637
1 0.555655
1 0.555660
5 0.557336
1 0.557889
5 0.558167
5 0.558478
2 0.558477
3 0.559386
5 0.559945
5 0.560583
5 0.560715
5 0.560715
5 0.560897
2 0.561262
2 0.561503
2 0.575552
4 0.575649
2 0.576261
4 0.577074
2 0.578539
2 0.578540
2 0.581186
4 0.583533
4 0.584242
2 0.584785
4 0.588408
4 0.589414
2 0.590471
3 0.594802
1 0.596004
1 0.596004
1 0.596023
1 0.596023
1 0.596023
1 0.596029
3 0.597310
3 0.598133
3 0.598989
3 0.599024
1 0.599694
3 0.601120
4 0.601685
3 0.602399
3 0.603683
4 0.604120
1 0.604790
1 0.604811
1 0.604816
4 0.606943
3 0.607927
2 0.608290
4 0.609422
3 0.610404
2 0.610508
4 0.610762
1 0.610796
2 0.611468
3 0.611867
1 0.614228
4 0.614402
2 0.615427
1 0.615767
1 0.615768
1 0.615769
1 0.615844
1 0.615846
1 0.615848
1 0.615985
1 0.615988
1 0.615989
4 0.617398
4 0.618506
2 0.619963
3 0.620129
2 0.621597
4 0.622510
1 0.625856
1 0.626328
1 0.630205
1 0.630205
1 0.632513
1 0.632516
1 0.632652
1 0.632655
1 0.632656
1 0.632658
1 0.632660
5 0.633180
3 0.633223
2 0.635973
3 0.636067
1 0.636554
1 0.636554
3 0.636559
1 0.636810
1 0.637608
3 0.638010
3 0.638506
3 0.639213
1 0.639350
1 0.645538
1 0.645622
1 0.645776
2 0.645882
2 0.645959
2 0.645959
2 0.645959
5 0.646191
5 0.646793
2 0.647321
2 0.647321
2 0.647568
2 0.647707
2 0.647970
2 0.648577
2 0.648686
2 0.648688
2 0.648825
2 0.649371
2 0.649759
2 0.649760
2 0.649763
2 0.650021
5 0.650204
2 0.650262
2 0.650320
2 0.650322
2 0.650398
2 0.650425
4 0.650703
2 0.650782
3 0.650935
2 0.651151
2 0.651242
2 0.651256
4 0.651296
4 0.651933
4 0.652528
2 0.653762
2 0.653936
2 0.654114
2 0.654118
5 0.654558
2 0.655194
2 0.655241
2 0.655357
2 0.655642
2 0.655766
2 0.655787
2 0.655789
2 0.655789
2 0.656087
2 0.656136
2 0.656138
2 0.656219
2 0.656219
2 0.656221
2 0.656710
2 0.657292
2 0.659083
5 0.660310
1 0.660673
2 0.662919
2 0.662920
2 0.662921
2 0.664288
4 0.664628
4 0.664628
2 0.664819
2 0.665440
1 0.665567
2 0.666850
2 0.667971
4 0.668225
5 0.668404
3 0.670921
4 0.671051
4 0.671051
3 0.671134
2 0.671961
2 0.672325
1 0.672814
1 0.672839
3 0.673299
3 0.673802
4 0.673991
3 0.674115
3 0.674380
3 0.674380
3 0.674380
3 0.676299
5 0.676659
3 0.677023
2 0.677685
4 0.677828
5 0.679149
3 0.679393
3 0.679393
4 0.680735
2 0.681236
3 0.681890
5 0.681928
4 0.681942
4 0.681942
5 0.683083
4 0.683294
2 0.684599
2 0.684870
2 0.685885
2 0.687137
4 0.687839
5 0.688066
2 0.688680
2 0.689701
2 0.690834
5 0.690918
2 0.690978
2 0.691247
2 0.691294
2 0.692426
4 0.693351
2 0.693793
1 0.700383
1 0.700385
1 0.700410
1 0.700413
1 0.700416
1 0.700418
4 0.700604
3 0.701825
1 0.701923
1 0.702226
1 0.702230
1 0.702243
1 0.702741
1 0.702745
3 0.702767
3 0.703331
4 0.703428
4 0.705556
4 0.706325
3 0.708107
2 0.708592
3 0.708679
2 0.711204
2 0.713084
2 0.713237
2 0.714646
2 0.715305
2 0.715806
4 0.715819
1 0.715867
4 0.716100
2 0.716981
2 0.718407
3 0.719223
2 0.720419
2 0.723113
2 0.725472
2 0.725487
1 0.725615
1 0.725645
1 0.725653
2 0.726128
2 0.726963
4 0.727272
2 0.727944
2 0.728027
2 0.728226
2 0.728990
2 0.729414
2 0.729497
2 0.729831
2 0.730013
2 0.730496
2 0.730619
3 0.730886
3 0.730913
2 0.731513
2 0.732094
2 0.732100
2 0.732198
2 0.732201
2 0.733169
2 0.733195
2 0.733248
2 0.733275
2 0.734838
2 0.734892
2 0.735739
2 0.736367
2 0.736508
2 0.736697
3 0.736738
2 0.736972
2 0.737105
2 0.737702
2 0.738234
2 0.738318
2 0.738578
2 0.738935
2 0.740938
2 0.740986
3 0.741213
3 0.741608
5 0.742440
5 0.743937
2 0.744019
5 0.744513
3 0.745112
3 0.745741
3 0.745746
3 0.747782
1 0.747850
1 0.747930
2 0.748096
1 0.748114
1 0.748273
3 0.748420
2 0.748841
3 0.749490
4 0.750301
3 0.751806
2 0.752911
2 0.752970
2 0.753269
3 0.755350
2 0.755686
2 0.755720
2 0.756759
4 0.758783
2 0.759539
2 0.760036
2 0.760130
2 0.760490
3 0.761097
2 0.762956
2 0.763061
2 0.765070
2 0.765164
2 0.765889
2 0.767907
1 0.770887
3 0.771307
4 0.771664
1 0.777408
1 0.777631
1 0.777753
4 0.780214
3 0.780971
4 0.781555
3 0.782283
3 0.783452
3 0.783639
3 0.784154
3 0.785010
3 0.787571
1 0.788844
2 0.789678
2 0.790063
3 0.791679
4 0.792456
4 0.793840
1 0.794533
1 0.794936
1 0.794974
1 0.795299
1 0.795435
3 0.796551
1 0.798414
1 0.798449
1 0.798460
1 0.798918
1 0.798953
1 0.799727
3 0.800614
2 0.801536
2 0.801932
3 0.817440
1 0.822406
1 0.822408
1 0.822991
2 0.823153
1 0.823226
1 0.823228
1 0.823526
1 0.823761
7 0.824403
2 0.829058
2 0.831147
2 0.834499
3 0.836116
3 0.837051
2 0.837814
3 0.838266
2 0.838407
3 0.839122
2 0.840568
2 0.841819
1 0.842848
1 0.844857
1 0.844868
1 0.844908
3 0.845874
3 0.846746
4 0.850775
4 0.853679
2 0.861568
3 0.861842
4 0.867002
2 0.868848
2 0.868953
2 0.870117
2 0.870944
2 0.871091
2 0.876443
2 0.876892
2 0.878669
2 0.879125
2 0.882208
1 0.882285
2 0.884995
2 0.885948
2 0.886435
2 0.886694
2 0.886730
2 0.888875
3 0.891457
2 0.900009
2 0.900035
3 0.900177
2 0.900785
2 0.900822
2 0.905273
1 0.905950
3 0.907908
2 0.908080
2 0.910745
2 0.911361
2 0.911363
3 0.911864
1 0.912079
3 0.912190
3 0.912388
3 0.913580
1 0.913722
1 0.915265
1 0.915399
1 0.915852
3 0.916713
3 0.917673
2 0.920222
2 0.920670
1 0.920746
4 0.920811
4 0.922084
3 0.922387
3 0.922774
3 0.922900
2 0.923876
2 0.924118
3 0.924762
3 0.925066
1 0.926335
1 0.926338
1 0.926348
1 0.926512
1 0.926521
1 0.926531
3 0.926799
3 0.926807
1 0.926837
1 0.926848
1 0.926855
2 0.928267
2 0.928306
3 0.929395
2 0.930910
3 0.931366
2 0.931968
3 0.933262
6 0.934431
3 0.937787
3 0.939064
2 0.939166
2 0.939395
4 0.939850
6 0.940044
1 0.940177
2 0.942030
2 0.942407
2 0.943742
3 0.944915
4 0.945644
2 0.946049
3 0.947831
2 0.947965
1 0.948376
1 0.948548
1 0.949003
4 0.949099
2 0.949338
4 0.949496
1 0.949531
1 0.950058
1 0.950191
1 0.950820
1 0.952457
1 0.952597
1 0.952657
1 0.953089
3 0.954084
2 0.954749
2 0.955637
2 0.955639
3 0.955663
2 0.955909
3 0.956774
2 0.959718
2 0.961444
1 0.962476
1 0.962479
3 0.962581
1 0.962790
1 0.962793
1 0.962797
1 0.962800
1 0.962801
4 0.964972
2 0.965105
1 0.968003
3 0.969116
1 0.969732
1 0.969757
1 0.969772
3 0.970911
3 0.971988
1 0.974417
4 0.975609
2 0.976121
1 0.976333
2 0.980729
2 0.980909
2 0.980944
3 0.981217
3 0.981638
4 0.982164
3 0.982316
2 0.982324
1 0.982848
1 0.982848
1 0.982848
1 0.982857
1 0.982857
1 0.982857
1 0.982868
1 0.982868
1 0.982868
1 0.982878
1 0.982878
1 0.982883
2 0.985274
4 0.986777
2 0.989383
1 0.989436
1 0.989443
1 0.989443
1 0.989452
1 0.989452
1 0.989452
2 0.989690
2 0.989828
2 0.990402
2 0.990402
2 0.990402
2 0.990611
2 0.990618
2 0.990978
1 0.991177
2 0.993266
2 0.993269
4 0.993482
2 0.993624
2 0.993899
2 0.993918
1 0.993970
2 0.994066
2 0.994066
2 0.994066
1 0.994314
2 0.995351
2 0.995952
2 0.996220
2 0.996536
4 0.998243
2 0.998517
2 0.998520
4 0.998822
2 0.999128
2 0.999247
2 0.999292
2 0.999302
2 0.999321
2 0.999420
1 0.999805
2 1.001162
2 1.001361
2 1.001517
2 1.003564
4 1.003640
2 1.005932
2 1.006274
2 1.007657
2 1.008069
2 1.008079
2 1.010015
2 1.010135
2 1.010396
2 1.010453
2 1.010513
2 1.010884
2 1.011037
2 1.011042
2 1.011042
2 1.011314
2 1.011681
2 1.011963
2 1.012047
3 1.012151
2 1.012173
1 1.017004
2 1.017036
1 1.017213
3 1.025415
3 1.025559
2 1.027043
2 1.027465
3 1.032460
2 1.033052
3 1.036971
1 1.042404
2 1.044507
2 1.044789
3 1.054991
2 1.064429
2 1.066776
3 1.067072
1 1.067859
1 1.067859
1 1.067859
1 1.067869
1 1.067869
1 1.067869
1 1.067883
1 1.067883
1 1.067883
1 1.067895
1 1.067895
1 1.067900
2 1.069933
2 1.072305
1 1.075636
1 1.075644
1 1.075644
1 1.075655
1 1.075655
1 1.075655
2 1.076622
2 1.082346
2 1.086746
4 1.090870
4 1.100590
2 1.101842
1 1.109493
1 1.109493
1 1.109494
1 1.109576
1 1.109577
1 1.109578
1 1.109724
1 1.109725
1 1.109726
2 1.112293
4 1.117700
4 1.118320
4 1.122590
3 1.123852
3 1.126797
4 1.127910
1 1.128942
1 1.128950
1 1.129000
1 1.129012
1 1.129021
1 1.129041
1 1.129819
1 1.130077
1 1.130547
3 1.132469
2 1.133375
2 1.133643
2 1.133791
3 1.135225
1 1.136180
2 1.136558
1 1.137703
1 1.137712
7 1.140250
3 1.140701
7 1.141550
7 1.141550
4 1.146520
3 1.149339
7 1.149420
7 1.149420
7 1.149420
4 1.151020
2 1.155800
2 1.155864
2 1.156078
2 1.166626
6 1.174740
1 1.179170
1 1.179171
1 1.179172
1 1.179264
1 1.179266
1 1.179267
1 1.179432
1 1.179433
1 1.179435
1 1.185810
1 1.185810
1 1.185820
1 1.185820
1 1.185820
1 1.185860
1 1.187133
1 1.187133
1 1.187133
1 1.187143
1 1.187143
1 1.187156
6 1.189490
1 1.194996
1 1.195009
1 1.195026
1 1.195046
1 1.195063
1 1.195078
1 1.195087
1 1.195102
1 1.195109
6 1.196760
1 1.197165
1 1.197261
1 1.197433
4 1.197890
4 1.201060
3 1.219605
2 1.221704
3 1.223231
4 1.223540
1 1.227011
1 1.227087
1 1.227141
4 1.228610
4 1.229280
4 1.230120
2 1.235117
4 1.235180
3 1.236299
3 1.237135
2 1.238001
3 1.239501
1 1.246725
1 1.246725
1 1.246725
1 1.246741
1 1.246741
1 1.246741
1 1.246758
1 1.246758
1 1.246758
1 1.246773
1 1.246773
1 1.246781
3 1.247374
3 1.250075
2 1.250320
3 1.251170
3 1.251978
3 1.253780
4 1.256120
1 1.257332
1 1.257346
1 1.257346
1 1.257358
1 1.257358
1 1.257358
4 1.257540
4 1.261680
2 1.264373
2 1.264421
2 1.264806
1 1.265533
1 1.265533
1 1.265546
1 1.265546
1 1.265546
1 1.265588
3 1.267211
2 1.267852
3 1.269166
3 1.272119
2 1.276702
4 1.279260
1 1.279385
1 1.279398
1 1.279441
4 1.282050
4 1.296340
2 1.296857
1 1.299432
3 1.299500
2 1.302046
2 1.303902
1 1.305734
1 1.305735
1 1.305738
1 1.305850
1 1.305853
1 1.305855
1 1.306056
1 1.306059
1 1.306061
2 1.306119
4 1.307020
1 1.308010
1 1.308048
1 1.308058
3 1.316080
1 1.316749
1 1.316845
1 1.316872
3 1.328420
2 1.334600
1 1.341852
1 1.341973
1 1.342189
3 1.344020
2 1.348345
3 1.352720
2 1.354593
2 1.364701
3 1.365760
2 1.371389
2 1.373729
3 1.376820
2 1.377792
2 1.377990
2 1.389429
2 1.389586
2 1.390967
2 1.394588
3 1.397636
2 1.400382
2 1.401476
2 1.405388
2 1.406965
1 1.411466
1 1.411466
1 1.411482
1 1.411482
1 1.411482
1 1.411533
2 1.411622
3 1.415268
3 1.416860
2 1.421318
2 1.426683
3 1.430092
1 1.439477
1 1.439494
1 1.439548
2 1.444515
2 1.458679
3 1.466171
3 1.466571
3 1.473924
2 1.477841
2 1.482103
3 1.487978
2 1.493349
2 1.501889
3 1.512436
2 1.522573
3 1.527510
4 1.528820
2 1.532527
4 1.533980
4 1.543450
4 1.546790
1 1.548050
1 1.548050
1 1.548050
1 1.550960
1 1.550960
1 1.552861
2 1.558405
2 1.561564
4 1.562990
2 1.563321
4 1.566420
1 1.566938
1 1.566993
1 1.567008
1 1.567010
1 1.567025
1 1.567047
4 1.570350
4 1.575800
2 1.587090
2 1.588643
2 1.588759
1 1.589198
1 1.589202
1 1.589208
1 1.589371
1 1.589378
1 1.589386
1 1.589681
1 1.589689
1 1.589694
1 1.611349
1 1.611371
1 1.611403
1 1.611501
1 1.611533
1 1.611560
1 1.611626
1 1.611652
1 1.611665
1 1.621649
2 1.659192
2 1.674383
1 1.687382
1 1.687574
1 1.687915
2 1.707697
2 1.723793
2 1.729454
2 1.730175
1 1.745798
1 1.745798
1 1.745823
1 1.745823
1 1.745823
1 1.745902
1 1.769976
1 1.769976
1 1.769976
1 1.773781
1 1.773781
1 1.776269
2 1.779640
2 1.781590
2 1.783880
1 1.797161
1 1.802575
1 1.802575
1 1.802575
1 1.802608
1 1.802608
1 1.802608
1 1.802643
1 1.802643
1 1.802643
1 1.802676
1 1.802676
1 1.802692
1 1.804641
1 1.804712
1 1.805116
1 1.823399
1 1.823424
1 1.823512
1 1.824829
1 1.824857
1 1.824857
1 1.824882
1 1.824882
1 1.824882
2 1.843640
2 1.845740
2 1.863590
2 1.864430
2 1.894980
2 1.895850
1 1.946341
1 1.946342
1 1.946342
1 1.946344
1 1.946344
1 1.946344
1 1.946348
1 1.946348
1 1.946348
1 1.946349
1 1.946349
1 1.946349
2 1.984680
2 1.985500
7 2.000000
2 2.056690
2 2.057570
2 2.109240
2 2.109700
1 2.114329
1 2.114329
1 2.114329
1 2.114347
1 2.114347
1 2.114347
1 2.114373
1 2.114373
1 2.114373
1 2.114395
1 2.114395
1 2.114406
1 2.133664
1 2.133664
1 2.133664
1 2.133696
1 2.133696
1 2.133717
4 2.142600
4 2.142600
2 2.164350
4 2.167600
4 2.167600
1 2.171431
1 2.171432
1 2.171432
1 2.171437
1 2.171437
1 2.171437
1 2.171442
1 2.171442
1 2.171442
1 2.171446
1 2.171446
1 2.171446
2 2.197590
4 2.197600
2 2.198090
4 2.200200
2 2.205790
2 2.206800
2 2.218490
2 2.229060
4 2.231100
2 2.244300
2 2.255120
4 2.273800
4 2.288900
1 2.322170
1 2.322170
1 2.322170
1 2.328724
1 2.328724
1 2.333013
4 2.333700
3 2.342660
3 2.355600
3 2.357120
2 2.374300
3 2.407710
3 2.417190
2 2.455520
3 2.472100
1 2.551246
1 2.551246
1 2.551246
1 2.551272
1 2.551272
1 2.551272
1 2.551311
1 2.551311
1 2.551311
1 2.551343
1 2.551343
1 2.551358
7 2.564100
1 2.579429
1 2.579429
1 2.579429
1 2.579475
1 2.579475
1 2.579506
1 2.618070
1 2.620906
1 2.621415
4 2.624000
4 2.630500
4 2.633700
1 2.643234
1 2.643238
1 2.643238
1 2.643247
1 2.643247
1 2.643247
1 2.643259
1 2.643259
1 2.643259
1 2.643266
1 2.643266
1 2.643266
1 2.650614
1 2.650631
1 2.650665
1 2.651104
1 2.651138
1 2.651180
1 2.651979
1 2.652020
1 2.652049
4 2.739200
4 2.742500
4 2.754100
1 2.763875
1 2.764789
1 2.765303
6 2.819800
4 2.833700
6 2.854000
6 2.871600
1 2.893301
1 2.893519
1 2.893586
7 2.941200
7 2.941200
4 2.958600
7 2.976200
7 2.976200
7 2.976200
4 3.002100
4 3.022100
4 3.087000
1 3.098353
1 3.098397
1 3.098431
1 3.098475
1 3.098541
1 3.098681
2 3.110850
1 3.140074
1 3.140154
1 3.140212
1 3.140362
4 3.142700
4 3.153400
4 3.153600
4 3.164400
4 3.219200
4 3.232900
4 3.236000
4 3.237300
4 3.237300
7 3.246800
4 3.270100
4 3.290100
2 3.291480
4 3.291600
2 3.294300
4 3.298900
1 3.307174
1 3.307910
1 3.309219
4 3.313500
2 3.319900
1 3.329275
1 3.329351
1 3.329351
1 3.329402
1 3.329402
2 3.351700
4 3.389500
1 3.420733
1 3.420781
1 3.420850
1 3.421086
1 3.421156
1 3.421213
1 3.421347
1 3.421405
1 3.421433
2 3.443290
1 3.486031
1 3.486849
2 3.501790
2 3.509360
2 3.509720
2 3.536250
4 3.546100
2 3.548140
2 3.562840
2 3.570800
4 3.574000
2 3.598260
1 3.656894
1 3.661626
1 3.661735
1 3.662083
1 3.673092
1 3.673173
1 3.683472
1 3.683776
2 3.684340
2 3.794250
2 3.803130
4 3.810700
4 3.820400
4 3.826900
2 3.872470
2 3.873160
1 3.881778
1 3.881778
1 3.881778
1 3.881840
1 3.881840
1 3.881840
1 3.881929
1 3.881929
1 3.881929
1 3.882003
1 3.882003
1 3.882039
1 3.947342
1 3.947342
1 3.947342
1 3.947450
1 3.947450
1 3.947522
4 4.071700
1 4.137018
1 4.137040
1 4.137040
1 4.137086
1 4.137086
1 4.137086
1 4.137141
1 4.137141
1 4.137141
1 4.137181
1 4.137181
1 4.137181
2 4.147420
2 4.148210
4 4.164900
4 4.191100
4 4.215900
2 4.357870
2 4.369600
4 4.393700
4 4.498400
4 4.502500
1 4.560107
1 4.560648
1 4.560793
1 4.560816
1 4.560962
1 4.560981
2 4.573830
2 4.586760
7 4.587200
4 4.847500
4 4.878800
4 4.878800
4 4.924200
4 5.000250
4 5.002750
4 5.033470
7 5.050500
7 5.050500
7 5.102000
7 5.102000
7 5.102000
4 5.136630
2 5.187950
2 5.201950
2 5.214740
4 5.219480
2 5.331320
2 5.344760
1 5.455728
1 5.455728
1 5.455728
1 5.492040
1 5.492040
1 5.515960
4 5.955000
1 5.972980
1 5.973280
1 5.973720
1 5.977550
1 5.977990
1 5.978360
1 5.980400
1 5.980770
1 5.980940
1 6.230130
4 6.640100
4 6.784000
7 6.993000
4 7.686400
2 8.063700
2 9.330900
4 9.338000
2 9.397200
4 9.418000
2 9.828000
1 10.397570
1 10.399400
1 10.399500
1 10.399990
1 10.400150
2 10.525300
4 10.848340
4 10.976950
2 11.068800
2 11.349600
4 12.048190
1 13.138790
1 13.139500
1 13.140520
1 13.148140
1 13.149160
1 13.150000
1 13.155330
1 13.156180
1 13.156600
4 14.025250
4 14.865470
4 16.207460
4 19.870001
4 20.920000
4 21.379999
4 21.379999
4 22.520000
5 22.583000
5 23.556999
4 24.806999
4 25.510000
4 25.913000
4 25.913000
4 26.830000
4 27.320000
4 27.520000
4 29.680000
4 32.150002
5 32.605000
5 32.605000
3 32.661201
7 37.036999
5 37.202000
5 37.202000
1 44.057301
7 45.453999
6 50.606998
3 51.814499
3 51.814499
6 53.908001
4 54.549999
6 56.750000
4 57.070000
4 58.540001
1 63.185200
1 63.185200
4 63.700001
5 64.220001
5 73.470001
3 88.356400
1 97.330200
1 97.330200
1 97.330200
1 97.369102
1 97.369102
1 97.369102
1 97.425102
1 97.425102
1 97.425102
1 97.471603
1 97.471603
1 97.494400
1 145.535004
1 166.752808
1 166.752808
1 166.752808
1 166.944901
1 166.944901
1 167.073196
2 499.500000
2 499.500488
2 5025.000000
2 5030.000000
End Spectral Lines:
