Symbol: Th
Atomic Number: 90
Atomic Mass: 232.038000
Start Spectral Index: 4
1 581
2 329
3 34
4 27
End Spectral Index:
Order of Magnitude: 0.000001
Start Spectral Lines:
4 0.079753
4 0.083555
4 0.084691
4 0.085402
4 0.088239
4 0.088666
4 0.156585
4 0.168222
4 0.168401
4 0.170737
3 0.188812
4 0.195902
4 0.200299
4 0.206736
4 0.214459
4 0.214749
3 0.214986
3 0.216350
3 0.220043
3 0.220731
4 0.224281
4 0.226196
3 0.229230
4 0.229752
3 0.230189
3 0.232023
3 0.232539
2 0.232764
3 0.233622
3 0.234130
3 0.236378
3 0.236963
3 0.237214
2 0.237857
3 0.238220
3 0.239221
2 0.240524
2 0.241414
3 0.241423
3 0.242528
3 0.242868
3 0.243242
1 0.244017
3 0.244198
3 0.246441
3 0.247468
3 0.250183
3 0.251345
3 0.251507
1 0.253365
2 0.254867
2 0.256636
2 0.256736
2 0.257746
2 0.258983
2 0.259782
2 0.260166
2 0.261063
2 0.261969
2 0.262423
2 0.262652
2 0.262960
2 0.264228
2 0.265137
2 0.265945
1 0.268149
2 0.268508
2 0.269321
4 0.269479
2 0.269635
2 0.270476
2 0.270898
2 0.272250
2 0.272319
2 0.273014
2 0.273362
2 0.273664
2 0.274797
2 0.275034
2 0.275298
2 0.276121
2 0.276594
2 0.276966
2 0.277163
2 0.277477
2 0.277488
2 0.277953
1 0.279232
2 0.279508
2 0.279856
2 0.279994
2 0.280865
2 0.280983
2 0.281515
2 0.281690
2 0.282015
2 0.282117
2 0.282286
2 0.282769
2 0.283127
2 0.283315
2 0.283813
2 0.284365
1 0.284892
2 0.285210
1 0.285518
1 0.286133
2 0.286226
1 0.286930
2 0.287076
2 0.287125
1 0.287950
2 0.288336
2 0.288514
2 0.288590
2 0.288866
2 0.289302
2 0.290057
2 0.290402
1 0.290936
2 0.291145
2 0.291217
2 0.291286
2 0.292069
2 0.292591
2 0.292911
1 0.293214
2 0.293499
1 0.293694
2 0.294145
2 0.294372
1 0.294459
2 0.294993
2 0.295130
2 0.295671
2 0.295844
1 0.296072
1 0.296447
2 0.296955
2 0.297235
2 0.297488
1 0.297697
2 0.298120
2 0.298611
2 0.298910
2 0.299193
2 0.299786
1 0.300356
1 0.300512
2 0.300937
1 0.301161
1 0.301952
1 0.302194
2 0.302746
1 0.303137
2 0.303495
2 0.303599
2 0.303948
2 0.304645
2 0.304998
1 0.305758
2 0.306259
2 0.306862
2 0.307301
2 0.307972
2 0.308111
2 0.308937
2 0.309099
1 0.309461
2 0.309817
2 0.310356
2 0.310920
1 0.311644
1 0.311717
2 0.312043
2 0.312387
2 0.312529
2 0.312641
2 0.313198
1 0.313713
2 0.314022
2 0.314375
2 0.314696
2 0.315137
2 0.315521
1 0.315814
1 0.316228
2 0.316702
2 0.317024
2 0.317665
2 0.317997
2 0.318111
2 0.318587
2 0.318915
2 0.319214
1 0.319351
1 0.319661
1 0.320345
2 0.321124
1 0.321531
2 0.322222
1 0.322410
2 0.322994
2 0.323180
2 0.323677
2 0.323905
2 0.324204
1 0.324538
2 0.325285
2 0.325721
1 0.325830
2 0.326361
2 0.326795
1 0.327297
1 0.327968
1 0.328199
1 0.328670
2 0.328874
2 0.329269
2 0.329347
2 0.329878
1 0.330260
1 0.330519
1 0.331032
1 0.331574
1 0.331935
2 0.332241
2 0.332571
2 0.332608
2 0.332921
1 0.333143
2 0.333556
2 0.333883
2 0.334303
2 0.334752
1 0.334973
2 0.335219
2 0.335514
2 0.335957
2 0.336270
2 0.336879
1 0.337594
2 0.337954
1 0.338183
2 0.338650
2 0.338747
1 0.338889
2 0.339301
1 0.339770
1 0.339952
1 0.340654
1 0.341399
1 0.341848
1 0.342219
1 0.342497
1 0.342961
2 0.343498
2 0.343696
2 0.343994
1 0.344357
1 0.344754
1 0.345269
1 0.345806
2 0.346384
2 0.346692
2 0.346921
2 0.347091
1 0.347221
2 0.348017
1 0.348105
1 0.348755
1 0.349018
2 0.349452
1 0.349781
1 0.349962
1 0.350479
1 0.350765
1 0.351216
1 0.351941
1 0.352207
1 0.352764
1 0.353246
2 0.354060
1 0.354503
1 0.355061
1 0.355242
1 0.355603
2 0.356047
1 0.356439
1 0.357084
1 0.357758
1 0.358412
1 0.359077
1 0.359381
1 0.359915
2 0.360206
1 0.360941
2 0.361048
1 0.361346
2 0.361616
2 0.361815
2 0.362500
2 0.362666
1 0.363387
1 0.363698
1 0.363968
1 0.364329
1 0.365077
1 0.365985
1 0.366067
1 0.366425
1 0.366919
1 0.367101
2 0.367661
1 0.368353
1 0.368971
1 0.369168
1 0.369362
1 0.369916
1 0.370428
1 0.370782
2 0.371236
1 0.372049
1 0.372089
2 0.372288
1 0.372896
1 0.373473
2 0.374225
1 0.374860
2 0.375364
1 0.375876
1 0.376631
1 0.377113
1 0.377372
1 0.377734
1 0.378204
2 0.378668
1 0.379024
1 0.379646
1 0.380128
1 0.380415
1 0.380835
2 0.381415
1 0.381977
1 0.382622
1 0.382947
1 0.383767
2 0.384084
2 0.384305
1 0.384798
1 0.385323
2 0.385560
2 0.386093
2 0.386450
1 0.387076
1 0.387647
1 0.388074
1 0.388802
1 0.389652
1 0.390277
1 0.390421
2 0.390629
1 0.390986
1 0.391302
1 0.391753
1 0.392013
1 0.392620
2 0.393078
1 0.393402
2 0.393815
1 0.394319
1 0.394915
2 0.395008
1 0.395388
1 0.396042
1 0.396851
1 0.397328
1 0.398122
1 0.399286
2 0.399568
1 0.399919
2 0.400444
2 0.400815
1 0.400934
1 0.401019
1 0.401363
2 0.402027
2 0.402679
1 0.402815
1 0.403198
1 0.403719
2 0.403771
2 0.404235
1 0.404943
1 0.405203
1 0.406040
1 0.406455
2 0.407035
1 0.407061
1 0.407665
1 0.408252
1 0.408659
2 0.408767
1 0.408988
2 0.409590
1 0.410150
2 0.410649
2 0.410958
1 0.411391
1 0.411692
2 0.411788
1 0.412476
1 0.412858
1 0.413217
2 0.413392
1 0.413523
2 0.414140
2 0.414387
2 0.414935
2 0.415116
1 0.415971
1 0.416694
2 0.417924
2 0.418089
1 0.418532
1 0.419420
2 0.421008
1 0.421211
1 0.421602
1 0.422125
1 0.422858
1 0.423202
1 0.423666
1 0.424229
2 0.424919
1 0.425474
1 0.425745
1 0.426153
1 0.427114
2 0.427456
2 0.427852
2 0.428325
1 0.428988
1 0.429852
1 0.430105
1 0.430839
2 0.431120
1 0.431647
1 0.431963
1 0.432649
1 0.433206
1 0.433850
2 0.434348
2 0.434555
1 0.435030
1 0.435571
1 0.436060
1 0.436716
1 0.437535
2 0.438309
2 0.439234
1 0.439421
1 0.440282
1 0.441012
2 0.441398
1 0.441808
1 0.442329
2 0.443421
2 0.444211
1 0.445381
1 0.445925
2 0.446659
1 0.447648
1 0.448343
1 0.449092
1 0.450020
1 0.450648
2 0.451179
1 0.452246
1 0.453159
1 0.453653
2 0.454719
3 0.455701
1 0.455709
1 0.456494
1 0.457225
1 0.458971
3 0.459057
1 0.459671
2 0.461385
1 0.462246
2 0.463306
1 0.464255
2 0.465286
1 0.466451
1 0.467129
1 0.467737
1 0.468751
2 0.469541
1 0.470531
1 0.471416
1 0.472476
1 0.473045
2 0.474185
2 0.475374
1 0.476793
1 0.477963
1 0.478787
1 0.479073
1 0.480948
1 0.482054
1 0.482420
1 0.482805
1 0.483247
1 0.484220
1 0.484972
1 0.485422
2 0.485969
2 0.486452
1 0.487428
1 0.488010
1 0.489632
1 0.490858
2 0.492119
1 0.492916
4 0.493847
1 0.494102
2 0.494896
4 0.495390
2 0.495604
1 0.496712
2 0.497734
1 0.498676
1 0.500349
2 0.501729
2 0.501865
1 0.503129
1 0.504063
1 0.504613
2 0.505120
2 0.505676
2 0.505997
1 0.506939
1 0.508286
1 0.509147
2 0.509946
1 0.510255
2 0.511229
1 0.511647
1 0.512738
1 0.513618
2 0.514470
2 0.514965
1 0.515305
1 0.515568
1 0.516004
1 0.516217
1 0.517036
1 0.517840
2 0.518543
2 0.519232
1 0.519726
1 0.520025
1 0.520061
1 0.521268
2 0.521805
2 0.521998
1 0.522056
1 0.523262
2 0.523468
2 0.523469
2 0.524912
1 0.525704
1 0.525982
1 0.526818
2 0.527897
1 0.528254
1 0.529587
1 0.529922
2 0.530894
1 0.531348
1 0.531897
2 0.532663
1 0.532846
1 0.533156
1 0.534507
1 0.535261
1 0.536020
1 0.537077
3 0.537762
1 0.538033
2 0.539196
1 0.539407
1 0.540068
1 0.541899
4 0.542189
2 0.542719
2 0.543740
3 0.544869
2 0.545099
2 0.546413
1 0.547228
2 0.548567
1 0.549766
1 0.550583
1 0.551153
1 0.552612
1 0.554080
2 0.554145
1 0.554972
1 0.555989
2 0.556575
1 0.557490
1 0.558858
1 0.559662
2 0.560607
1 0.561688
1 0.563186
2 0.564131
1 0.565056
1 0.565949
1 0.566870
1 0.567863
1 0.568677
2 0.570250
2 0.570869
1 0.572177
2 0.573457
2 0.574368
2 0.575098
1 0.576215
1 0.577555
1 0.579125
1 0.580575
2 0.581703
1 0.583399
1 0.584754
1 0.585574
1 0.587000
1 0.588056
1 0.589308
1 0.590148
2 0.591603
2 0.592754
1 0.593881
1 0.594630
1 0.595924
1 0.597532
2 0.599070
1 0.599579
1 0.600874
2 0.601709
1 0.602270
1 0.603937
2 0.604611
1 0.605506
1 0.606321
1 0.607879
2 0.608895
1 0.610077
1 0.610627
1 0.611453
2 0.612225
1 0.612617
1 0.615370
1 0.616306
1 0.617153
1 0.618433
1 0.619362
2 0.619557
1 0.620521
1 0.622625
1 0.623658
1 0.624268
3 0.624468
1 0.625916
1 0.626279
1 0.626315
2 0.627585
2 0.627585
2 0.628091
1 0.629293
2 0.630499
1 0.631893
1 0.632903
1 0.634461
2 0.635767
1 0.637090
1 0.637869
1 0.641367
1 0.641539
1 0.643954
1 0.645179
1 0.645907
1 0.646440
1 0.646850
1 0.649253
1 0.650379
1 0.651416
1 0.652385
1 0.653315
1 0.655597
1 0.656069
1 0.656688
1 0.657903
1 0.658573
1 0.659036
1 0.659576
3 0.660121
2 0.660724
2 0.662177
2 0.662178
2 0.664648
2 0.666052
1 0.666411
1 0.667654
1 0.668521
2 0.669457
1 0.669956
4 0.671372
1 0.672932
1 0.673698
4 0.674223
1 0.674474
1 0.675832
1 0.676754
1 0.678018
1 0.678228
1 0.679311
1 0.680062
1 0.681139
1 0.682539
1 0.683092
1 0.683681
1 0.686477
1 0.686826
1 0.687665
2 0.689120
4 0.690306
1 0.691089
1 0.691313
1 0.691804
1 0.693856
1 0.694553
1 0.695657
1 0.696787
1 0.698301
1 0.699158
2 0.699497
1 0.700274
1 0.701725
1 0.702051
1 0.702840
1 0.703822
2 0.704774
2 0.705556
1 0.706260
2 0.707728
1 0.708612
2 0.709129
2 0.710247
1 0.711182
1 0.712653
1 0.713458
1 0.715053
1 0.715693
1 0.717087
1 0.717535
2 0.719311
1 0.720203
1 0.720999
1 0.721468
2 0.721974
1 0.722004
1 0.724435
1 0.725735
1 0.727256
1 0.728691
1 0.730015
2 0.730742
1 0.731708
1 0.732683
1 0.734163
1 0.734317
1 0.736338
1 0.738621
1 0.738753
2 0.739547
1 0.740429
1 0.742059
1 0.743099
1 0.743230
1 0.744680
3 0.746364
1 0.746505
1 0.748342
1 0.749549
2 0.752758
1 0.755139
1 0.756982
1 0.758778
1 0.758788
1 0.760030
1 0.760992
1 0.762928
1 0.763828
1 0.764948
1 0.766043
1 0.767833
1 0.768742
1 0.771239
1 0.773108
2 0.773385
1 0.777409
2 0.778993
1 0.779108
1 0.780051
1 0.781277
1 0.781992
2 0.783661
1 0.784970
1 0.786619
1 0.786811
1 0.788845
1 0.790248
1 0.793992
1 0.794390
1 0.795678
1 0.797479
1 0.798117
1 0.799017
1 0.799588
1 0.801671
2 0.802646
1 0.803464
1 0.806486
1 0.808744
1 0.809585
3 0.810737
1 0.813164
1 0.814071
1 0.814538
1 0.816197
2 0.816537
1 0.817203
1 0.818916
2 0.820545
1 0.823367
1 0.825466
1 0.826178
1 0.827790
1 0.829481
1 0.832314
1 0.833274
1 0.836102
2 0.838941
2 0.840608
1 0.841904
1 0.842354
1 0.844883
1 0.846656
1 0.848069
1 0.851296
1 0.851890
1 0.854214
1 0.855730
1 0.857548
1 0.859420
1 0.862369
1 0.864074
1 0.866787
1 0.867050
1 0.870352
1 0.871163
2 0.873480
1 0.875044
1 0.876065
1 0.877798
1 0.879447
1 0.880701
1 0.884361
2 0.884450
1 0.887127
1 0.887767
1 0.890948
1 0.895831
2 0.896043
1 0.897010
1 0.898987
1 0.903430
1 0.905074
1 0.906644
1 0.909733
1 0.910972
1 0.912064
1 0.917334
1 0.920649
1 0.926875
1 0.927882
1 0.929211
1 0.932028
1 0.934327
1 0.940166
1 0.943419
1 0.946362
1 0.947748
1 0.949811
1 0.949980
1 0.950800
1 0.956386
2 0.961633
1 0.963529
1 0.966735
1 0.967876
1 0.970322
1 0.974913
1 0.981539
1 0.982914
1 0.983612
4 0.984195
1 1.004212
1 1.009190
2 1.013634
2 1.042243
1 1.055934
2 1.072686
1 1.072987
4 1.087803
2 1.094524
1 1.105493
1 1.123333
1 1.135783
1 1.170666
1 1.186750
1 1.194391
2 1.198795
1 1.202201
1 1.213062
2 1.219750
1 1.221023
1 1.223529
1 1.234138
1 1.248071
1 1.265000
1 1.287016
2 1.294419
1 1.296336
2 1.314950
1 1.356938
1 1.409410
1 1.417254
1 1.442848
1 1.462298
1 1.465892
2 1.494457
2 1.524440
1 1.543400
1 1.583608
2 1.721292
1 1.731239
1 1.738666
1 1.748581
1 1.758932
2 1.794133
1 1.881702
2 1.915083
2 1.934426
2 1.977970
1 2.063999
2 2.069771
2 2.227043
End Spectral Lines:
