Symbol: S
Atomic Number: 16
Atomic Mass: 32.066000
Start Spectral Index: 16
1 624
2 926
3 266
4 611
5 386
6 175
7 80
8 64
9 121
10 152
11 163
12 194
13 115
14 88
15 103
16 40
End Spectral Index:
Order of Magnitude: 0.000001
Start Spectral Lines:
16 0.000370
16 0.000370
16 0.000378
16 0.000378
15 0.000388
15 0.000389
15 0.000390
15 0.000392
15 0.000395
16 0.000399
16 0.000399
15 0.000400
15 0.000400
15 0.000409
15 0.000409
15 0.000430
15 0.000431
14 0.000436
14 0.000436
14 0.000437
14 0.000437
14 0.000437
14 0.000438
14 0.000438
14 0.000438
14 0.000438
14 0.000438
14 0.000438
14 0.000438
14 0.000439
14 0.000439
14 0.000439
14 0.000439
14 0.000439
14 0.000440
14 0.000440
14 0.000441
14 0.000441
16 0.000473
16 0.000473
15 0.000474
15 0.000476
15 0.000477
15 0.000477
15 0.000477
15 0.000477
15 0.000477
15 0.000478
15 0.000478
15 0.000478
15 0.000478
15 0.000478
15 0.000480
15 0.000481
15 0.000484
15 0.000504
14 0.000505
14 0.000505
14 0.000505
14 0.000505
14 0.000505
14 0.000505
14 0.000506
14 0.000506
15 0.000506
14 0.000507
15 0.000507
14 0.000507
14 0.000509
14 0.000509
14 0.000509
14 0.000509
14 0.000510
15 0.000510
14 0.000510
14 0.000513
14 0.000513
14 0.000513
14 0.000513
16 0.001687
16 0.001687
16 0.001687
16 0.001694
16 0.001888
16 0.001889
16 0.001890
16 0.001897
15 0.002063
15 0.002064
15 0.002064
15 0.002118
15 0.002119
15 0.002122
15 0.002125
14 0.002166
15 0.002169
14 0.002173
14 0.002173
14 0.002175
14 0.002182
14 0.002299
14 0.002300
13 0.002324
12 0.002373
14 0.002420
14 0.002428
14 0.002429
14 0.002442
12 0.002442
13 0.002442
14 0.002451
13 0.002459
16 0.002546
16 0.002546
16 0.002551
12 0.002557
16 0.002560
12 0.002566
12 0.002565
13 0.002576
13 0.002582
13 0.002583
13 0.002614
13 0.002617
13 0.002623
13 0.002634
13 0.002636
13 0.002640
13 0.002671
12 0.002689
13 0.002699
15 0.002753
15 0.002756
15 0.002757
12 0.002789
12 0.002789
12 0.002789
12 0.002818
12 0.002822
12 0.002827
12 0.002833
12 0.002833
15 0.002841
15 0.002843
15 0.002845
15 0.002853
13 0.002876
15 0.002891
13 0.002893
15 0.002894
12 0.002897
15 0.002905
12 0.002920
12 0.002924
12 0.002924
12 0.002926
12 0.002926
15 0.002932
15 0.002954
12 0.003001
14 0.003043
14 0.003047
13 0.003091
11 0.003095
12 0.003105
12 0.003105
11 0.003105
13 0.003132
13 0.003142
11 0.003148
13 0.003155
13 0.003158
13 0.003162
13 0.003165
13 0.003168
13 0.003172
13 0.003172
13 0.003182
12 0.003188
12 0.003190
12 0.003190
13 0.003194
13 0.003205
13 0.003209
13 0.003219
13 0.003224
14 0.003241
14 0.003256
14 0.003258
12 0.003267
13 0.003280
12 0.003281
12 0.003281
12 0.003288
13 0.003326
14 0.003338
13 0.003345
13 0.003352
14 0.003355
13 0.003360
13 0.003371
13 0.003381
12 0.003383
13 0.003385
13 0.003386
13 0.003395
13 0.003396
13 0.003397
13 0.003408
12 0.003413
13 0.003415
12 0.003429
10 0.003431
12 0.003453
13 0.003454
12 0.003459
13 0.003463
12 0.003469
13 0.003469
13 0.003475
13 0.003479
13 0.003487
12 0.003505
12 0.003505
12 0.003505
12 0.003505
12 0.003511
12 0.003520
13 0.003527
12 0.003527
12 0.003537
13 0.003540
13 0.003544
13 0.003556
13 0.003561
13 0.003567
13 0.003574
12 0.003579
12 0.003579
12 0.003595
12 0.003596
12 0.003596
12 0.003606
12 0.003611
12 0.003612
13 0.003613
13 0.003613
12 0.003613
12 0.003613
12 0.003616
12 0.003621
12 0.003625
12 0.003625
12 0.003632
12 0.003634
12 0.003634
12 0.003640
12 0.003640
12 0.003642
13 0.003656
12 0.003656
12 0.003657
11 0.003666
11 0.003673
11 0.003706
11 0.003707
11 0.003707
12 0.003746
12 0.003747
12 0.003753
12 0.003753
12 0.003760
12 0.003771
12 0.003772
11 0.003777
11 0.003793
11 0.003794
13 0.003814
12 0.003832
12 0.003832
11 0.003862
11 0.003870
13 0.003871
13 0.003879
13 0.003879
11 0.003881
12 0.003882
12 0.003882
13 0.003887
12 0.003888
9 0.003888
13 0.003892
12 0.003892
9 0.003897
11 0.003897
11 0.003897
13 0.003899
9 0.003900
11 0.003905
11 0.003911
11 0.003913
12 0.003921
11 0.003922
11 0.003924
11 0.003924
12 0.003927
11 0.003930
12 0.003931
11 0.003932
11 0.003932
12 0.003937
11 0.003941
11 0.003943
11 0.003957
11 0.003957
11 0.003965
11 0.003965
11 0.003969
11 0.003972
13 0.003973
13 0.003981
11 0.004008
11 0.004010
9 0.004017
11 0.004019
12 0.004024
11 0.004028
11 0.004030
11 0.004057
11 0.004071
11 0.004090
11 0.004091
11 0.004117
11 0.004131
10 0.004136
11 0.004139
11 0.004140
11 0.004147
11 0.004148
10 0.004151
10 0.004153
11 0.004154
11 0.004154
11 0.004154
11 0.004183
11 0.004197
10 0.004200
10 0.004202
10 0.004204
11 0.004211
12 0.004217
12 0.004217
12 0.004219
12 0.004219
11 0.004234
10 0.004248
10 0.004250
10 0.004254
11 0.004264
10 0.004268
10 0.004271
11 0.004274
11 0.004275
10 0.004282
11 0.004282
11 0.004283
10 0.004283
11 0.004287
11 0.004287
10 0.004290
10 0.004292
10 0.004294
11 0.004295
10 0.004298
11 0.004299
10 0.004300
10 0.004300
10 0.004301
10 0.004303
11 0.004310
11 0.004312
11 0.004320
10 0.004326
11 0.004333
10 0.004353
10 0.004355
10 0.004355
10 0.004357
10 0.004368
12 0.004373
12 0.004376
12 0.004376
10 0.004379
10 0.004385
10 0.004385
10 0.004388
11 0.004390
11 0.004400
10 0.004403
10 0.004404
10 0.004406
10 0.004409
10 0.004409
10 0.004411
11 0.004417
10 0.004424
10 0.004426
10 0.004427
11 0.004438
10 0.004441
10 0.004442
10 0.004445
10 0.004447
10 0.004449
11 0.004473
11 0.004473
11 0.004473
10 0.004491
10 0.004492
10 0.004494
10 0.004496
10 0.004501
12 0.004515
10 0.004516
12 0.004517
10 0.004520
11 0.004521
8 0.004529
12 0.004533
12 0.004535
10 0.004537
10 0.004541
11 0.004572
10 0.004600
11 0.004600
11 0.004601
10 0.004615
9 0.004615
10 0.004621
7 0.004621
9 0.004624
10 0.004629
10 0.004630
10 0.004631
12 0.004634
12 0.004635
10 0.004635
9 0.004637
9 0.004638
12 0.004639
9 0.004641
9 0.004641
12 0.004643
10 0.004643
12 0.004649
9 0.004655
9 0.004659
9 0.004659
9 0.004661
9 0.004662
9 0.004676
9 0.004680
9 0.004684
9 0.004684
9 0.004685
9 0.004691
12 0.004698
9 0.004705
7 0.004710
12 0.004713
10 0.004716
12 0.004717
9 0.004719
9 0.004722
9 0.004723
9 0.004725
9 0.004728
7 0.004731
10 0.004732
9 0.004736
9 0.004741
9 0.004742
9 0.004743
9 0.004743
9 0.004743
9 0.004743
9 0.004744
9 0.004750
9 0.004752
8 0.004752
9 0.004760
9 0.004762
10 0.004765
9 0.004766
9 0.004766
9 0.004768
9 0.004770
9 0.004774
8 0.004775
10 0.004779
9 0.004789
10 0.004790
9 0.004793
10 0.004813
10 0.004815
10 0.004816
9 0.004816
10 0.004818
12 0.004822
12 0.004826
9 0.004837
9 0.004837
12 0.004839
12 0.004843
9 0.004852
15 0.004852
15 0.004852
15 0.004856
9 0.004856
15 0.004858
12 0.004859
9 0.004859
12 0.004860
12 0.004860
12 0.004862
7 0.004865
11 0.004865
9 0.004877
9 0.004878
9 0.004885
7 0.004887
10 0.004907
10 0.004909
9 0.004912
9 0.004913
9 0.004913
10 0.004921
10 0.004922
10 0.004925
10 0.004925
9 0.004932
9 0.004933
9 0.004939
9 0.004945
10 0.004960
10 0.004963
10 0.004975
10 0.004978
16 0.004982
16 0.004982
16 0.004986
10 0.004988
9 0.004993
16 0.004998
16 0.004998
7 0.005003
16 0.005004
9 0.005008
10 0.005016
10 0.005021
9 0.005035
10 0.005035
10 0.005040
9 0.005044
9 0.005057
9 0.005058
9 0.005058
12 0.005067
12 0.005070
10 0.005077
10 0.005088
10 0.005093
10 0.005101
10 0.005106
8 0.005120
8 0.005123
8 0.005147
7 0.005181
11 0.005191
11 0.005205
7 0.005210
9 0.005228
7 0.005233
8 0.005268
8 0.005270
8 0.005276
8 0.005279
8 0.005285
9 0.005286
8 0.005296
8 0.005296
8 0.005298
8 0.005307
9 0.005308
8 0.005324
9 0.005380
9 0.005403
8 0.005409
11 0.005411
8 0.005412
9 0.005417
9 0.005418
9 0.005420
9 0.005420
8 0.005427
8 0.005437
8 0.005439
8 0.005442
9 0.005443
9 0.005444
8 0.005450
9 0.005452
9 0.005454
8 0.005457
8 0.005460
7 0.005465
8 0.005480
7 0.005494
9 0.005554
9 0.005594
9 0.005596
9 0.005597
9 0.005608
9 0.005613
9 0.005633
9 0.005642
15 0.005685
15 0.005685
15 0.005690
15 0.005694
11 0.005713
11 0.005717
11 0.005735
11 0.005742
11 0.005746
11 0.005752
11 0.005754
11 0.005758
11 0.005783
11 0.005787
9 0.005798
11 0.005798
9 0.005806
11 0.005810
11 0.005811
8 0.005924
8 0.005959
11 0.006010
7 0.006016
9 0.006022
7 0.006080
7 0.006155
8 0.006159
8 0.006160
8 0.006198
11 0.006239
8 0.006303
8 0.006330
8 0.006343
8 0.006371
8 0.006374
8 0.006389
8 0.006413
14 0.006414
8 0.006415
8 0.006430
14 0.006431
14 0.006433
8 0.006487
14 0.006491
14 0.006510
8 0.006515
11 0.006522
14 0.006525
14 0.006531
11 0.006573
11 0.006580
11 0.006619
11 0.006629
11 0.006668
11 0.006682
11 0.006772
10 0.007009
10 0.007053
10 0.007116
10 0.007201
7 0.007203
10 0.007207
10 0.007266
7 0.007266
16 0.007276
16 0.007277
16 0.007293
16 0.007308
16 0.007309
16 0.007318
10 0.007342
10 0.007357
11 0.007362
10 0.007403
10 0.007408
6 0.007418
6 0.007418
6 0.007442
6 0.007442
10 0.007463
10 0.007469
6 0.007485
6 0.007485
11 0.007499
10 0.007526
6 0.007524
6 0.007529
6 0.007535
6 0.007563
6 0.007563
6 0.007563
6 0.007563
6 0.007610
6 0.007614
6 0.007617
6 0.007650
6 0.007669
12 0.007865
15 0.007968
15 0.007978
15 0.007981
15 0.008145
15 0.008150
15 0.008157
15 0.008178
12 0.008220
15 0.008311
15 0.008311
15 0.008321
15 0.008329
15 0.008353
12 0.008434
12 0.008439
12 0.008439
8 0.008467
8 0.008478
13 0.008522
13 0.008530
10 0.008555
10 0.008561
13 0.008563
13 0.008565
13 0.008573
10 0.008644
12 0.008685
9 0.008688
13 0.008770
10 0.008855
14 0.008875
14 0.008889
10 0.008914
10 0.009003
13 0.009046
13 0.009076
12 0.009078
12 0.009093
12 0.009093
12 0.009120
13 0.009157
12 0.009197
10 0.009216
14 0.009306
14 0.009340
14 0.009346
9 0.009349
14 0.009539
14 0.009549
14 0.009637
14 0.009638
12 0.009641
14 0.009651
14 0.009655
14 0.009679
12 0.009723
12 0.009723
12 0.009769
12 0.009811
12 0.009817
13 0.010065
13 0.010129
13 0.010191
12 0.010206
12 0.010206
13 0.010215
13 0.010423
13 0.010433
12 0.010478
12 0.010478
13 0.010499
13 0.010669
13 0.010889
12 0.010955
12 0.011117
12 0.011117
13 0.011149
12 0.011165
13 0.011194
13 0.011317
13 0.011449
12 0.011468
12 0.011468
12 0.011468
15 0.011660
15 0.011660
15 0.011660
15 0.011660
15 0.011660
15 0.011660
15 0.011660
12 0.012775
12 0.012775
12 0.012775
12 0.012897
12 0.012982
12 0.012982
12 0.013628
11 0.013647
12 0.013782
11 0.013856
12 0.013879
12 0.014071
12 0.014170
12 0.014170
13 0.014828
13 0.014828
13 0.014908
13 0.014908
13 0.014914
13 0.015126
13 0.015126
10 0.015136
6 0.015228
10 0.015488
11 0.015581
6 0.015586
13 0.015676
10 0.015701
16 0.015726
11 0.015766
16 0.015788
16 0.015788
16 0.015807
16 0.015807
16 0.015815
11 0.015839
13 0.015913
11 0.015989
6 0.016149
6 0.016150
10 0.016207
9 0.016232
10 0.016300
10 0.016319
10 0.016426
9 0.016445
10 0.016505
9 0.016517
12 0.016562
12 0.016562
10 0.016601
13 0.016653
11 0.016878
12 0.016912
11 0.017028
9 0.017029
12 0.017044
6 0.017133
6 0.017135
11 0.017367
10 0.017755
9 0.017929
15 0.017991
15 0.017991
15 0.017991
15 0.017991
15 0.017991
15 0.017991
15 0.017991
6 0.018035
10 0.018036
10 0.018073
6 0.018076
6 0.018076
6 0.018482
6 0.018526
6 0.018526
11 0.018684
5 0.018702
6 0.018803
6 0.018848
11 0.018868
10 0.018999
11 0.019036
11 0.019127
6 0.019148
6 0.019156
6 0.019179
10 0.019204
6 0.019225
6 0.019225
5 0.019255
10 0.019280
11 0.019313
10 0.019348
11 0.019489
10 0.019611
10 0.019682
6 0.019711
6 0.019761
8 0.019855
8 0.020261
9 0.020267
5 0.020296
12 0.020357
6 0.020367
6 0.020420
6 0.020420
12 0.020616
10 0.020755
10 0.020759
10 0.020834
12 0.021212
10 0.021260
11 0.021355
6 0.021374
6 0.021432
5 0.021465
11 0.021485
11 0.021498
12 0.021517
11 0.021596
5 0.021679
5 0.021714
11 0.021761
12 0.021821
5 0.021879
11 0.021899
11 0.021913
11 0.021914
5 0.021915
9 0.022126
12 0.022143
11 0.022148
5 0.022266
5 0.022304
5 0.022325
9 0.022328
9 0.022475
9 0.022524
5 0.022549
5 0.022568
5 0.022607
9 0.022660
6 0.022719
12 0.022749
6 0.022783
6 0.022784
10 0.022817
10 0.022869
9 0.022885
5 0.023207
5 0.023227
5 0.023268
12 0.023304
12 0.023321
12 0.023402
12 0.023449
5 0.023556
6 0.023630
5 0.023630
6 0.023631
9 0.023633
5 0.023738
5 0.023749
5 0.023758
5 0.023801
11 0.023982
12 0.024028
6 0.024161
6 0.024162
5 0.024195
11 0.024258
11 0.024285
11 0.024285
12 0.024308
11 0.024593
11 0.024689
12 0.024714
11 0.024715
11 0.024778
11 0.024781
11 0.024808
6 0.024899
6 0.024927
6 0.024943
6 0.024944
5 0.024961
5 0.024984
5 0.025031
5 0.025031
6 0.025111
5 0.025150
6 0.025191
11 0.025336
11 0.025362
11 0.025363
10 0.025399
10 0.025507
13 0.025668
10 0.025714
5 0.025810
9 0.025860
13 0.025908
10 0.025951
5 0.025972
5 0.025995
5 0.025996
5 0.026044
5 0.026046
5 0.026047
10 0.026146
6 0.026181
6 0.026182
10 0.026423
5 0.026482
5 0.026535
5 0.026560
13 0.026577
5 0.026614
5 0.026663
5 0.026674
5 0.026701
5 0.026718
5 0.026718
5 0.026756
6 0.026899
6 0.026902
5 0.027096
5 0.027096
5 0.027097
4 0.027107
5 0.027123
4 0.027133
5 0.027153
5 0.027179
4 0.027353
4 0.027380
4 0.027425
4 0.027451
5 0.027915
10 0.028034
11 0.028140
10 0.028221
6 0.028348
6 0.028349
6 0.028350
11 0.028559
11 0.028582
5 0.028609
5 0.028640
12 0.028842
6 0.028908
5 0.028952
5 0.028954
5 0.028982
6 0.029013
6 0.029014
5 0.029046
4 0.029084
12 0.029088
12 0.029114
12 0.029137
5 0.029148
11 0.029157
11 0.029158
12 0.029163
4 0.029165
11 0.029182
5 0.029330
4 0.029412
4 0.029428
11 0.029562
4 0.029592
6 0.029741
12 0.029742
6 0.029742
6 0.029750
5 0.029781
12 0.029901
12 0.029953
12 0.029979
13 0.029994
5 0.030023
4 0.030033
13 0.030099
4 0.030119
13 0.030338
5 0.030513
5 0.030513
5 0.030514
5 0.030713
13 0.030739
13 0.030895
5 0.030965
5 0.030970
5 0.030970
5 0.030970
13 0.031273
5 0.031608
5 0.031608
5 0.031609
13 0.031685
5 0.031903
5 0.031949
5 0.031985
5 0.032061
4 0.032102
12 0.032149
4 0.032200
12 0.032326
4 0.032387
4 0.032487
5 0.032545
5 0.032545
5 0.032546
12 0.032846
6 0.032859
6 0.032861
6 0.032862
5 0.032932
4 0.032966
7 0.033015
7 0.033030
12 0.033048
4 0.033054
4 0.033070
15 0.033116
15 0.033116
15 0.033116
15 0.033116
15 0.033116
15 0.033116
15 0.033116
15 0.033127
15 0.033127
15 0.033127
15 0.033127
15 0.033127
15 0.033127
15 0.033127
7 0.033164
4 0.033210
5 0.033221
5 0.033221
5 0.033221
4 0.033263
4 0.033315
7 0.033373
4 0.033403
5 0.033449
7 0.033511
7 0.033591
4 0.033663
4 0.033711
7 0.033720
10 0.033782
7 0.033970
5 0.034017
5 0.034017
5 0.034017
4 0.034075
4 0.034093
7 0.034109
4 0.034142
4 0.034179
4 0.034186
7 0.034203
4 0.034204
4 0.034253
7 0.034269
4 0.034291
7 0.034405
11 0.034674
4 0.034910
5 0.035010
5 0.035010
5 0.035010
11 0.035049
7 0.035087
7 0.035161
7 0.035233
4 0.035305
4 0.035343
4 0.035373
4 0.035387
4 0.035387
4 0.035430
7 0.035434
5 0.035453
4 0.035454
5 0.035603
7 0.036115
11 0.036169
11 0.036234
6 0.036388
6 0.036390
6 0.036416
5 0.036567
5 0.036567
5 0.036568
5 0.036776
4 0.036897
5 0.036941
5 0.036974
4 0.037027
4 0.037131
4 0.037192
4 0.037228
4 0.037266
7 0.037476
4 0.037640
7 0.037664
4 0.037720
4 0.037760
4 0.037769
4 0.037788
4 0.037813
4 0.037839
5 0.038636
6 0.038893
6 0.039085
4 0.039155
5 0.039196
5 0.039204
4 0.039301
4 0.039301
5 0.039341
4 0.039757
14 0.039870
12 0.039947
4 0.040236
4 0.040312
14 0.040400
6 0.040413
6 0.040415
4 0.040608
15 0.040949
14 0.041080
4 0.041086
4 0.041288
4 0.041289
14 0.041510
14 0.041510
5 0.041762
14 0.041766
5 0.041844
5 0.041845
5 0.041845
4 0.041923
4 0.041930
5 0.042067
5 0.042067
14 0.042230
4 0.042503
4 0.042616
14 0.042830
5 0.043330
5 0.043750
5 0.043821
5 0.043821
5 0.043968
5 0.043991
3 0.044078
12 0.044415
4 0.044535
4 0.044535
4 0.044535
14 0.044570
5 0.044594
4 0.045093
5 0.045132
5 0.045231
5 0.045290
5 0.045313
6 0.045313
6 0.045340
5 0.045378
5 0.045473
12 0.045653
12 0.045771
4 0.046029
4 0.046039
6 0.046465
6 0.046468
6 0.046469
4 0.046535
4 0.046545
4 0.046547
5 0.047042
4 0.047386
5 0.047496
5 0.047528
3 0.047528
5 0.047537
3 0.047635
3 0.047649
3 0.047703
3 0.047738
3 0.047826
3 0.048053
3 0.048097
3 0.048123
3 0.048171
3 0.048246
3 0.048295
3 0.048417
3 0.048456
3 0.048487
3 0.048525
3 0.048582
3 0.048613
5 0.048756
3 0.048962
3 0.049080
13 0.049146
4 0.049165
4 0.049246
3 0.049451
3 0.049999
13 0.050038
3 0.050044
4 0.050160
12 0.050330
3 0.050351
6 0.050880
6 0.050882
6 0.051103
6 0.051221
6 0.051222
12 0.051580
3 0.051593
5 0.051616
5 0.051825
4 0.051938
12 0.052000
4 0.052012
4 0.052085
4 0.052106
4 0.052106
4 0.052201
4 0.052254
4 0.052315
4 0.052351
5 0.052861
4 0.053036
5 0.053388
4 0.053439
4 0.053453
4 0.053478
5 0.053607
3 0.053654
5 0.053847
12 0.053900
4 0.053910
4 0.053911
4 0.053929
4 0.054088
4 0.054179
4 0.054189
4 0.054203
4 0.054232
4 0.054241
4 0.054242
3 0.054298
4 0.054392
5 0.054637
5 0.054637
3 0.054715
4 0.055113
11 0.055240
12 0.055330
4 0.055403
4 0.055403
4 0.055421
4 0.055497
2 0.055875
2 0.055892
2 0.055913
2 0.056071
6 0.056310
6 0.056313
5 0.056384
4 0.056391
5 0.056391
4 0.056406
5 0.056425
5 0.056490
4 0.056585
5 0.056829
5 0.056830
5 0.056830
4 0.057021
4 0.057039
2 0.057116
2 0.057136
2 0.057178
4 0.057224
4 0.057243
2 0.057352
2 0.057363
2 0.057381
2 0.057439
11 0.057520
2 0.057605
6 0.057643
2 0.057698
5 0.057762
6 0.057948
6 0.058096
6 0.058374
4 0.058496
4 0.058555
4 0.058572
4 0.058704
6 0.058774
2 0.058896
2 0.058896
2 0.058908
2 0.058908
2 0.059351
2 0.059383
7 0.059408
2 0.059447
7 0.059558
2 0.059750
7 0.059770
2 0.059776
2 0.059984
2 0.060067
7 0.060080
7 0.060116
2 0.060244
2 0.060343
6 0.060458
6 0.060530
5 0.060584
7 0.060839
6 0.061270
6 0.061289
6 0.061316
6 0.061407
2 0.061643
2 0.061656
7 0.061763
4 0.061810
6 0.062208
7 0.062351
4 0.062414
4 0.062428
2 0.062739
6 0.062790
4 0.062805
4 0.062811
4 0.062811
6 0.062877
5 0.062904
2 0.062934
5 0.063055
7 0.063335
4 0.063358
4 0.063377
4 0.063458
4 0.063755
4 0.063773
7 0.063800
7 0.063865
2 0.064041
2 0.064090
2 0.064177
5 0.064186
5 0.064341
4 0.064386
4 0.064396
4 0.064446
2 0.064449
4 0.064461
2 0.064462
2 0.064501
2 0.064592
7 0.064621
2 0.064730
2 0.064744
2 0.064754
2 0.064766
5 0.064821
6 0.064849
6 0.064863
5 0.064892
7 0.064901
5 0.064947
4 0.064970
4 0.064988
4 0.064990
4 0.065008
5 0.065009
4 0.065009
6 0.065042
2 0.065239
4 0.065252
2 0.065274
4 0.065292
4 0.065355
4 0.065399
3 0.065436
4 0.065439
2 0.065508
2 0.065522
2 0.065522
2 0.065536
4 0.065555
4 0.065589
4 0.065633
4 0.065732
2 0.065799
5 0.065825
4 0.065929
5 0.065983
5 0.065986
4 0.066003
4 0.066004
2 0.066016
2 0.066080
4 0.066092
2 0.066093
2 0.066094
4 0.066142
4 0.066145
4 0.066153
4 0.066203
2 0.066227
4 0.066243
7 0.066265
5 0.066313
5 0.066317
5 0.066319
4 0.066370
2 0.066431
4 0.066483
5 0.066508
2 0.066552
4 0.066611
4 0.066765
2 0.066911
2 0.066944
2 0.066958
2 0.066981
4 0.067104
7 0.067193
7 0.067193
8 0.067189
4 0.067275
4 0.067296
4 0.067327
15 0.067342
4 0.067349
4 0.067361
6 0.067391
6 0.067395
4 0.067420
4 0.067445
4 0.067490
8 0.067532
4 0.067601
5 0.067625
8 0.067630
5 0.067733
7 0.067769
3 0.067773
4 0.067776
4 0.067799
4 0.067808
5 0.067810
3 0.067846
7 0.067880
4 0.067881
5 0.067896
3 0.067911
4 0.068034
5 0.068033
7 0.068065
3 0.068068
3 0.068093
5 0.068092
7 0.068095
3 0.068097
4 0.068097
3 0.068148
5 0.068168
3 0.068288
3 0.068307
3 0.068346
3 0.068359
7 0.068358
7 0.068507
3 0.068538
5 0.068613
7 0.068682
5 0.068690
8 0.068690
4 0.068711
4 0.068726
2 0.068755
7 0.068767
4 0.068773
2 0.068777
2 0.068799
4 0.068802
5 0.068803
4 0.068855
2 0.068888
4 0.068902
2 0.068911
4 0.068938
4 0.068955
5 0.068981
6 0.069024
4 0.069025
4 0.069025
4 0.069027
2 0.069053
2 0.069076
2 0.069103
2 0.069136
2 0.069137
2 0.069151
2 0.069152
2 0.069164
5 0.069172
2 0.069186
6 0.069237
2 0.069237
5 0.069352
7 0.069399
2 0.069456
2 0.069472
5 0.069662
8 0.069868
3 0.069873
2 0.069956
2 0.069961
2 0.069978
3 0.070015
3 0.070019
3 0.070028
2 0.070067
3 0.070278
2 0.070519
5 0.070534
2 0.070562
2 0.070614
6 0.070647
4 0.070648
4 0.070735
2 0.070787
2 0.070803
3 0.071095
6 0.071267
6 0.071283
4 0.071336
2 0.071420
5 0.071477
4 0.071512
4 0.071665
4 0.071681
4 0.071688
4 0.071705
4 0.071791
8 0.071936
3 0.072429
4 0.072560
6 0.072585
6 0.072585
6 0.072585
3 0.072586
4 0.072690
2 0.072769
3 0.072869
2 0.072880
2 0.072881
4 0.072890
4 0.072890
2 0.072906
4 0.072907
3 0.072952
2 0.072979
3 0.073004
3 0.073076
4 0.073215
3 0.073236
2 0.073244
3 0.073302
3 0.073332
3 0.073406
3 0.073524
5 0.073609
3 0.073625
15 0.073831
3 0.073847
8 0.073867
2 0.074090
2 0.074116
2 0.074117
7 0.074204
2 0.074206
5 0.074230
2 0.074232
5 0.074332
5 0.074354
2 0.074458
2 0.074484
4 0.074490
6 0.074511
6 0.074513
5 0.074529
2 0.074600
2 0.074608
2 0.074618
2 0.074626
5 0.074681
4 0.074770
4 0.074803
4 0.074840
4 0.074879
4 0.074925
4 0.074932
4 0.075022
4 0.075103
8 0.075130
4 0.075194
4 0.075376
4 0.075496
15 0.075632
5 0.075802
5 0.075890
4 0.075909
4 0.076083
4 0.076183
2 0.076321
2 0.076366
2 0.076442
4 0.076445
2 0.076539
4 0.076548
2 0.076557
2 0.076569
4 0.076648
4 0.076694
4 0.076726
4 0.076739
4 0.076754
6 0.076993
4 0.077024
5 0.077037
6 0.077131
5 0.077132
8 0.077229
5 0.077284
5 0.077331
2 0.077346
2 0.077365
2 0.077426
2 0.077445
5 0.077449
4 0.077468
5 0.077548
5 0.077580
4 0.077740
4 0.077853
4 0.077859
6 0.078004
7 0.078008
4 0.078067
4 0.078096
6 0.078137
4 0.078213
11 0.078296
4 0.078402
4 0.078437
2 0.078502
2 0.078530
7 0.078564
5 0.078647
2 0.078662
2 0.078691
4 0.078690
2 0.078828
2 0.078857
3 0.078899
4 0.079024
6 0.079031
4 0.079054
6 0.079264
7 0.079288
3 0.079668
4 0.079765
4 0.079827
4 0.079873
4 0.079885
2 0.079895
4 0.079898
2 0.079916
2 0.080004
4 0.080047
6 0.080061
4 0.080253
4 0.080292
5 0.080294
4 0.080308
5 0.080308
4 0.080360
4 0.080370
4 0.080398
2 0.080401
2 0.080431
2 0.080441
2 0.080869
2 0.080878
2 0.080890
4 0.080966
5 0.081060
5 0.081306
4 0.081594
7 0.081682
9 0.081766
3 0.082088
5 0.082212
3 0.082257
2 0.082285
2 0.082285
2 0.082405
2 0.082437
3 0.082483
2 0.082658
2 0.082690
7 0.082842
5 0.082854
6 0.083276
6 0.083365
4 0.083597
2 0.083600
3 0.083629
4 0.083630
2 0.083633
2 0.083725
4 0.083744
4 0.083819
4 0.083829
4 0.083864
2 0.084061
2 0.084083
4 0.084251
5 0.084278
5 0.084358
2 0.084383
7 0.084403
2 0.084405
6 0.084445
4 0.084508
4 0.084542
6 0.084657
8 0.084772
5 0.084924
8 0.084990
5 0.085218
4 0.085271
4 0.085312
6 0.085360
5 0.085477
5 0.085487
5 0.085783
4 0.085890
7 0.085993
5 0.086047
4 0.086236
8 0.086338
4 0.086462
2 0.086586
2 0.086621
2 0.086715
2 0.086750
9 0.087173
8 0.087174
5 0.087269
5 0.087294
5 0.087319
8 0.087454
2 0.087542
5 0.087555
2 0.087565
5 0.087579
5 0.087580
5 0.087580
7 0.087684
5 0.087765
2 0.087767
5 0.087865
2 0.088136
4 0.088305
5 0.088351
5 0.088359
5 0.088415
5 0.088442
5 0.088446
5 0.088453
5 0.088574
5 0.088579
5 0.088709
7 0.088775
4 0.088807
5 0.088829
5 0.088852
4 0.088905
5 0.089002
4 0.089054
4 0.089055
4 0.089066
4 0.089090
4 0.089205
4 0.089273
5 0.089319
5 0.089322
7 0.089326
4 0.089352
7 0.089436
2 0.089442
2 0.089480
4 0.089480
4 0.089608
7 0.089782
3 0.090026
5 0.090081
3 0.090167
3 0.090257
5 0.090276
5 0.090281
5 0.090306
7 0.090312
5 0.090343
5 0.090416
5 0.090554
5 0.090567
5 0.090582
5 0.090587
5 0.090594
5 0.090623
5 0.090624
5 0.090654
2 0.090688
5 0.090848
5 0.090988
2 0.091048
5 0.091054
3 0.091173
8 0.091250
5 0.091254
2 0.091274
7 0.091335
5 0.091355
5 0.091508
2 0.091539
5 0.091619
8 0.091686
5 0.091775
2 0.091881
5 0.091919
2 0.091921
5 0.092162
5 0.092221
4 0.092374
7 0.092405
5 0.092422
4 0.092731
5 0.092768
4 0.092811
1 0.092898
1 0.092951
4 0.093011
1 0.093012
7 0.093018
1 0.093109
1 0.093208
6 0.093338
1 0.093353
1 0.093353
1 0.093519
1 0.093519
2 0.093742
2 0.093769
1 0.093796
1 0.093796
4 0.093994
1 0.094010
1 0.094010
1 0.094060
1 0.094060
1 0.094060
1 0.094121
1 0.094121
6 0.094452
1 0.094467
1 0.094467
1 0.094570
1 0.094570
1 0.094570
1 0.094630
1 0.094644
4 0.094911
4 0.095019
5 0.095180
1 0.095244
1 0.095244
1 0.095360
1 0.095360
1 0.095360
1 0.095474
5 0.095769
1 0.095834
1 0.095834
1 0.095834
8 0.095980
7 0.096007
4 0.096295
5 0.096417
4 0.096457
1 0.096529
1 0.096529
1 0.096740
1 0.096740
1 0.096740
5 0.096819
1 0.096911
1 0.096911
5 0.097118
5 0.097121
6 0.097151
5 0.097161
6 0.097584
1 0.099008
1 0.099008
5 0.099078
15 0.099195
1 0.099396
1 0.099396
1 0.099396
5 0.099446
1 0.099460
1 0.099460
1 0.099460
2 0.099601
1 0.099699
1 0.099699
4 0.099978
1 0.100035
6 0.100042
2 0.100049
6 0.100051
2 0.100080
2 0.100609
4 0.100609
2 0.100626
4 0.100640
3 0.101250
2 0.101411
2 0.101444
3 0.101549
3 0.101557
3 0.101578
1 0.101880
1 0.101880
1 0.101880
1 0.101910
1 0.101910
1 0.101910
1 0.101944
1 0.101944
1 0.101944
2 0.101953
1 0.101987
1 0.101987
1 0.101987
1 0.102041
1 0.102041
1 0.102041
4 0.102055
1 0.102103
1 0.102103
1 0.102103
3 0.102111
2 0.102125
3 0.102133
2 0.102154
1 0.102176
1 0.102176
1 0.102176
1 0.102272
1 0.102272
1 0.102272
4 0.102276
1 0.102391
1 0.102391
1 0.102391
1 0.102509
1 0.102545
1 0.102593
1 0.102593
4 0.102676
4 0.102685
1 0.102746
1 0.102746
1 0.102746
1 0.102800
1 0.102800
1 0.102800
1 0.102998
1 0.102998
1 0.102998
1 0.103018
1 0.103018
1 0.103018
1 0.103080
1 0.103080
1 0.103080
2 0.103089
2 0.103137
1 0.103395
1 0.103395
1 0.103395
1 0.103410
1 0.103437
1 0.103467
1 0.103500
1 0.103500
1 0.103500
1 0.103717
1 0.103717
1 0.103829
1 0.103829
1 0.103861
1 0.103892
1 0.103946
1 0.103946
1 0.103946
5 0.103992
1 0.104011
1 0.104059
1 0.104160
1 0.104160
1 0.104160
1 0.104375
1 0.104375
1 0.104489
1 0.104575
1 0.104575
1 0.104880
1 0.104880
1 0.104880
2 0.104977
1 0.104981
2 0.105028
1 0.105150
1 0.105150
1 0.105150
5 0.105152
7 0.105155
2 0.105322
1 0.105418
1 0.105503
2 0.105589
1 0.105916
1 0.105916
1 0.105953
1 0.105953
1 0.106180
1 0.106180
1 0.106180
4 0.106266
4 0.106266
1 0.106338
5 0.106356
1 0.106362
1 0.106362
1 0.106400
1 0.106400
1 0.106400
1 0.106401
1 0.106401
1 0.106401
5 0.106402
1 0.106562
1 0.106583
1 0.106800
1 0.107033
1 0.107050
1 0.107050
1 0.107050
5 0.107111
4 0.107297
4 0.107351
3 0.107715
4 0.108821
4 0.109118
1 0.109267
4 0.109305
1 0.109306
4 0.109420
1 0.109433
1 0.109433
1 0.109433
4 0.109531
1 0.109558
1 0.109660
2 0.109660
1 0.109741
1 0.109782
1 0.109802
4 0.109836
4 0.109892
1 0.109912
4 0.109948
1 0.109996
4 0.110005
1 0.110125
2 0.110197
2 0.110236
7 0.110277
1 0.110357
4 0.110773
4 0.110845
4 0.110983
4 0.111087
4 0.111089
4 0.111105
4 0.111125
4 0.111273
4 0.111321
4 0.111321
4 0.111415
4 0.111716
6 0.111776
6 0.111776
6 0.111776
4 0.111793
4 0.111883
3 0.112176
5 0.112204
3 0.112241
2 0.112440
2 0.112498
3 0.112653
3 0.112688
3 0.112850
5 0.112867
5 0.112878
2 0.113106
2 0.113166
5 0.113390
1 0.113530
1 0.113530
1 0.113530
4 0.113808
4 0.113821
1 0.113833
1 0.113833
1 0.113833
4 0.114162
1 0.114311
1 0.114311
1 0.114311
1 0.114366
1 0.114993
1 0.114993
1 0.114993
1 0.115082
1 0.115427
3 0.115469
3 0.115539
1 0.115601
1 0.115627
1 0.115740
1 0.116134
1 0.116134
1 0.116158
1 0.116173
1 0.116197
3 0.116213
3 0.116249
3 0.116321
1 0.116399
3 0.116615
3 0.116653
1 0.116721
1 0.116721
1 0.116721
1 0.116803
1 0.117055
1 0.117253
2 0.117288
1 0.117505
1 0.117600
1 0.117930
1 0.118159
5 0.118828
3 0.119020
4 0.119357
3 0.119406
3 0.119445
10 0.119625
5 0.119913
3 0.120097
3 0.120173
3 0.120212
2 0.120386
2 0.120428
2 0.120433
2 0.120473
1 0.120556
1 0.120701
1 0.120885
1 0.121121
1 0.121137
1 0.121279
10 0.121298
1 0.121397
1 0.121429
1 0.121432
1 0.121464
1 0.121497
1 0.121541
1 0.121642
1 0.121703
1 0.121727
4 0.121808
1 0.121851
1 0.121857
1 0.121860
1 0.121895
1 0.121965
1 0.122016
4 0.122048
4 0.122089
1 0.122175
1 0.122231
1 0.122280
1 0.122442
1 0.122448
1 0.122454
1 0.122498
2 0.122670
4 0.122672
4 0.122687
1 0.122709
2 0.122741
4 0.122754
1 0.122769
4 0.122911
4 0.122941
1 0.122961
1 0.123037
1 0.123047
5 0.123051
4 0.123149
4 0.123165
1 0.123313
2 0.123344
1 0.123392
2 0.123415
1 0.123562
2 0.123626
1 0.123663
1 0.123834
2 0.123865
2 0.123900
1 0.123933
1 0.124191
1 0.124205
1 0.124716
1 0.124804
4 0.124835
2 0.125058
1 0.125081
4 0.125165
1 0.125330
1 0.125332
2 0.125381
1 0.125609
4 0.125818
2 0.125952
5 0.126076
5 0.126138
4 0.126152
1 0.126286
4 0.126312
5 0.126645
4 0.126739
5 0.126849
1 0.126921
2 0.127027
1 0.127078
1 0.127078
2 0.127156
1 0.127207
5 0.127452
2 0.127613
1 0.127720
1 0.127721
1 0.127733
2 0.127744
5 0.127882
2 0.127903
2 0.127949
1 0.128010
2 0.128335
5 0.128369
1 0.128382
5 0.128391
5 0.128421
2 0.128497
4 0.128606
4 0.128622
1 0.128676
2 0.128838
6 0.129059
6 0.129059
6 0.129059
4 0.129459
4 0.129461
1 0.129565
4 0.129583
1 0.129617
4 0.129649
4 0.129666
4 0.130072
1 0.130091
1 0.130234
1 0.130286
1 0.130311
1 0.130343
4 0.130418
1 0.130588
1 0.130820
1 0.130820
1 0.130820
1 0.130930
1 0.131019
1 0.131325
1 0.131654
1 0.131662
1 0.131662
4 0.131904
1 0.132352
1 0.132352
4 0.132412
1 0.132664
3 0.132816
3 0.132852
3 0.132863
1 0.133379
4 0.133496
4 0.133511
4 0.133861
1 0.134085
3 0.134322
3 0.134359
3 0.135059
3 0.135103
3 0.135108
5 0.135144
3 0.135379
1 0.135697
4 0.135916
4 0.136108
1 0.136130
4 0.136253
2 0.136302
1 0.136303
2 0.136338
2 0.136390
4 0.136519
5 0.136575
4 0.136692
4 0.136884
4 0.136885
4 0.137059
5 0.137161
5 0.137188
3 0.137316
5 0.137906
5 0.137945
1 0.138155
1 0.138504
1 0.138551
1 0.138844
1 0.138915
5 0.138926
3 0.139072
1 0.139259
1 0.139611
3 0.139655
4 0.139804
1 0.140151
3 0.140206
3 0.140247
4 0.140355
4 0.140481
4 0.140601
3 0.140834
3 0.140846
1 0.140934
1 0.141287
4 0.141302
1 0.141437
3 0.141558
4 0.141606
6 0.141939
6 0.141974
4 0.142165
4 0.142384
6 0.142385
4 0.142447
1 0.142503
1 0.142519
1 0.142522
4 0.143108
1 0.143328
1 0.143331
4 0.143544
1 0.143697
1 0.143982
4 0.144298
1 0.144430
4 0.144514
2 0.144648
4 0.144676
4 0.144677
1 0.144823
4 0.144870
4 0.145088
1 0.145260
4 0.145876
4 0.147131
1 0.147183
1 0.147250
1 0.147399
1 0.147438
1 0.147457
4 0.148070
4 0.148219
1 0.148304
1 0.148323
1 0.148562
1 0.148715
1 0.149885
1 0.149894
5 0.150176
2 0.151104
2 0.151104
2 0.151121
2 0.151121
2 0.151389
2 0.151389
2 0.151991
4 0.152115
4 0.153410
4 0.153494
2 0.153519
2 0.153694
2 0.154074
2 0.154089
2 0.154150
2 0.154666
4 0.154669
2 0.154790
2 0.155014
9 0.155260
5 0.157223
5 0.157224
5 0.157238
3 0.157744
1 0.158369
1 0.159274
2 0.160077
11 0.161451
4 0.162097
4 0.162359
4 0.162395
4 0.162481
4 0.162915
4 0.162978
4 0.163069
4 0.163107
3 0.163370
4 0.163476
4 0.163567
4 0.163777
4 0.163839
1 0.164108
2 0.164595
2 0.165249
4 0.165316
4 0.165610
2 0.165783
2 0.165819
2 0.165978
2 0.166136
2 0.166449
2 0.166449
2 0.166449
1 0.166669
2 0.166709
4 0.166861
4 0.167591
4 0.167633
4 0.167661
4 0.168681
1 0.168753
4 0.168795
4 0.168824
4 0.168863
4 0.169048
5 0.169512
5 0.169620
4 0.169700
4 0.169759
5 0.170032
4 0.170158
1 0.170636
1 0.170688
1 0.170713
4 0.170852
2 0.171274
3 0.171312
2 0.171356
9 0.171545
9 0.171545
2 0.171596
3 0.172894
5 0.173148
4 0.173895
4 0.174534
4 0.174886
2 0.175118
2 0.175212
2 0.175338
2 0.175376
2 0.175433
2 0.175518
2 0.175518
2 0.175568
2 0.175716
2 0.175913
2 0.176128
4 0.176172
4 0.176297
2 0.176409
2 0.177012
5 0.177016
2 0.177036
2 0.177108
2 0.177305
2 0.177353
4 0.177370
4 0.177418
2 0.177855
2 0.177925
4 0.177987
1 0.178226
4 0.178226
2 0.178341
2 0.178358
2 0.178586
4 0.178698
4 0.178718
2 0.178879
2 0.179161
2 0.179252
2 0.179461
2 0.179532
2 0.179597
2 0.179784
3 0.180389
4 0.180494
2 0.180535
1 0.180731
4 0.180813
2 0.181208
2 0.181236
1 0.181917
1 0.182034
2 0.182254
2 0.182271
2 0.182402
11 0.182622
1 0.182624
2 0.182953
2 0.183138
2 0.183138
2 0.183469
4 0.184725
4 0.186302
4 0.186302
2 0.186432
2 0.188013
2 0.188265
4 0.188483
4 0.189718
1 0.190029
2 0.190187
2 0.190187
4 0.190894
5 0.191408
1 0.191470
2 0.193081
2 0.193673
4 0.194418
2 0.194438
2 0.195038
2 0.195138
2 0.195277
2 0.195536
2 0.195798
2 0.195824
2 0.195909
2 0.196434
4 0.196454
2 0.196769
4 0.196813
2 0.197088
6 0.197521
2 0.197653
2 0.197773
2 0.198166
2 0.198364
2 0.198502
5 0.198725
9 0.198770
9 0.198772
1 0.199194
6 0.199256
2 0.199323
6 0.199324
2 0.199385
2 0.199385
2 0.199596
2 0.199676
2 0.199752
2 0.199876
2 0.200116
2 0.200222
2 0.200264
2 0.200292
2 0.200419
2 0.200560
2 0.200702
2 0.200740
2 0.200841
2 0.200902
2 0.201305
2 0.201531
5 0.202796
5 0.202930
2 0.203236
2 0.204760
6 0.205511
6 0.205511
6 0.205511
2 0.205842
3 0.206050
6 0.206894
6 0.206894
6 0.206894
3 0.207269
2 0.207385
6 0.208006
6 0.208006
6 0.208006
5 0.208025
5 0.208333
3 0.208550
3 0.208978
2 0.209336
3 0.209799
3 0.209850
9 0.209890
4 0.210003
4 0.210135
2 0.211064
2 0.211229
5 0.211388
2 0.211460
4 0.211557
2 0.211758
2 0.211928
2 0.211974
2 0.212065
2 0.212282
2 0.212321
2 0.212401
2 0.212501
2 0.212528
2 0.212664
2 0.212672
5 0.212675
2 0.212811
2 0.212882
4 0.213003
4 0.213019
2 0.213022
5 0.213205
5 0.213318
5 0.213381
2 0.213400
2 0.213711
2 0.213847
4 0.214269
2 0.214294
2 0.214350
2 0.214359
2 0.214401
2 0.214473
5 0.214673
2 0.214675
5 0.214771
5 0.214836
2 0.214938
2 0.215043
5 0.215095
2 0.215290
10 0.215696
2 0.215983
2 0.216137
2 0.216279
2 0.216304
5 0.216503
2 0.216595
2 0.216622
1 0.216956
2 0.217040
2 0.217119
2 0.217184
2 0.217368
2 0.217723
3 0.217792
2 0.217849
2 0.217875
2 0.218104
2 0.218662
2 0.218795
2 0.218920
1 0.219123
2 0.219128
2 0.219306
2 0.219785
2 0.219878
3 0.220096
2 0.220446
2 0.220631
10 0.221194
2 0.221449
4 0.222560
4 0.223475
2 0.223746
2 0.223746
10 0.224554
4 0.224643
4 0.224913
4 0.225153
2 0.226233
4 0.226293
4 0.226568
5 0.226620
2 0.226955
2 0.226957
4 0.227077
4 0.227099
4 0.227122
4 0.227171
4 0.227200
2 0.227458
4 0.227765
2 0.227856
2 0.227891
2 0.228023
4 0.228077
2 0.228115
2 0.228270
2 0.228271
3 0.228436
4 0.228463
2 0.228524
5 0.228534
4 0.228687
4 0.228728
4 0.228821
4 0.229509
2 0.229805
2 0.230008
4 0.230083
2 0.230256
2 0.230355
2 0.230525
4 0.230631
2 0.230688
4 0.231015
4 0.231167
2 0.231976
4 0.232062
2 0.232087
4 0.232418
5 0.232582
4 0.232634
4 0.232859
4 0.233138
2 0.233320
2 0.233474
2 0.233475
2 0.233546
4 0.233567
4 0.233644
2 0.233699
4 0.234334
4 0.234632
2 0.235847
4 0.235868
3 0.235992
2 0.236187
2 0.236344
5 0.236537
4 0.236661
5 0.236750
2 0.237509
2 0.237509
4 0.237677
2 0.238517
4 0.238769
4 0.239715
4 0.239846
4 0.239952
4 0.239976
4 0.240231
3 0.240630
4 0.241069
2 0.241678
2 0.241866
2 0.242037
4 0.242041
3 0.242363
4 0.243232
4 0.243425
4 0.243536
4 0.243678
3 0.244332
4 0.244653
2 0.244822
2 0.245363
2 0.245699
4 0.245858
2 0.245933
3 0.246122
2 0.246293
4 0.246338
4 0.246452
2 0.247615
2 0.247708
2 0.247747
2 0.248547
2 0.248976
3 0.249030
3 0.249124
4 0.249601
3 0.249698
3 0.249978
2 0.250470
5 0.250486
2 0.250610
3 0.250886
2 0.250978
2 0.251073
4 0.251606
4 0.251633
2 0.251733
2 0.251896
2 0.251916
2 0.252027
4 0.252325
4 0.253560
2 0.253575
2 0.254182
4 0.254467
2 0.254573
4 0.255040
4 0.255262
5 0.255418
2 0.255547
3 0.255624
2 0.256025
3 0.256494
2 0.256567
4 0.257070
4 0.257347
5 0.257488
4 0.257510
2 0.257546
2 0.257959
2 0.257959
4 0.257975
2 0.258178
4 0.258369
2 0.258498
2 0.258599
2 0.258783
6 0.258810
2 0.258850
2 0.258968
2 0.259000
4 0.259085
3 0.259458
4 0.259563
2 0.259638
2 0.259902
2 0.260295
2 0.260295
2 0.260696
4 0.260784
3 0.260869
2 0.260966
2 0.260966
2 0.260966
2 0.261065
4 0.261187
2 0.261344
2 0.261461
2 0.261886
6 0.261915
3 0.262318
2 0.262493
2 0.262559
2 0.262584
3 0.262906
2 0.262989
2 0.263054
2 0.263551
4 0.263614
2 0.263703
3 0.263767
2 0.263894
5 0.263969
2 0.263987
2 0.264246
2 0.264353
3 0.264380
2 0.264843
2 0.264950
2 0.265758
2 0.265758
6 0.265824
3 0.265997
2 0.266103
5 0.266198
2 0.266359
5 0.266474
2 0.266619
3 0.266622
6 0.266640
2 0.266901
2 0.266941
2 0.267030
2 0.267061
2 0.267086
2 0.267140
2 0.267404
2 0.267454
2 0.267601
4 0.267924
2 0.267983
2 0.268080
3 0.268135
2 0.268189
3 0.268511
2 0.268740
2 0.268901
2 0.268922
5 0.269024
3 0.269251
2 0.269724
3 0.270361
3 0.270989
2 0.271046
4 0.271269
2 0.271393
3 0.271415
2 0.271509
2 0.271702
2 0.271856
3 0.271969
2 0.272057
3 0.272225
4 0.272527
2 0.272577
3 0.272766
2 0.272825
2 0.273063
2 0.273110
3 0.273191
4 0.273732
2 0.273805
4 0.273836
5 0.273991
2 0.274097
3 0.274185
2 0.274583
2 0.274972
2 0.275136
2 0.275280
2 0.275336
4 0.275694
3 0.275770
4 0.276036
2 0.276217
4 0.276256
2 0.276412
2 0.276754
2 0.277226
4 0.277276
4 0.277356
2 0.277509
2 0.277509
3 0.277606
3 0.277610
5 0.278010
2 0.278237
2 0.278308
4 0.278361
3 0.278630
2 0.278854
2 0.278884
3 0.279820
4 0.279863
2 0.280037
5 0.280132
2 0.280190
2 0.280304
2 0.281840
3 0.281912
2 0.282079
3 0.282289
3 0.282676
3 0.283145
4 0.283273
4 0.283841
2 0.284820
3 0.284854
3 0.285684
3 0.286435
3 0.286436
4 0.287110
3 0.287281
2 0.287796
2 0.288134
3 0.288187
2 0.288697
5 0.288775
5 0.288775
5 0.288775
5 0.289030
5 0.289099
5 0.289099
5 0.289099
5 0.289150
5 0.289150
5 0.289150
5 0.289150
4 0.289333
3 0.289755
4 0.289893
3 0.290512
3 0.291035
3 0.291167
4 0.291546
2 0.292366
3 0.292618
3 0.292698
4 0.292872
2 0.293200
3 0.293538
4 0.294559
4 0.294615
3 0.294722
3 0.294919
3 0.295108
3 0.295376
4 0.295613
2 0.295872
4 0.296049
3 0.296269
3 0.296565
4 0.296798
2 0.297697
4 0.298285
5 0.298451
5 0.298451
5 0.298451
5 0.298451
5 0.298451
5 0.298451
5 0.298451
3 0.298686
3 0.299876
2 0.299913
2 0.300586
3 0.300980
1 0.301651
2 0.301656
4 0.302895
4 0.303020
2 0.303086
4 0.303749
4 0.303874
2 0.305013
4 0.305171
2 0.305339
2 0.305999
2 0.306172
2 0.306773
4 0.307233
2 0.307515
2 0.307515
2 0.307704
2 0.308281
2 0.309149
2 0.309149
4 0.309817
2 0.311421
4 0.311851
4 0.312482
3 0.313682
2 0.314841
2 0.314841
5 0.318586
3 0.318604
5 0.319065
5 0.319987
2 0.321576
4 0.321872
4 0.321945
5 0.322296
4 0.322536
3 0.323200
3 0.323412
3 0.323493
4 0.324492
3 0.324850
5 0.325276
2 0.325442
3 0.325631
2 0.325881
2 0.326250
2 0.327317
2 0.327376
5 0.327832
2 0.328573
2 0.328924
4 0.329317
4 0.330158
4 0.330218
2 0.330337
4 0.330968
4 0.330973
2 0.331543
4 0.331790
2 0.331879
3 0.332494
3 0.332582
2 0.333029
4 0.333168
4 0.334133
4 0.334242
4 0.334446
4 0.334494
2 0.334837
2 0.334895
4 0.335608
4 0.336405
3 0.336812
2 0.336904
4 0.337006
3 0.337044
4 0.337048
3 0.337133
2 0.337202
2 0.337284
2 0.337344
2 0.338677
3 0.338808
2 0.338830
4 0.339305
4 0.339607
2 0.339684
5 0.339832
4 0.341288
2 0.341469
4 0.342883
4 0.342953
6 0.343112
6 0.343112
6 0.343112
6 0.343395
6 0.343395
6 0.343395
2 0.346562
4 0.346906
3 0.349828
4 0.349891
3 0.350018
4 0.351767
4 0.352012
2 0.352679
2 0.353286
4 0.353911
2 0.354771
3 0.355071
2 0.356817
2 0.358518
4 0.359211
2 0.359547
2 0.359700
2 0.359760
2 0.360108
2 0.360108
4 0.361189
2 0.361407
2 0.361780
2 0.361794
3 0.362369
2 0.362692
3 0.363302
2 0.363440
4 0.363451
2 0.364449
2 0.364479
2 0.365554
3 0.365761
3 0.366299
2 0.366450
2 0.367008
2 0.367076
2 0.367317
2 0.367383
2 0.367821
2 0.367918
2 0.368151
2 0.368914
2 0.368985
2 0.369729
2 0.370967
3 0.371039
3 0.371147
5 0.371460
2 0.371786
3 0.371878
3 0.372272
2 0.373169
2 0.373645
2 0.373748
2 0.373926
2 0.374222
3 0.374892
2 0.374977
3 0.375177
3 0.375290
3 0.377557
2 0.377785
3 0.377993
2 0.378169
2 0.378364
2 0.378421
4 0.379100
2 0.379353
3 0.379572
3 0.379825
2 0.380369
2 0.381072
2 0.381282
4 0.381612
2 0.382096
2 0.383201
2 0.383247
3 0.383290
3 0.383881
3 0.383936
2 0.384025
2 0.384394
2 0.384630
4 0.384788
2 0.385200
2 0.385417
2 0.386033
2 0.386122
2 0.386170
3 0.386171
2 0.386343
5 0.386364
2 0.389339
3 0.390003
3 0.390014
3 0.390035
2 0.390310
2 0.390806
5 0.391152
2 0.391242
2 0.391929
3 0.392141
2 0.392373
2 0.392456
2 0.392517
3 0.392966
2 0.393262
2 0.393303
2 0.393340
2 0.393438
2 0.393681
2 0.394059
2 0.394807
2 0.395152
3 0.396264
1 0.396311
1 0.396360
2 0.396423
4 0.397032
2 0.397133
2 0.397179
2 0.397179
2 0.398095
3 0.398485
3 0.398705
2 0.399204
2 0.399265
2 0.399328
2 0.399463
5 0.399717
3 0.399906
2 0.399989
2 0.400501
2 0.400890
2 0.401050
2 0.402989
2 0.403391
1 0.403517
5 0.404584
2 0.405122
2 0.405983
2 0.406556
2 0.406975
2 0.406975
2 0.407750
2 0.407750
3 0.408894
3 0.409234
3 0.410031
3 0.412646
2 0.414343
2 0.414623
2 0.414808
1 0.415156
1 0.415377
2 0.415424
1 0.415887
6 0.416345
2 0.416348
2 0.416384
2 0.416627
2 0.416954
2 0.416955
2 0.417518
2 0.417544
2 0.418185
2 0.418710
2 0.419077
2 0.419086
2 0.419467
6 0.420007
6 0.420201
2 0.421470
2 0.421837
2 0.421848
2 0.423214
2 0.425107
3 0.425468
2 0.425617
2 0.425858
2 0.426035
4 0.426167
2 0.426896
2 0.427093
2 0.427971
16 0.428265
2 0.428380
3 0.428610
2 0.429264
2 0.429561
2 0.431986
3 0.433387
2 0.433505
3 0.434144
2 0.434403
3 0.435573
2 0.435809
3 0.436270
2 0.436378
3 0.436590
2 0.436829
2 0.436829
2 0.437115
2 0.437977
2 0.438477
2 0.439305
5 0.439667
5 0.440017
2 0.440408
2 0.440596
2 0.441255
2 0.441659
4 0.441766
5 0.441813
3 0.442002
2 0.443225
2 0.443361
2 0.443891
3 0.444107
4 0.444758
5 0.444907
4 0.445088
2 0.445196
2 0.445764
2 0.446483
2 0.446568
3 0.446897
3 0.447968
2 0.448374
5 0.448370
2 0.448469
2 0.448670
2 0.448789
2 0.449353
2 0.449711
2 0.449912
3 0.450048
1 0.450857
2 0.450997
2 0.451044
2 0.452019
2 0.452597
2 0.452621
3 0.452915
4 0.453161
2 0.453461
2 0.455084
2 0.455368
5 0.455525
5 0.455526
5 0.455670
2 0.456316
4 0.457164
1 0.459055
2 0.459206
2 0.459241
2 0.459637
4 0.459929
4 0.460422
3 0.461473
2 0.462541
1 0.462658
1 0.462736
1 0.463058
1 0.463109
1 0.463135
1 0.463302
2 0.464946
2 0.465807
4 0.466048
2 0.466988
3 0.467892
4 0.468136
2 0.468261
1 0.469543
4 0.469547
1 0.469676
1 0.469756
2 0.470153
2 0.471759
2 0.473077
4 0.473206
2 0.474373
2 0.475531
2 0.475642
2 0.476470
2 0.476580
2 0.478043
2 0.479335
2 0.480548
2 0.481690
2 0.482086
2 0.482095
2 0.482541
2 0.482812
2 0.482812
2 0.483720
2 0.485032
2 0.488504
2 0.488701
2 0.490188
2 0.490264
2 0.490380
5 0.490684
5 0.490822
5 0.490822
5 0.490822
5 0.490822
5 0.490822
5 0.490822
5 0.490822
2 0.490858
2 0.491858
2 0.492549
2 0.492672
2 0.494041
2 0.494385
2 0.495357
2 0.499336
2 0.499489
2 0.500812
2 0.501096
2 0.501302
2 0.501545
2 0.502861
2 0.503384
2 0.504078
2 0.504815
2 0.504869
2 0.507450
2 0.509542
2 0.510476
2 0.512756
2 0.514376
3 0.516152
2 0.520030
2 0.520247
2 0.520283
2 0.521372
2 0.521407
3 0.522077
1 0.527958
1 0.528017
1 0.528046
2 0.532221
2 0.532369
2 0.534720
2 0.534757
2 0.536419
3 0.537111
1 0.537407
1 0.537732
1 0.538252
2 0.540222
2 0.543017
2 0.543432
1 0.544597
1 0.545133
2 0.545536
2 0.547514
2 0.547652
2 0.547973
2 0.548082
4 0.548979
4 0.549929
1 0.549971
1 0.550307
1 0.550853
6 0.551052
2 0.551124
2 0.552026
2 0.552194
2 0.552778
2 0.553827
4 0.554269
2 0.555756
2 0.556058
2 0.556651
6 0.557827
2 0.558043
1 0.560680
2 0.560771
1 0.561027
1 0.561594
2 0.561819
2 0.564154
2 0.564191
2 0.564533
2 0.564724
2 0.564859
2 0.564992
2 0.566156
2 0.566635
4 0.567782
1 0.569821
1 0.570182
1 0.570768
2 0.573212
2 0.579911
2 0.582088
5 0.586198
1 0.588128
1 0.588513
1 0.589136
2 0.589257
2 0.589755
2 0.590995
5 0.591314
2 0.591442
2 0.592891
2 0.593462
2 0.594237
2 0.595316
1 0.596071
1 0.596073
1 0.596285
2 0.599784
1 0.604360
1 0.604771
1 0.605434
2 0.608252
2 0.609381
2 0.609881
2 0.610396
4 0.611968
2 0.612508
2 0.614064
4 0.614235
2 0.616354
1 0.617448
1 0.617532
1 0.617669
1 0.617753
4 0.625485
2 0.627604
2 0.628808
2 0.628869
2 0.629262
2 0.629695
2 0.630723
3 0.631381
2 0.631442
2 0.637110
2 0.638666
2 0.638826
1 0.639693
2 0.639704
1 0.639789
1 0.639841
2 0.639912
2 0.639977
1 0.640535
1 0.640990
2 0.641548
1 0.641726
3 0.642066
4 0.643692
2 0.645718
2 0.652324
1 0.653741
1 0.653818
1 0.653845
1 0.653973
1 0.654040
4 0.655376
4 0.655394
2 0.663691
2 0.664286
2 0.668369
2 0.671762
2 0.671829
2 0.671829
5 0.671858
5 0.672378
5 0.673061
2 0.673267
2 0.673268
2 0.673467
1 0.674542
1 0.675044
1 0.675065
1 0.675862
1 0.675883
1 0.675902
2 0.677860
4 0.680575
2 0.685009
2 0.685654
2 0.688162
2 0.688646
2 0.695985
2 0.696394
2 0.698332
1 0.699475
1 0.699594
1 0.699653
4 0.700520
4 0.709153
2 0.712624
2 0.714177
1 0.716341
1 0.716341
1 0.716341
2 0.716647
2 0.723901
1 0.724447
1 0.724509
1 0.724576
1 0.724677
2 0.725911
2 0.727521
2 0.731916
2 0.733969
1 0.741152
1 0.741152
1 0.741639
1 0.741639
1 0.741639
1 0.742572
1 0.742572
1 0.742572
1 0.742615
1 0.742615
1 0.742615
1 0.744537
1 0.744537
1 0.744537
2 0.744666
1 0.744900
2 0.751114
2 0.758100
12 0.761310
2 0.763184
1 0.768170
1 0.768823
1 0.769883
1 0.772717
1 0.789266
1 0.789266
1 0.789320
1 0.789320
1 0.789320
1 0.790366
1 0.790366
1 0.790366
1 0.790424
1 0.790424
1 0.790424
1 0.792605
1 0.792605
1 0.792605
1 0.793014
2 0.793085
2 0.795646
2 0.796957
2 0.800926
2 0.801431
1 0.813525
1 0.813766
1 0.813837
1 0.815005
1 0.815066
2 0.815168
1 0.815303
1 0.815578
1 0.815738
1 0.815820
1 0.816552
2 0.817189
2 0.826052
2 0.831688
2 0.842462
1 0.845188
1 0.845363
1 0.845447
2 0.851787
1 0.861949
1 0.862895
1 0.863554
1 0.865092
1 0.865756
1 0.867085
1 0.867261
1 0.867303
1 0.867371
1 0.868137
1 0.868202
1 0.868284
1 0.869559
1 0.869638
1 0.869710
1 0.882795
1 0.882892
1 0.882892
3 0.883180
1 0.883487
1 0.883584
1 0.883584
1 0.883584
1 0.884868
1 0.884966
1 0.884966
1 0.884966
1 0.887694
1 0.887694
1 0.887694
1 0.888206
1 0.888315
1 0.888315
1 0.888494
1 0.888494
1 0.888494
1 0.903838
1 0.903881
1 0.903918
1 0.904117
1 0.904176
1 0.904211
3 0.907110
3 0.907110
1 0.921539
1 0.923062
1 0.924007
2 0.937492
9 0.939200
1 0.941604
2 0.942132
1 0.942451
1 0.943971
1 0.944022
2 0.944095
2 0.944447
1 0.944761
1 0.945802
1 0.948047
1 0.948244
1 0.950177
1 0.950382
2 0.950811
2 0.952375
2 0.953019
2 0.953019
3 0.953320
3 0.953371
2 0.953470
2 0.953925
2 0.956660
1 0.963577
1 0.965222
1 0.967494
1 0.967518
1 0.968009
1 0.968153
1 0.968322
1 0.968346
1 0.968877
1 0.970007
1 0.991242
1 0.991454
1 0.991487
8 0.991600
1 0.992634
1 0.993508
1 0.995256
1 0.996159
1 0.996572
1 0.997448
1 1.002123
2 1.028955
2 1.028955
2 1.032332
2 1.032332
2 1.033924
2 1.033924
2 1.037333
1 1.045831
1 1.045962
1 1.046227
1 1.063599
1 1.082414
1 1.082414
1 1.095824
1 1.113653
1 1.114813
1 1.119036
1 1.120425
1 1.121775
1 1.130895
1 1.130895
1 1.131225
1 1.131414
1 1.134629
1 1.134629
1 1.134827
1 1.134829
1 1.139321
1 1.139324
1 1.139324
1 1.140161
1 1.140340
1 1.140345
1 1.140636
1 1.140640
1 1.140643
1 1.144492
1 1.152650
1 1.154072
1 1.160494
1 1.161055
1 1.165850
1 1.167358
1 1.169802
1 1.245450
1 1.251929
9 1.252300
9 1.252300
1 1.301630
1 1.334514
1 1.335159
1 1.378032
1 1.380139
1 1.383559
11 1.392740
1 1.401634
1 1.402345
1 1.540427
1 1.542646
1 1.542647
1 1.547404
1 1.547984
1 1.548271
1 1.654718
1 1.893445
1 1.895488
1 1.896364
1 1.896788
11 1.920100
1 2.253220
1 2.271393
1 2.280125
1 2.283562
1 2.288184
1 2.289351
1 2.289474
1 2.293750
1 2.295895
1 2.299115
1 2.299323
1 2.434866
1 2.436080
1 2.442249
1 2.452277
1 2.479777
1 2.516361
1 2.619222
1 2.650631
1 2.651152
1 2.652035
1 3.107354
1 3.113192
1 3.116750
1 3.424362
1 3.426774
1 3.428009
9 3.755000
10 5.467000
10 8.676000
4 10.510500
16 11.815000
3 12.003600
5 13.128500
1 17.432541
3 18.712900
3 18.712999
1 25.247002
1 25.249001
5 27.063000
3 33.480000
1 56.311001
2 214.080002
2 214.080002
2 314.559998
2 314.559998
End Spectral Lines:
