Symbol: Ti
Atomic Number: 22
Atomic Mass: 47.880000
Start Spectral Index: 22
1 789
2 373
3 819
4 86
5 252
6 71
7 92
8 85
9 85
10 162
11 129
12 460
13 102
14 91
15 76
16 86
17 118
18 62
19 74
20 139
21 117
22 21
End Spectral Index:
Order of Magnitude: 0.000001
Start Spectral Lines:
22 0.000195
22 0.000200
21 0.000201
21 0.000201
21 0.000203
21 0.000203
21 0.000202
21 0.000202
21 0.000206
21 0.000206
22 0.000210
20 0.000211
22 0.000211
21 0.000211
21 0.000211
21 0.000211
20 0.000215
21 0.000222
21 0.000222
21 0.000223
20 0.000224
20 0.000224
20 0.000224
20 0.000226
21 0.000249
22 0.000249
21 0.000249
22 0.000250
21 0.000250
21 0.000250
21 0.000251
21 0.000251
21 0.000251
21 0.000251
21 0.000251
21 0.000251
21 0.000251
21 0.000251
21 0.000251
21 0.000251
21 0.000251
21 0.000251
21 0.000252
21 0.000252
21 0.000252
21 0.000253
21 0.000253
21 0.000254
21 0.000261
20 0.000262
21 0.000262
20 0.000262
20 0.000262
20 0.000262
21 0.000262
20 0.000263
20 0.000263
20 0.000263
20 0.000263
20 0.000263
20 0.000263
20 0.000263
20 0.000264
20 0.000264
21 0.000264
20 0.000264
20 0.000265
20 0.000265
20 0.000265
20 0.000265
20 0.000265
20 0.000265
20 0.000268
20 0.000268
22 0.000888
22 0.000895
20 0.000913
20 0.000913
20 0.000925
20 0.000925
20 0.000922
20 0.000922
21 0.000949
21 0.000950
20 0.000953
20 0.000959
20 0.000959
21 0.000968
21 0.000969
20 0.000973
20 0.000973
20 0.000973
21 0.000975
20 0.000979
20 0.000979
21 0.000986
22 0.000994
22 0.001002
20 0.001005
20 0.001011
20 0.001011
20 0.001028
20 0.001028
21 0.001060
21 0.001061
20 0.001062
20 0.001066
20 0.001069
20 0.001069
20 0.001073
21 0.001080
21 0.001082
21 0.001082
21 0.001082
21 0.001087
21 0.001088
21 0.001088
21 0.001093
21 0.001103
21 0.001106
20 0.001145
20 0.001145
20 0.001187
20 0.001196
19 0.001196
20 0.001196
20 0.001196
19 0.001201
20 0.001205
19 0.001238
19 0.001241
19 0.001248
19 0.001259
19 0.001265
19 0.001266
19 0.001273
22 0.001339
22 0.001352
21 0.001416
21 0.001420
21 0.001450
21 0.001452
21 0.001452
21 0.001452
21 0.001462
21 0.001464
21 0.001474
21 0.001486
21 0.001490
21 0.001502
20 0.001521
20 0.001525
19 0.001567
19 0.001574
19 0.001574
19 0.001574
19 0.001574
19 0.001585
19 0.001587
20 0.001591
20 0.001605
20 0.001607
19 0.001618
20 0.001628
19 0.001641
19 0.001644
20 0.001645
19 0.001646
19 0.001648
19 0.001651
19 0.001655
18 0.001656
19 0.001656
19 0.001658
18 0.001662
19 0.001664
19 0.001664
19 0.001671
19 0.001672
19 0.001672
19 0.001672
19 0.001674
19 0.001679
19 0.001679
19 0.001680
19 0.001681
19 0.001686
19 0.001688
18 0.001690
19 0.001693
18 0.001692
19 0.001696
19 0.001703
19 0.001708
19 0.001708
18 0.001715
19 0.001718
19 0.001720
18 0.001722
18 0.001728
18 0.001730
19 0.001736
18 0.001736
18 0.001739
18 0.001759
18 0.001763
18 0.001771
13 0.001773
13 0.001787
18 0.001791
17 0.001812
17 0.001812
17 0.001812
17 0.001815
17 0.001819
17 0.001821
17 0.001828
17 0.001838
17 0.001839
17 0.001861
17 0.001868
17 0.001878
17 0.001892
16 0.001909
16 0.001911
16 0.001911
13 0.001920
16 0.001921
13 0.001937
17 0.001938
16 0.001937
17 0.001942
16 0.001943
17 0.001948
17 0.001950
16 0.001955
16 0.001963
17 0.001968
16 0.001971
17 0.001971
13 0.001994
15 0.001997
15 0.002008
15 0.002007
16 0.002010
15 0.002012
13 0.002013
17 0.002019
15 0.002021
15 0.002021
15 0.002023
15 0.002025
15 0.002030
15 0.002031
15 0.002031
15 0.002018
15 0.002037
15 0.002039
15 0.002041
15 0.002041
15 0.002052
15 0.002055
15 0.002059
15 0.002061
15 0.002085
15 0.002070
15 0.002070
15 0.002081
15 0.002088
15 0.002090
15 0.002093
15 0.002098
13 0.002102
15 0.002105
15 0.002105
13 0.002113
14 0.002130
14 0.002134
14 0.002151
14 0.002166
14 0.002173
14 0.002173
14 0.002181
14 0.002181
14 0.002188
14 0.002196
14 0.002205
14 0.002207
14 0.002210
15 0.002210
14 0.002216
14 0.002219
14 0.002221
14 0.002225
14 0.002228
14 0.002228
15 0.002230
14 0.002233
14 0.002233
15 0.002238
14 0.002243
15 0.002246
15 0.002248
14 0.002248
14 0.002252
15 0.002252
15 0.002257
15 0.002265
15 0.002272
15 0.002272
15 0.002274
15 0.002293
15 0.002297
20 0.002299
20 0.002299
15 0.002303
15 0.002318
15 0.002319
13 0.002336
20 0.002350
20 0.002360
20 0.002360
14 0.002369
13 0.002370
20 0.002378
20 0.002378
20 0.002382
14 0.002396
13 0.002399
20 0.002419
20 0.002419
14 0.002431
14 0.002459
14 0.002459
20 0.002472
14 0.002473
20 0.002483
20 0.002483
14 0.002489
14 0.002491
14 0.002503
14 0.002502
20 0.002506
20 0.002506
14 0.002507
14 0.002509
20 0.002510
14 0.002520
14 0.002526
22 0.002624
20 0.002626
20 0.002626
22 0.002640
22 0.002646
13 0.002664
20 0.002687
13 0.002696
20 0.002700
20 0.002700
13 0.002704
20 0.002729
20 0.002729
20 0.002734
21 0.002821
21 0.002824
21 0.002860
21 0.002879
21 0.002893
21 0.002913
20 0.003061
20 0.003061
20 0.003141
20 0.003159
20 0.003159
20 0.003174
20 0.003193
20 0.003206
20 0.003206
20 0.003212
22 0.003827
22 0.003859
22 0.003869
21 0.004087
21 0.004098
21 0.004155
21 0.004156
21 0.004161
21 0.004161
21 0.004185
21 0.004190
21 0.004235
21 0.004245
21 0.004251
21 0.004263
21 0.004266
21 0.004275
21 0.004275
21 0.004276
21 0.004278
21 0.004288
20 0.004407
20 0.004407
12 0.004518
12 0.004518
20 0.004565
12 0.004578
12 0.004578
20 0.004600
20 0.004603
12 0.004662
12 0.004662
20 0.004684
20 0.004680
20 0.004692
20 0.004712
20 0.004712
20 0.004727
20 0.004733
12 0.004791
12 0.004791
20 0.004808
20 0.004808
20 0.004808
20 0.004836
20 0.004836
20 0.004838
12 0.004991
12 0.004991
12 0.005045
12 0.005067
12 0.005144
12 0.005167
12 0.005264
12 0.005290
12 0.005314
12 0.005314
12 0.005343
12 0.005346
20 0.005350
20 0.005350
20 0.005350
20 0.005397
20 0.005397
20 0.005400
11 0.005432
12 0.005518
12 0.005544
12 0.005544
12 0.005618
12 0.005622
11 0.005789
12 0.005892
12 0.005892
12 0.005904
12 0.005913
12 0.005944
12 0.005944
12 0.006070
12 0.006076
12 0.006097
12 0.006129
12 0.006243
12 0.006247
12 0.006247
12 0.006307
12 0.006307
12 0.006311
20 0.006440
20 0.006470
20 0.006470
11 0.006540
20 0.006550
20 0.006550
20 0.006550
12 0.006554
12 0.006558
12 0.006558
12 0.006629
12 0.006660
12 0.006660
12 0.006664
12 0.006667
12 0.006668
12 0.006717
12 0.006755
12 0.006756
12 0.006949
12 0.006991
12 0.006999
13 0.007002
10 0.007027
10 0.007063
12 0.007099
12 0.007103
12 0.007103
11 0.007120
11 0.007133
11 0.007132
12 0.007154
11 0.007161
11 0.007160
12 0.007199
12 0.007302
12 0.007306
12 0.007306
13 0.007411
13 0.007441
13 0.007459
13 0.007472
11 0.007541
12 0.007565
12 0.007568
11 0.007640
11 0.007673
10 0.007865
13 0.007900
11 0.007903
11 0.007903
11 0.007907
10 0.007911
13 0.007923
13 0.008050
13 0.008061
13 0.008093
11 0.008112
13 0.008115
13 0.008126
13 0.008132
13 0.008161
12 0.008211
12 0.008231
12 0.008235
12 0.008237
12 0.008237
12 0.008367
12 0.008372
11 0.008373
11 0.008432
11 0.008443
11 0.008453
10 0.008472
11 0.008472
11 0.008483
11 0.008488
11 0.008511
10 0.008526
11 0.008529
11 0.008529
11 0.008529
12 0.008681
12 0.008730
12 0.008737
12 0.008743
12 0.008746
12 0.008747
11 0.008773
21 0.008898
12 0.008982
21 0.008990
12 0.009051
12 0.009057
11 0.009091
11 0.009093
11 0.009096
10 0.009180
21 0.009183
10 0.009185
21 0.009243
21 0.009268
11 0.009340
11 0.009359
11 0.009362
11 0.009391
11 0.009405
11 0.009408
13 0.009479
11 0.009593
11 0.009625
11 0.009629
13 0.009643
11 0.009673
13 0.009736
13 0.009776
16 0.009799
13 0.009849
13 0.009875
13 0.009907
12 0.009908
20 0.009920
20 0.009925
20 0.009925
13 0.009957
13 0.009957
13 0.009983
12 0.009993
13 0.010013
13 0.010020
12 0.010027
11 0.010060
13 0.010075
11 0.010084
10 0.010135
20 0.010170
20 0.010170
20 0.010180
17 0.010208
10 0.010211
15 0.010225
16 0.010239
13 0.010298
5 0.010306
12 0.010359
12 0.010359
5 0.010373
5 0.010375
10 0.010451
10 0.010457
13 0.010460
5 0.010471
5 0.010473
16 0.010480
12 0.010484
12 0.010484
16 0.010543
5 0.010615
5 0.010631
16 0.010639
15 0.010653
17 0.010664
15 0.010687
12 0.010809
5 0.010844
5 0.010861
16 0.010903
12 0.010911
17 0.010942
15 0.010948
11 0.011001
9 0.011028
16 0.011058
16 0.011062
18 0.011126
9 0.011135
11 0.011167
18 0.011179
12 0.011246
5 0.011249
12 0.011273
12 0.011273
12 0.011288
12 0.011288
5 0.011290
12 0.011306
12 0.011348
12 0.011348
11 0.011394
17 0.011417
11 0.011427
12 0.011455
12 0.011495
12 0.011495
12 0.011498
12 0.011498
11 0.011501
15 0.011503
11 0.011602
16 0.011620
11 0.011638
12 0.011649
12 0.011660
12 0.011662
11 0.011691
13 0.011712
11 0.011719
13 0.011732
16 0.011821
17 0.011928
10 0.011982
10 0.011989
19 0.012013
13 0.012017
13 0.012018
5 0.012082
5 0.012112
16 0.012138
16 0.012152
12 0.012196
14 0.012199
12 0.012202
12 0.012209
12 0.012216
17 0.012263
11 0.012290
12 0.012295
16 0.012299
10 0.012304
11 0.012307
10 0.012333
12 0.012345
12 0.012346
17 0.012366
10 0.012366
10 0.012371
11 0.012395
12 0.012403
11 0.012414
10 0.012415
19 0.012424
10 0.012439
12 0.012454
12 0.012455
17 0.012458
17 0.012478
16 0.012480
6 0.012546
10 0.012545
6 0.012569
11 0.012594
11 0.012598
17 0.012601
11 0.012604
6 0.012633
10 0.012665
17 0.012668
12 0.012672
12 0.012726
12 0.012726
11 0.012727
17 0.012778
12 0.012785
12 0.012788
12 0.012788
7 0.012825
16 0.012839
6 0.012845
12 0.012863
12 0.012870
13 0.012876
11 0.012906
16 0.012907
12 0.012910
6 0.012915
6 0.012925
14 0.012944
7 0.012960
12 0.012965
7 0.012972
12 0.013055
12 0.013055
12 0.013055
12 0.013056
12 0.013063
15 0.013115
16 0.013203
7 0.013209
7 0.013215
7 0.013232
7 0.013235
7 0.013252
7 0.013273
7 0.013298
7 0.013363
18 0.013386
18 0.013411
12 0.013454
12 0.013456
15 0.013461
11 0.013470
16 0.013471
11 0.013518
17 0.013520
12 0.013540
12 0.013540
12 0.013543
12 0.013552
12 0.013567
7 0.013580
17 0.013617
7 0.013627
18 0.013628
17 0.013639
9 0.013659
6 0.013671
7 0.013682
9 0.013715
18 0.013737
9 0.013738
7 0.013766
9 0.013774
6 0.013781
9 0.013799
16 0.013802
15 0.013836
7 0.013855
9 0.013854
16 0.013876
16 0.013880
7 0.013881
17 0.013919
12 0.013971
12 0.013989
6 0.013991
12 0.014036
15 0.014039
6 0.014044
9 0.014044
6 0.014106
6 0.014111
12 0.014159
12 0.014167
12 0.014168
17 0.014195
6 0.014199
15 0.014213
16 0.014260
17 0.014259
10 0.014259
10 0.014268
15 0.014275
17 0.014298
12 0.014301
12 0.014302
12 0.014310
12 0.014311
6 0.014318
16 0.014346
12 0.014363
17 0.014419
12 0.014430
12 0.014431
17 0.014441
5 0.014455
17 0.014466
18 0.014475
5 0.014535
16 0.014567
5 0.014579
12 0.014596
17 0.014607
16 0.014656
12 0.014661
12 0.014661
12 0.014666
12 0.014667
12 0.014671
17 0.014686
5 0.014690
9 0.014718
15 0.014742
18 0.014760
6 0.014810
6 0.014830
18 0.014844
15 0.014859
18 0.014882
6 0.014901
6 0.014939
6 0.014956
9 0.014956
8 0.014965
10 0.014971
12 0.014980
12 0.014984
12 0.014987
12 0.014990
8 0.014998
8 0.015004
18 0.015018
6 0.015021
6 0.015032
8 0.015087
12 0.015143
12 0.015144
12 0.015147
8 0.015148
8 0.015186
6 0.015190
8 0.015192
8 0.015216
17 0.015218
12 0.015218
6 0.015234
12 0.015295
6 0.015296
12 0.015315
18 0.015317
6 0.015325
18 0.015335
6 0.015338
6 0.015355
17 0.015355
17 0.015413
6 0.015416
16 0.015434
6 0.015477
12 0.015551
8 0.015567
8 0.015644
17 0.015654
8 0.015711
8 0.015747
17 0.015752
8 0.015753
12 0.015767
16 0.015781
17 0.015813
12 0.015832
17 0.015847
12 0.015849
12 0.015854
18 0.015900
17 0.015962
17 0.015995
8 0.016091
16 0.016117
8 0.016129
8 0.016202
8 0.016240
16 0.016250
5 0.016298
17 0.016302
19 0.016314
16 0.016362
7 0.016417
5 0.016445
7 0.016448
7 0.016540
15 0.016569
7 0.016571
7 0.016584
7 0.016609
18 0.016638
16 0.016724
16 0.016730
17 0.016774
8 0.016816
8 0.016819
16 0.016840
7 0.016865
7 0.016930
17 0.016936
19 0.016958
16 0.016974
12 0.016977
12 0.016982
12 0.016983
7 0.017036
7 0.017056
7 0.017094
17 0.017106
8 0.017139
8 0.017172
7 0.017189
7 0.017195
7 0.017235
17 0.017238
12 0.017298
12 0.017299
12 0.017311
12 0.017312
19 0.017533
7 0.017581
16 0.017628
7 0.017724
12 0.017739
12 0.017745
16 0.017822
7 0.017857
7 0.017867
7 0.017911
18 0.017990
18 0.018026
12 0.018130
12 0.018132
17 0.018167
12 0.018170
12 0.018171
12 0.018175
12 0.018177
12 0.018180
12 0.018194
12 0.018207
17 0.018209
6 0.018215
17 0.018311
6 0.018411
17 0.018510
12 0.018545
12 0.018546
12 0.018550
17 0.018688
10 0.018698
10 0.018718
18 0.018778
17 0.018831
19 0.018948
15 0.018963
18 0.018983
17 0.019070
17 0.019115
18 0.019111
7 0.019210
7 0.019227
7 0.019247
6 0.019271
6 0.019275
16 0.019319
16 0.019336
18 0.019341
7 0.019350
7 0.019353
19 0.019352
7 0.019359
7 0.019367
19 0.019439
12 0.019460
6 0.019490
12 0.019524
12 0.019563
12 0.019569
12 0.019594
6 0.019746
18 0.019792
12 0.019888
6 0.019898
12 0.019902
12 0.019923
6 0.019976
19 0.019990
18 0.020015
12 0.020031
12 0.020034
6 0.020131
6 0.020188
12 0.020296
12 0.020296
6 0.020320
6 0.020343
19 0.020610
12 0.020716
17 0.020773
13 0.020777
12 0.020780
12 0.020780
18 0.020803
12 0.020822
12 0.020859
13 0.021039
18 0.021076
17 0.021055
16 0.021137
19 0.021221
17 0.021361
13 0.021472
18 0.021659
16 0.021814
12 0.021842
19 0.021850
12 0.021922
12 0.021923
12 0.022069
12 0.022151
12 0.022151
17 0.022416
5 0.022535
12 0.022643
6 0.022656
12 0.022729
12 0.022729
17 0.022756
17 0.022793
17 0.022819
5 0.022891
17 0.022894
16 0.022938
12 0.023092
17 0.023093
13 0.023159
10 0.023254
12 0.023270
12 0.023361
17 0.023461
6 0.023507
6 0.023531
6 0.023541
6 0.023584
12 0.024124
12 0.024128
9 0.024283
12 0.024601
12 0.024613
12 0.024614
18 0.024620
6 0.024745
7 0.024803
12 0.024890
12 0.024890
12 0.024903
12 0.024903
16 0.024924
10 0.024964
6 0.025048
7 0.025092
6 0.025107
12 0.025167
12 0.025167
7 0.025216
7 0.025229
7 0.025257
5 0.025296
12 0.025298
12 0.025310
12 0.025313
9 0.025349
7 0.025381
7 0.025402
7 0.025469
7 0.025508
12 0.025525
6 0.025537
12 0.025622
12 0.025622
12 0.025636
12 0.025743
6 0.025785
12 0.025823
12 0.025823
12 0.025855
12 0.025856
8 0.025861
8 0.025861
12 0.025861
12 0.025862
6 0.025923
20 0.025929
10 0.026012
10 0.026051
21 0.026056
7 0.026070
8 0.026083
9 0.026091
10 0.026150
8 0.026155
8 0.026171
12 0.026175
12 0.026175
12 0.026181
12 0.026182
7 0.026185
10 0.026189
8 0.026271
12 0.026296
12 0.026298
6 0.026325
8 0.026356
7 0.026394
7 0.026482
7 0.026500
7 0.026506
7 0.026595
12 0.026604
12 0.026618
12 0.026635
12 0.026650
7 0.026650
12 0.026677
7 0.026714
6 0.026735
8 0.026740
12 0.026792
9 0.026794
12 0.026797
7 0.026804
7 0.026811
11 0.026811
8 0.026818
7 0.026850
8 0.026953
7 0.026976
12 0.026986
12 0.026986
12 0.026992
16 0.027035
17 0.027043
8 0.027053
7 0.027075
8 0.027159
8 0.027204
8 0.027237
8 0.027284
8 0.027317
17 0.027427
9 0.027441
9 0.027587
8 0.027670
9 0.027678
8 0.027781
9 0.027871
8 0.027881
12 0.027902
9 0.027907
12 0.027908
7 0.027951
12 0.027953
8 0.027994
9 0.028014
12 0.028042
12 0.028048
12 0.028054
12 0.028061
12 0.028085
12 0.028085
9 0.028145
7 0.028190
6 0.028221
9 0.028261
7 0.028290
17 0.028319
6 0.028359
13 0.028504
9 0.028506
9 0.028611
10 0.028665
10 0.028720
17 0.028798
6 0.028835
10 0.028865
8 0.028937
10 0.028958
9 0.028957
10 0.029021
10 0.029051
10 0.029092
8 0.029097
10 0.029104
12 0.029134
10 0.029192
18 0.029244
12 0.029277
11 0.029291
10 0.029334
10 0.029367
10 0.029380
10 0.029396
10 0.029433
8 0.029514
10 0.029557
10 0.029567
17 0.029592
10 0.029605
7 0.029608
8 0.029607
9 0.029628
10 0.029634
12 0.029673
12 0.029687
12 0.029691
11 0.029708
10 0.029714
8 0.029720
10 0.029794
10 0.029831
10 0.029865
10 0.029913
10 0.029924
10 0.029984
10 0.030102
10 0.030123
8 0.030130
18 0.030149
10 0.030159
6 0.030191
10 0.030202
10 0.030206
8 0.030227
12 0.030249
10 0.030252
12 0.030265
12 0.030268
10 0.030423
9 0.030450
10 0.030483
17 0.030499
19 0.030501
10 0.030543
7 0.030573
11 0.030614
12 0.030674
10 0.030676
12 0.030715
11 0.030800
11 0.030825
12 0.030833
11 0.030853
9 0.030857
12 0.030904
20 0.030910
12 0.030911
12 0.030924
12 0.030931
11 0.031087
11 0.031112
16 0.031304
11 0.031322
11 0.031369
11 0.031403
11 0.031481
11 0.031575
11 0.031623
11 0.031687
11 0.031741
8 0.031799
8 0.031946
10 0.032041
12 0.032097
12 0.032097
12 0.032166
12 0.032169
12 0.032174
12 0.032177
13 0.032201
11 0.032200
11 0.032240
11 0.032241
18 0.032260
11 0.032269
8 0.032269
10 0.032322
5 0.032336
11 0.032347
11 0.032357
8 0.032420
9 0.032471
10 0.032475
12 0.032487
10 0.032575
10 0.032627
13 0.032614
12 0.032638
12 0.032638
12 0.032661
11 0.032718
10 0.032763
11 0.032802
18 0.032817
11 0.032813
19 0.032829
11 0.032840
11 0.032877
11 0.032892
17 0.032895
12 0.032911
9 0.032916
12 0.032919
12 0.032920
6 0.033070
10 0.033080
19 0.033167
6 0.033177
7 0.033209
9 0.033339
10 0.033394
19 0.033414
10 0.033425
6 0.033446
13 0.033603
9 0.033690
6 0.033831
12 0.034067
12 0.034085
12 0.034090
10 0.034109
6 0.034111
9 0.034169
10 0.034169
12 0.034259
6 0.034260
12 0.034284
13 0.034384
13 0.034616
10 0.034618
6 0.034673
14 0.034752
13 0.034756
12 0.034827
12 0.034847
12 0.034885
12 0.034885
12 0.034894
6 0.034959
11 0.034981
12 0.034992
12 0.035032
10 0.035061
19 0.035076
19 0.035076
12 0.035102
12 0.035121
13 0.035158
12 0.035175
11 0.035179
10 0.035304
11 0.035349
6 0.035388
9 0.035394
13 0.035479
10 0.035512
10 0.035581
11 0.035838
13 0.035931
11 0.035950
11 0.035951
17 0.035980
10 0.036012
14 0.036017
18 0.036110
10 0.036198
13 0.036252
13 0.036281
5 0.036314
11 0.036369
10 0.036392
10 0.036562
13 0.036574
13 0.036657
13 0.036691
13 0.036765
10 0.036782
13 0.036794
9 0.036848
10 0.036856
10 0.036905
13 0.036916
13 0.036918
13 0.036953
13 0.036998
13 0.037052
13 0.037287
10 0.037326
14 0.037330
13 0.037370
10 0.037406
10 0.037401
13 0.037491
17 0.037559
14 0.037602
15 0.037628
12 0.037689
12 0.037754
12 0.037807
10 0.037813
13 0.037920
10 0.037979
12 0.037988
12 0.037995
13 0.038021
14 0.038068
14 0.038170
14 0.038231
14 0.038311
10 0.038393
14 0.038542
11 0.038614
13 0.038612
14 0.038700
10 0.038841
14 0.038851
14 0.038851
14 0.038885
10 0.038924
21 0.038929
14 0.038938
17 0.038953
10 0.039001
10 0.039201
13 0.039208
14 0.039223
14 0.039223
14 0.039238
10 0.039380
12 0.039410
10 0.039439
14 0.039489
12 0.039667
12 0.039673
10 0.039709
10 0.039739
14 0.039741
10 0.039819
10 0.039900
10 0.039903
10 0.039903
11 0.039922
12 0.039962
12 0.039962
13 0.039970
10 0.039983
10 0.039982
9 0.040002
10 0.040096
14 0.040109
10 0.040134
8 0.040174
14 0.040270
10 0.040328
14 0.040450
9 0.040528
8 0.040676
10 0.040720
17 0.040778
10 0.040796
11 0.040830
8 0.040853
10 0.040886
10 0.040919
10 0.041021
17 0.041063
10 0.041088
19 0.041200
19 0.041245
11 0.041508
13 0.041522
10 0.041594
10 0.041669
11 0.041772
11 0.041789
11 0.041949
10 0.042073
10 0.042081
10 0.042103
10 0.042135
4 0.042349
8 0.042365
4 0.042416
4 0.042417
10 0.042491
14 0.042508
15 0.042524
11 0.042579
8 0.042626
14 0.042705
11 0.042892
12 0.042931
11 0.042962
12 0.043081
12 0.043085
4 0.043304
5 0.043319
14 0.043325
11 0.043352
9 0.043357
4 0.043364
4 0.043376
11 0.043383
11 0.043403
11 0.043490
11 0.043504
5 0.043684
13 0.043720
16 0.043846
9 0.043930
9 0.043951
11 0.043952
9 0.043974
11 0.043978
7 0.044038
8 0.044069
12 0.044301
11 0.044351
9 0.044351
14 0.044455
5 0.044465
11 0.044630
12 0.044633
5 0.044650
11 0.044671
9 0.044748
9 0.044770
12 0.044799
5 0.044882
5 0.044906
5 0.044954
8 0.044963
14 0.045000
5 0.045040
14 0.045087
5 0.045143
14 0.045161
14 0.045241
5 0.045301
10 0.045364
13 0.045535
5 0.045542
16 0.045610
5 0.045732
13 0.045784
5 0.045886
13 0.045917
14 0.046039
11 0.046039
12 0.046075
12 0.046138
5 0.046141
5 0.046256
5 0.046298
15 0.046300
12 0.046316
12 0.046316
5 0.046415
5 0.046456
14 0.046473
19 0.046469
18 0.046510
5 0.046622
5 0.046675
14 0.046790
5 0.046826
12 0.046856
12 0.046873
12 0.046879
5 0.046981
17 0.047054
10 0.047158
14 0.047182
13 0.047204
13 0.047319
5 0.047412
13 0.047447
14 0.047455
13 0.047462
5 0.047469
8 0.047793
5 0.047845
13 0.047885
8 0.047897
5 0.047949
12 0.047988
8 0.048038
13 0.048064
8 0.048143
5 0.048182
16 0.048211
10 0.048230
5 0.048244
5 0.048399
5 0.048517
13 0.048562
5 0.048711
10 0.048765
5 0.048784
5 0.048858
10 0.048898
10 0.048920
5 0.049136
16 0.049191
5 0.049198
10 0.049195
13 0.049276
12 0.049280
5 0.049379
5 0.049378
12 0.049400
12 0.049410
10 0.049429
12 0.049451
21 0.049454
12 0.049461
10 0.049566
13 0.049622
14 0.049631
10 0.049665
14 0.049691
12 0.049699
10 0.049800
10 0.049802
5 0.049805
5 0.049826
14 0.049858
9 0.049948
7 0.049985
8 0.050012
14 0.050111
12 0.050155
12 0.050155
5 0.050163
12 0.050166
12 0.050166
5 0.050207
14 0.050222
5 0.050271
5 0.050303
10 0.050430
14 0.050421
5 0.050467
8 0.050480
10 0.050543
16 0.050582
7 0.050590
10 0.050593
13 0.050609
5 0.050647
10 0.050682
9 0.050717
9 0.050738
13 0.050782
5 0.050768
16 0.050829
6 0.050857
7 0.050913
7 0.050951
14 0.051010
7 0.051144
14 0.051161
12 0.051264
12 0.051264
5 0.051337
8 0.051421
7 0.051501
12 0.051589
12 0.051602
12 0.051610
9 0.051611
12 0.051624
12 0.051713
9 0.051810
12 0.051819
12 0.051824
12 0.051832
9 0.051833
12 0.051838
16 0.051918
5 0.051958
7 0.052156
11 0.052267
5 0.052306
6 0.052411
21 0.052422
5 0.052458
14 0.052505
5 0.052608
5 0.052627
5 0.052658
14 0.052891
5 0.052931
5 0.052964
14 0.053002
5 0.053016
12 0.053108
12 0.053232
5 0.053294
14 0.053328
5 0.053346
11 0.053354
5 0.053430
11 0.053489
8 0.053538
5 0.053584
5 0.053589
5 0.053641
19 0.053729
14 0.053732
8 0.053824
5 0.053852
14 0.054011
5 0.054014
5 0.054118
5 0.054146
5 0.054171
5 0.054310
5 0.054334
11 0.054350
5 0.054386
11 0.054439
11 0.054564
5 0.054605
12 0.054735
12 0.054747
12 0.054759
5 0.054764
5 0.054853
5 0.054908
10 0.055048
5 0.055141
13 0.055160
5 0.055208
10 0.055215
5 0.055218
5 0.055312
5 0.055387
5 0.055517
5 0.055656
5 0.055712
16 0.055735
5 0.055932
5 0.056008
10 0.056318
10 0.056522
5 0.056563
12 0.056570
12 0.056570
12 0.056590
5 0.056645
17 0.056657
15 0.056741
11 0.056899
21 0.056980
5 0.057108
12 0.057381
12 0.057493
12 0.057675
5 0.057891
5 0.057952
9 0.057995
12 0.058120
12 0.058150
9 0.060579
17 0.060883
16 0.061136
10 0.061265
11 0.061842
10 0.062350
10 0.062585
16 0.062720
3 0.062957
3 0.062996
3 0.063009
3 0.063020
3 0.063069
3 0.063069
3 0.063077
3 0.063089
3 0.063098
3 0.063114
17 0.063139
3 0.063142
3 0.063183
9 0.063238
3 0.063251
12 0.063680
12 0.064000
12 0.064020
10 0.064195
12 0.064660
12 0.064700
12 0.065010
10 0.065420
12 0.065990
12 0.066090
3 0.066354
3 0.066379
4 0.066430
4 0.066569
11 0.066704
3 0.066992
12 0.067006
12 0.067012
18 0.067160
3 0.067179
3 0.067204
3 0.067222
3 0.067572
3 0.067598
3 0.067599
3 0.067601
3 0.067767
3 0.067768
3 0.067788
12 0.068520
3 0.068654
3 0.069499
12 0.070039
12 0.070116
9 0.070334
18 0.072050
18 0.072050
9 0.072471
4 0.072503
4 0.072935
3 0.073933
13 0.074512
12 0.075280
10 0.075567
12 0.075750
12 0.075750
4 0.076384
4 0.076842
4 0.076865
11 0.076888
18 0.076920
10 0.077410
4 0.077676
4 0.077907
10 0.078010
12 0.078038
12 0.078038
12 0.078038
4 0.078173
5 0.079294
5 0.079971
5 0.080734
16 0.081493
12 0.082520
12 0.082540
12 0.082560
12 0.082590
5 0.083420
5 0.083666
5 0.083831
5 0.083992
5 0.084170
12 0.084955
12 0.084955
12 0.085400
12 0.085420
12 0.085430
12 0.085460
5 0.085714
12 0.085777
5 0.085807
12 0.085821
16 0.086185
5 0.086279
3 0.086580
5 0.086580
5 0.086668
5 0.087108
5 0.087362
5 0.087549
5 0.087669
5 0.087926
5 0.088138
5 0.088498
19 0.088740
5 0.089919
17 0.090067
5 0.090169
5 0.090874
12 0.091010
12 0.091010
17 0.091794
15 0.091971
15 0.091986
17 0.092657
5 0.092852
5 0.093167
12 0.093425
15 0.093635
17 0.093730
17 0.093730
12 0.095997
5 0.096139
12 0.096138
12 0.096138
12 0.096138
12 0.096418
16 0.096880
16 0.096880
5 0.097221
5 0.097336
5 0.098159
5 0.098453
17 0.098511
17 0.099195
12 0.099890
12 0.099910
12 0.099910
17 0.099992
3 0.100238
17 0.100440
3 0.100467
3 0.100580
3 0.100716
3 0.100812
17 0.101690
5 0.103911
17 0.106210
12 0.107680
12 0.107680
3 0.107724
12 0.107740
3 0.108121
3 0.108290
5 0.109458
5 0.109459
12 0.109700
5 0.109759
12 0.109950
3 0.110423
3 0.110665
5 0.111396
12 0.111730
12 0.111780
5 0.112329
5 0.112854
16 0.112960
16 0.112960
5 0.113223
3 0.113604
5 0.113604
5 0.113927
5 0.114525
5 0.114758
5 0.115251
5 0.115327
5 0.115328
5 0.116352
5 0.116464
5 0.116698
5 0.116805
5 0.116893
9 0.116990
9 0.117140
5 0.117234
19 0.117410
17 0.117740
17 0.117740
5 0.117772
5 0.117954
5 0.118118
5 0.118119
22 0.118200
4 0.118363
12 0.118870
5 0.118879
5 0.119120
12 0.119190
12 0.119190
12 0.119190
5 0.119235
4 0.119521
5 0.119760
5 0.119866
5 0.120301
5 0.121030
5 0.121400
5 0.121537
5 0.121778
5 0.122237
16 0.122405
16 0.122440
5 0.122446
5 0.122659
5 0.123036
5 0.123338
3 0.123548
3 0.123702
12 0.123740
5 0.124001
5 0.123995
16 0.124100
5 0.124166
5 0.124168
5 0.124441
5 0.124614
5 0.125308
5 0.125744
5 0.126465
4 0.126514
4 0.126627
5 0.126849
12 0.127780
12 0.127780
12 0.127890
12 0.127890
5 0.128110
5 0.128155
4 0.128220
3 0.128248
4 0.128333
5 0.128347
5 0.128603
3 0.128623
3 0.128637
3 0.128930
3 0.129162
3 0.129323
5 0.129371
3 0.129471
3 0.129468
3 0.129589
3 0.129868
3 0.129864
3 0.129898
5 0.130502
5 0.130612
12 0.130841
12 0.130841
5 0.131572
12 0.131730
12 0.131770
12 0.131790
12 0.131820
12 0.132104
12 0.132279
12 0.132279
5 0.132629
3 0.132760
5 0.132857
3 0.132983
3 0.133970
5 0.135672
18 0.136260
5 0.136315
3 0.136503
5 0.136780
3 0.136844
5 0.137855
3 0.137996
5 0.138094
5 0.140328
5 0.140356
5 0.140591
12 0.140690
5 0.141131
3 0.142003
3 0.142044
3 0.142164
3 0.142176
3 0.142241
3 0.142414
5 0.142922
12 0.143930
15 0.144010
12 0.144090
5 0.144143
5 0.144171
3 0.145036
4 0.145174
3 0.145520
3 0.145573
5 0.146073
5 0.146568
4 0.146734
4 0.146919
3 0.149198
17 0.149230
16 0.149300
3 0.149660
3 0.149870
3 0.149918
3 0.150232
3 0.150462
3 0.150498
3 0.150609
5 0.151817
5 0.153854
4 0.156468
4 0.156485
5 0.156942
5 0.159869
5 0.160035
5 0.160072
20 0.160911
5 0.163061
5 0.163379
3 0.165226
3 0.166093
18 0.166470
12 0.167500
12 0.167500
5 0.167515
12 0.167590
3 0.168465
5 0.168717
3 0.168950
5 0.169603
3 0.171133
3 0.171535
5 0.171740
9 0.172470
5 0.174765
5 0.174868
3 0.175752
3 0.175899
3 0.175956
5 0.175976
3 0.177064
5 0.177146
3 0.177767
18 0.177805
18 0.177810
3 0.177865
3 0.178201
3 0.178364
3 0.178445
3 0.178742
3 0.178898
3 0.179259
3 0.179267
17 0.179340
21 0.179500
3 0.179716
8 0.179747
3 0.179777
5 0.179909
3 0.180308
3 0.181119
7 0.182480
3 0.182541
5 0.182790
3 0.182825
5 0.182830
3 0.182941
3 0.182960
3 0.183143
5 0.183189
3 0.183227
3 0.183355
5 0.183742
5 0.184150
8 0.184539
3 0.184996
5 0.185578
9 0.185810
5 0.186443
3 0.187791
5 0.187848
3 0.187889
5 0.188189
3 0.188464
3 0.190142
5 0.192018
3 0.192582
3 0.192945
21 0.193400
3 0.193531
3 0.194001
3 0.194091
3 0.194151
3 0.194398
3 0.194427
3 0.194632
5 0.194642
3 0.194754
3 0.194850
3 0.194891
3 0.195061
3 0.195064
3 0.195601
3 0.195611
3 0.195717
3 0.196297
12 0.196500
3 0.196530
12 0.196600
3 0.197002
3 0.197898
5 0.198873
7 0.198940
16 0.199300
16 0.199300
3 0.200801
3 0.200825
15 0.200890
3 0.201145
5 0.201828
5 0.204651
17 0.206800
4 0.206822
5 0.209178
3 0.209797
5 0.209870
3 0.210052
4 0.210380
3 0.210428
3 0.210552
3 0.210577
14 0.211774
14 0.211791
3 0.213024
3 0.213957
3 0.219308
3 0.219429
3 0.219990
5 0.221541
3 0.222628
3 0.223759
3 0.223846
3 0.224032
16 0.224600
13 0.225300
1 0.227331
1 0.227398
1 0.227740
1 0.228066
16 0.228100
1 0.230056
1 0.230345
1 0.230639
3 0.232774
3 0.233206
3 0.233238
3 0.233506
3 0.233972
19 0.234515
3 0.234750
4 0.235986
4 0.236022
15 0.236150
3 0.237572
1 0.238154
1 0.238525
5 0.238538
17 0.238700
17 0.238700
3 0.239784
3 0.240851
3 0.241472
1 0.241910
1 0.242204
3 0.242226
1 0.242498
1 0.242896
1 0.243396
1 0.243484
2 0.244093
1 0.244172
2 0.244343
2 0.244864
2 0.245118
2 0.247495
2 0.247796
2 0.247945
2 0.248224
2 0.249971
12 0.250200
1 0.250529
2 0.251165
3 0.251682
2 0.251819
1 0.251979
2 0.252058
1 0.252130
2 0.252540
2 0.252637
3 0.252860
1 0.252874
2 0.253052
1 0.253062
2 0.253201
2 0.253538
2 0.253664
3 0.254081
4 0.254253
1 0.254268
3 0.254321
15 0.254542
15 0.254584
4 0.254763
4 0.254807
3 0.254876
3 0.254936
3 0.254953
12 0.255200
12 0.255500
2 0.255676
3 0.255734
3 0.256420
3 0.256619
3 0.256833
2 0.257180
2 0.257342
2 0.257447
3 0.257724
3 0.258122
1 0.258159
1 0.259103
1 0.259442
1 0.259736
1 0.260070
3 0.260241
1 0.260592
1 0.261206
1 0.261226
3 0.261499
3 0.261787
1 0.262072
3 0.262713
3 0.263060
3 0.263119
1 0.263231
1 0.263319
2 0.263624
2 0.263936
3 0.263996
1 0.264188
2 0.264282
1 0.264504
2 0.264666
3 0.264701
1 0.264742
1 0.265009
1 0.265572
1 0.265798
1 0.266276
1 0.267039
1 0.268072
1 0.268560
1 0.268594
4 0.268911
1 0.268962
4 0.269019
3 0.269296
3 0.270276
2 0.271456
2 0.271705
2 0.271811
3 0.271944
2 0.272021
16 0.272300
1 0.272588
2 0.272658
1 0.272823
1 0.273194
1 0.273239
1 0.273406
1 0.273610
1 0.273642
1 0.274062
1 0.274313
2 0.274736
1 0.274987
2 0.275242
2 0.275350
1 0.275821
2 0.275832
1 0.275890
2 0.275908
2 0.275961
2 0.276211
2 0.276305
2 0.276358
2 0.276474
2 0.276498
2 0.276564
3 0.277453
13 0.277480
2 0.278142
2 0.278547
3 0.278683
3 0.279954
3 0.279974
1 0.280333
3 0.280377
3 0.280398
2 0.280565
1 0.280653
2 0.280732
3 0.280804
1 0.281000
2 0.281110
3 0.281340
1 0.281381
1 0.281823
1 0.281867
2 0.281868
3 0.281983
2 0.282070
2 0.282120
3 0.282161
2 0.282209
3 0.282254
3 0.282529
3 0.282674
2 0.282795
1 0.282890
2 0.282894
2 0.282949
2 0.282965
2 0.283300
2 0.283486
2 0.283731
4 0.283780
2 0.284047
2 0.284278
2 0.284479
2 0.284677
3 0.284810
2 0.285194
2 0.285477
2 0.285626
2 0.285693
2 0.285925
2 0.286215
2 0.286316
4 0.286344
2 0.286958
2 0.287496
2 0.287828
2 0.288114
2 0.288496
2 0.288830
3 0.288899
2 0.288978
4 0.289021
2 0.289192
1 0.290651
2 0.291078
2 0.291152
1 0.291292
2 0.291949
2 0.292749
1 0.292920
4 0.293082
3 0.293137
2 0.293196
1 0.293440
2 0.293684
1 0.293817
4 0.293819
2 0.293939
2 0.294272
1 0.294286
2 0.294384
2 0.294616
1 0.294912
2 0.295286
2 0.295544
1 0.295699
1 0.295766
4 0.295817
2 0.295904
2 0.295965
1 0.296057
1 0.296085
1 0.296658
1 0.296809
1 0.296910
1 0.297125
1 0.297580
2 0.297994
1 0.298234
1 0.298418
3 0.298561
2 0.299092
1 0.300174
8 0.300694
8 0.300694
2 0.300919
3 0.300926
2 0.301807
2 0.302352
2 0.302455
2 0.303061
2 0.303961
3 0.304140
2 0.304474
2 0.304758
2 0.304965
2 0.305764
2 0.305829
2 0.305898
2 0.306063
2 0.306711
2 0.306724
3 0.306741
2 0.307214
9 0.307270
2 0.307301
2 0.307387
2 0.307612
3 0.307924
2 0.307954
2 0.308238
2 0.308893
2 0.309030
2 0.309732
2 0.309809
1 0.310157
2 0.310244
2 0.310389
2 0.310471
2 0.310550
2 0.310599
8 0.310651
8 0.310651
2 0.310714
1 0.310771
2 0.311098
2 0.311158
2 0.311295
1 0.311338
2 0.311858
2 0.311973
1 0.312062
2 0.312072
2 0.312252
2 0.312299
1 0.312398
2 0.312876
2 0.312939
2 0.313171
1 0.314245
1 0.314258
2 0.314467
2 0.314565
2 0.314632
2 0.314896
3 0.315123
2 0.315317
2 0.315511
3 0.315543
12 0.315600
2 0.315659
4 0.315763
2 0.315832
2 0.316213
2 0.316269
12 0.316300
2 0.316349
3 0.316875
2 0.316944
4 0.317188
2 0.318264
2 0.318345
2 0.318505
3 0.318576
1 0.318737
2 0.319042
3 0.319150
2 0.319180
16 0.319200
1 0.319291
2 0.319319
3 0.319470
2 0.319664
2 0.319845
1 0.320084
3 0.320181
2 0.320347
2 0.320437
1 0.320476
1 0.320580
2 0.320694
3 0.320864
2 0.321406
2 0.321504
1 0.321517
3 0.321537
2 0.321569
2 0.321799
1 0.321887
2 0.321920
1 0.322014
1 0.322231
2 0.322377
1 0.322445
2 0.322517
1 0.322706
3 0.322757
2 0.322771
3 0.322888
2 0.322953
3 0.322982
2 0.323012
2 0.323035
3 0.323098
2 0.323225
2 0.323321
2 0.323545
3 0.323622
2 0.323705
2 0.323751
2 0.323997
2 0.324059
3 0.324070
3 0.324165
2 0.324293
3 0.324653
3 0.324757
2 0.324954
2 0.325030
2 0.325285
2 0.325385
2 0.325519
3 0.325582
7 0.326040
2 0.326121
2 0.326254
3 0.326436
2 0.326462
15 0.326800
2 0.327259
2 0.327302
4 0.327345
4 0.327371
9 0.327380
9 0.327380
2 0.327731
2 0.327772
2 0.327923
3 0.327925
3 0.327970
2 0.327986
2 0.328094
2 0.328094
9 0.328280
9 0.328280
2 0.328328
9 0.328550
9 0.328550
2 0.328772
2 0.328861
21 0.329000
1 0.329303
9 0.329460
3 0.329671
9 0.329860
1 0.330036
2 0.330263
1 0.330783
9 0.330790
1 0.330934
2 0.330976
1 0.331045
1 0.331068
3 0.331186
1 0.331364
2 0.331387
3 0.331396
1 0.331537
1 0.331547
2 0.331627
3 0.331669
2 0.331897
3 0.332190
2 0.332266
2 0.332390
2 0.332773
2 0.333042
3 0.333207
2 0.333307
3 0.333320
3 0.333442
2 0.333616
3 0.333862
2 0.333882
3 0.334117
2 0.334131
1 0.334284
1 0.334311
2 0.334473
3 0.334715
2 0.334770
3 0.334779
1 0.334949
2 0.335000
2 0.335037
2 0.335303
1 0.335390
1 0.335560
3 0.335568
3 0.335889
3 0.335906
1 0.335924
9 0.336090
9 0.336090
1 0.336196
2 0.336218
1 0.336223
1 0.336281
3 0.336412
2 0.336715
2 0.337017
1 0.337141
3 0.337159
17 0.337190
1 0.337242
3 0.337259
3 0.337295
2 0.337318
9 0.337330
2 0.337377
2 0.337532
3 0.337698
1 0.337850
1 0.337855
3 0.337866
3 0.337887
3 0.337942
1 0.338019
2 0.338125
1 0.338328
3 0.338369
2 0.338473
1 0.338663
1 0.338692
2 0.338881
2 0.338973
3 0.339119
1 0.339165
1 0.339368
3 0.339392
2 0.339555
3 0.339636
3 0.339696
3 0.339741
3 0.339821
1 0.339961
3 0.340186
2 0.340340
2 0.340456
3 0.340544
2 0.340818
2 0.341079
3 0.341238
3 0.341860
2 0.341911
3 0.342214
19 0.343880
1 0.344029
2 0.344437
2 0.344530
2 0.345346
2 0.345738
2 0.346249
2 0.346655
1 0.346825
2 0.347818
1 0.347992
1 0.348153
2 0.348463
1 0.348669
3 0.348868
3 0.348978
2 0.349074
2 0.349205
2 0.349336
1 0.349427
1 0.349675
1 0.350010
2 0.350134
2 0.350589
2 0.350691
1 0.350764
2 0.351084
2 0.351184
1 0.351263
2 0.352127
2 0.353487
2 0.353642
4 0.354238
1 0.354804
2 0.356260
2 0.356291
2 0.356631
2 0.356699
2 0.357476
1 0.357526
4 0.357746
3 0.357772
4 0.358242
2 0.358816
2 0.359410
3 0.359423
2 0.359708
18 0.359800
18 0.359800
1 0.359975
3 0.360948
1 0.361119
3 0.361526
3 0.362380
2 0.362585
19 0.363370
1 0.363624
1 0.363650
1 0.363901
3 0.363931
3 0.364156
2 0.364237
1 0.364372
1 0.364724
1 0.365454
1 0.365563
3 0.365722
1 0.365914
2 0.366080
1 0.366167
3 0.366211
2 0.366328
1 0.367001
1 0.367272
2 0.368073
2 0.368625
1 0.368701
1 0.368840
1 0.369096
1 0.369550
1 0.369923
1 0.369948
1 0.370113
1 0.370334
1 0.370535
2 0.370728
1 0.370858
1 0.371102
1 0.371646
1 0.371845
2 0.372270
1 0.372363
1 0.372563
1 0.372622
1 0.373087
1 0.373673
1 0.373996
1 0.374212
2 0.374270
2 0.374907
1 0.374917
1 0.375393
1 0.375471
2 0.375876
2 0.376017
2 0.376037
2 0.376239
2 0.376296
1 0.376752
2 0.377146
1 0.377273
1 0.377540
2 0.377571
2 0.377713
2 0.377855
3 0.378087
1 0.378712
2 0.378740
1 0.378988
1 0.379038
1 0.379698
2 0.379796
1 0.379939
2 0.380087
2 0.381446
2 0.381567
3 0.381726
1 0.381930
1 0.382311
1 0.382928
3 0.382982
1 0.383477
17 0.383575
17 0.383550
3 0.383751
1 0.383787
1 0.384754
3 0.385013
1 0.385414
1 0.385482
1 0.385923
1 0.386754
1 0.386950
3 0.387359
1 0.387431
3 0.387459
1 0.387636
22 0.387700
3 0.388231
1 0.388249
1 0.388325
2 0.388339
1 0.388343
1 0.388399
1 0.388912
1 0.389105
3 0.389474
1 0.389635
3 0.389743
3 0.389835
1 0.389959
2 0.390165
1 0.390207
1 0.390589
1 0.391230
2 0.391457
1 0.391545
1 0.391585
3 0.391637
3 0.391658
1 0.392093
3 0.392250
1 0.392253
3 0.392272
3 0.392407
3 0.392521
1 0.392564
3 0.392597
1 0.392743
1 0.393099
9 0.393140
9 0.393140
2 0.393313
1 0.393535
3 0.393957
3 0.394169
3 0.394467
3 0.394796
1 0.394889
3 0.394948
1 0.394979
1 0.395746
1 0.395933
1 0.396397
1 0.396539
4 0.396729
3 0.397133
3 0.398026
1 0.398289
1 0.398361
1 0.398546
1 0.398638
1 0.398672
3 0.398752
2 0.398873
1 0.399089
22 0.399200
1 0.399583
3 0.399665
1 0.399977
1 0.400049
1 0.400362
1 0.400494
1 0.400710
1 0.400919
1 0.401006
1 0.401079
3 0.401218
2 0.401352
3 0.401376
1 0.401438
1 0.401471
1 0.401652
1 0.401742
1 0.401891
1 0.402297
1 0.402571
2 0.402627
1 0.402768
1 0.402862
2 0.402948
1 0.403165
1 0.403505
1 0.403605
1 0.403697
1 0.404146
3 0.404869
2 0.405498
1 0.405616
1 0.405877
1 0.405929
3 0.406135
1 0.406141
1 0.406537
1 0.406625
3 0.406731
3 0.407068
3 0.407071
3 0.407114
1 0.407962
1 0.408087
3 0.408111
1 0.408361
3 0.410003
1 0.410033
3 0.410120
1 0.411387
3 0.412031
1 0.412333
1 0.412447
1 0.412473
12 0.412700
1 0.412870
1 0.413033
12 0.413200
12 0.413200
4 0.413239
1 0.413242
4 0.413492
3 0.413513
1 0.413846
3 0.414059
1 0.414422
7 0.414430
7 0.414430
3 0.414595
3 0.414622
1 0.415213
3 0.415783
1 0.416081
3 0.416158
3 0.416174
2 0.416271
2 0.416482
1 0.416531
3 0.416632
3 0.416690
1 0.416749
1 0.417053
1 0.417221
2 0.417308
2 0.417525
3 0.417771
3 0.418119
3 0.418140
1 0.418448
3 0.418476
1 0.418730
1 0.418987
3 0.419227
3 0.419332
3 0.420125
3 0.420144
1 0.420193
3 0.420284
3 0.420459
3 0.420459
1 0.420464
3 0.420610
3 0.420868
3 0.421131
1 0.421292
3 0.421367
3 0.421414
3 0.421444
3 0.421548
3 0.421611
3 0.421671
3 0.421713
3 0.421970
3 0.422147
3 0.422255
3 0.422416
3 0.422531
3 0.422577
1 0.422598
1 0.422884
3 0.423226
3 0.423561
1 0.423908
3 0.424245
3 0.424250
3 0.424509
3 0.424507
3 0.424774
3 0.424834
3 0.424881
3 0.424974
1 0.425032
3 0.425128
3 0.425331
3 0.425531
1 0.425724
3 0.425825
3 0.425967
1 0.425974
3 0.426021
3 0.426197
1 0.426280
3 0.426310
3 0.426364
3 0.426413
1 0.426433
8 0.426565
8 0.426565
1 0.426691
1 0.426741
3 0.427104
1 0.427134
3 0.427216
21 0.427300
3 0.427307
1 0.427363
1 0.427578
3 0.427674
3 0.427703
3 0.427754
1 0.427763
1 0.427943
1 0.428001
1 0.428258
3 0.428276
1 0.428392
3 0.428529
3 0.428588
1 0.428620
3 0.428682
1 0.428722
3 0.428772
1 0.428861
2 0.428908
1 0.428937
3 0.428988
1 0.429028
3 0.429046
2 0.429143
1 0.429214
1 0.429235
3 0.429314
3 0.429455
2 0.429532
3 0.429623
3 0.429622
3 0.429663
1 0.429697
3 0.429791
1 0.429987
1 0.430044
1 0.430085
2 0.430126
1 0.430177
1 0.430230
2 0.430313
3 0.430571
1 0.430713
2 0.430909
3 0.430961
1 0.430971
3 0.431061
3 0.431170
18 0.431200
1 0.431286
3 0.431337
2 0.431408
1 0.431556
1 0.431601
2 0.431619
2 0.431801
3 0.431919
3 0.431966
1 0.431985
3 0.432078
2 0.432218
1 0.432288
3 0.432314
1 0.432635
3 0.432716
1 0.432758
3 0.432807
3 0.432804
3 0.432884
3 0.432880
3 0.432947
3 0.433071
2 0.433146
2 0.433191
3 0.433477
1 0.433606
3 0.433703
2 0.433914
3 0.433944
3 0.433992
3 0.433994
2 0.434258
3 0.434446
2 0.434551
1 0.434733
3 0.434926
3 0.434963
2 0.435206
3 0.435350
1 0.435528
3 0.435849
3 0.436012
1 0.436172
3 0.436238
3 0.436356
3 0.436495
3 0.436500
3 0.436656
3 0.436657
2 0.436889
3 0.436894
3 0.436979
1 0.437017
1 0.437091
1 0.437361
2 0.437604
3 0.437818
3 0.437900
3 0.437930
3 0.438016
3 0.438197
2 0.438808
1 0.438931
2 0.439227
1 0.439515
2 0.439528
2 0.439627
2 0.439709
4 0.439717
4 0.439856
3 0.439996
2 0.440101
3 0.440180
3 0.440377
4 0.440468
1 0.440552
1 0.440614
1 0.440692
3 0.440743
3 0.440855
2 0.440892
2 0.441231
3 0.441573
1 0.441778
1 0.441852
2 0.441896
2 0.441957
1 0.442300
1 0.442406
2 0.442514
1 0.442563
3 0.442564
1 0.442707
1 0.442730
1 0.442834
2 0.442912
3 0.442955
3 0.442952
1 0.443126
1 0.443161
3 0.443188
1 0.443252
2 0.443335
1 0.443384
1 0.443482
3 0.443516
1 0.443524
1 0.443784
1 0.443948
3 0.444048
1 0.444160
3 0.444187
1 0.444252
2 0.444298
3 0.444349
2 0.444505
1 0.444552
2 0.444581
3 0.444780
1 0.445040
2 0.445174
1 0.445215
1 0.445457
1 0.445496
1 0.445658
1 0.445868
1 0.446335
3 0.446382
1 0.446463
1 0.446479
2 0.446570
1 0.446706
3 0.446733
3 0.446795
8 0.446883
8 0.446883
2 0.446976
2 0.447211
1 0.447249
1 0.447611
1 0.448096
3 0.448123
3 0.448162
1 0.448185
1 0.448252
1 0.448395
2 0.448959
1 0.449035
1 0.449381
2 0.449477
1 0.449627
1 0.449741
1 0.449750
3 0.449778
1 0.449899
2 0.450253
1 0.450504
1 0.450762
2 0.450801
3 0.450838
1 0.451244
3 0.451285
1 0.451400
3 0.451597
1 0.451689
1 0.451930
3 0.451964
1 0.451996
3 0.452070
3 0.452165
3 0.452242
1 0.452407
1 0.452858
2 0.453074
1 0.453451
3 0.453453
2 0.453524
1 0.453605
1 0.453685
1 0.453719
1 0.453732
1 0.453850
1 0.454037
3 0.454148
2 0.454530
3 0.454559
8 0.454572
8 0.454572
1 0.454596
3 0.454725
1 0.454938
1 0.455005
2 0.455090
3 0.455111
1 0.455374
1 0.455636
3 0.455673
1 0.455677
3 0.455705
1 0.455914
1 0.455939
1 0.456120
1 0.456391
1 0.456471
2 0.456504
21 0.456600
2 0.456959
3 0.457208
1 0.457219
2 0.457325
3 0.457348
3 0.457348
3 0.457413
3 0.457781
3 0.457980
3 0.458092
2 0.458173
3 0.458301
2 0.458469
2 0.459124
3 0.459679
1 0.460052
3 0.460279
2 0.461055
1 0.461066
3 0.461080
3 0.461177
3 0.461233
3 0.461723
1 0.461855
4 0.461943
4 0.461937
4 0.461944
1 0.462081
3 0.462108
1 0.462438
3 0.462936
2 0.463057
1 0.463064
3 0.463546
1 0.463918
16 0.464000
16 0.464000
1 0.464067
1 0.464097
1 0.464124
1 0.464169
1 0.464649
3 0.465030
3 0.465076
1 0.465132
3 0.465416
1 0.465734
1 0.465777
2 0.465851
3 0.466477
1 0.466890
3 0.467313
3 0.467470
1 0.467643
4 0.467889
4 0.467889
4 0.467889
3 0.468189
1 0.468322
1 0.468823
1 0.469211
1 0.469265
1 0.469498
3 0.469675
1 0.469825
1 0.470007
9 0.470080
9 0.470080
3 0.470291
3 0.470451
2 0.470998
1 0.471151
1 0.471662
3 0.472031
3 0.472223
1 0.472394
1 0.472449
3 0.473243
1 0.473249
1 0.473475
1 0.473600
1 0.474344
1 0.474363
1 0.474412
1 0.474901
1 0.475945
1 0.476023
1 0.476061
3 0.476144
2 0.476411
3 0.476491
1 0.476766
3 0.476869
3 0.476961
1 0.477110
1 0.477244
3 0.477279
3 0.477568
8 0.477720
1 0.477960
2 0.478132
1 0.478306
1 0.478464
3 0.478543
1 0.479113
3 0.479237
1 0.479383
3 0.479452
3 0.479484
2 0.479615
1 0.479756
1 0.479932
2 0.479986
1 0.480114
3 0.480162
3 0.480367
2 0.480643
1 0.480676
1 0.480987
3 0.481197
1 0.481242
1 0.481359
1 0.481424
1 0.482176
3 0.482314
3 0.482588
1 0.482681
3 0.483268
1 0.483748
3 0.483961
1 0.484222
1 0.484982
3 0.485101
3 0.485585
1 0.485737
3 0.485758
3 0.485948
1 0.486554
2 0.486697
3 0.486729
1 0.486962
1 0.487150
3 0.487536
2 0.487538
21 0.487800
1 0.488227
1 0.488371
3 0.488568
1 0.488644
3 0.489420
3 0.489905
1 0.490128
3 0.490898
3 0.490976
2 0.491256
1 0.491499
3 0.491568
1 0.491661
1 0.492124
1 0.492314
1 0.492678
1 0.492753
1 0.492971
3 0.493090
3 0.493211
3 0.493405
1 0.493912
1 0.493967
1 0.494294
3 0.494542
3 0.494738
1 0.494957
3 0.495149
1 0.495963
3 0.496148
3 0.496275
3 0.496503
1 0.496614
1 0.496743
1 0.496997
3 0.497258
1 0.497444
3 0.497618
1 0.497674
3 0.497743
1 0.497913
1 0.497959
2 0.498275
1 0.498312
3 0.498975
1 0.499053
1 0.499246
1 0.499647
1 0.499849
1 0.500090
1 0.500241
2 0.500655
3 0.500657
1 0.500861
3 0.501019
3 0.501019
1 0.501105
3 0.501152
1 0.501470
1 0.501559
1 0.501566
1 0.501757
3 0.502032
1 0.502143
3 0.502182
1 0.502427
3 0.502593
1 0.502624
1 0.502698
1 0.503731
1 0.503787
1 0.503981
1 0.504136
1 0.504203
1 0.504500
1 0.504568
1 0.504682
1 0.504962
3 0.505139
1 0.505428
1 0.505549
1 0.506352
3 0.506538
1 0.506549
1 0.506607
1 0.506740
3 0.506963
1 0.506974
2 0.507050
1 0.507076
3 0.507083
1 0.507289
2 0.507370
3 0.508522
1 0.508676
1 0.508848
3 0.509866
7 0.510310
7 0.510310
1 0.510457
1 0.511086
3 0.511124
1 0.511487
3 0.512051
1 0.512185
3 0.512252
3 0.512272
3 0.512252
3 0.512874
3 0.512935
2 0.513058
3 0.513200
3 0.513220
3 0.513785
3 0.513805
3 0.513805
1 0.514690
3 0.514874
1 0.514891
3 0.514895
1 0.515363
2 0.515551
3 0.515648
3 0.516252
3 0.516246
3 0.516246
3 0.516399
1 0.517519
3 0.517692
2 0.518736
1 0.518778
2 0.519014
1 0.519103
1 0.519442
3 0.519487
1 0.519549
1 0.520256
3 0.520739
1 0.520753
21 0.520800
1 0.520932
1 0.521184
1 0.521267
1 0.521374
15 0.521410
3 0.521989
1 0.522116
1 0.522414
1 0.522510
1 0.522576
1 0.522601
1 0.522640
3 0.522774
2 0.522801
21 0.523500
1 0.524004
3 0.524230
3 0.524652
1 0.524761
1 0.524803
1 0.524876
3 0.524895
1 0.525241
1 0.525357
1 0.525729
3 0.525823
3 0.525880
1 0.526146
1 0.526496
1 0.526745
1 0.526796
2 0.527008
3 0.527959
3 0.527980
3 0.528017
3 0.528361
1 0.528386
1 0.528492
1 0.528586
1 0.529074
18 0.529100
3 0.529508
3 0.529543
1 0.529726
1 0.529873
3 0.529990
1 0.529991
1 0.530149
3 0.530268
3 0.530836
3 0.532500
1 0.532541
3 0.532988
1 0.533021
2 0.533827
1 0.533979
1 0.534215
1 0.534299
3 0.535140
1 0.535257
3 0.535388
3 0.535723
3 0.535800
3 0.536003
1 0.536320
1 0.536813
3 0.536866
1 0.537113
2 0.538251
1 0.538613
3 0.539055
1 0.539067
1 0.539149
3 0.539719
1 0.539810
1 0.539859
4 0.540043
1 0.540287
1 0.540552
3 0.540643
3 0.540645
1 0.541042
1 0.541111
3 0.541826
1 0.542776
1 0.543066
1 0.543824
1 0.543983
1 0.544814
1 0.545041
1 0.545067
1 0.545516
1 0.546201
3 0.547049
4 0.547249
1 0.547272
1 0.547422
1 0.547507
1 0.547574
1 0.547598
1 0.547923
7 0.548180
3 0.548281
1 0.548295
1 0.548339
1 0.548972
1 0.549168
1 0.549236
4 0.549404
1 0.549948
1 0.550543
1 0.551331
1 0.551406
1 0.551588
1 0.551607
4 0.551926
3 0.553455
1 0.556426
1 0.556704
3 0.556813
1 0.560160
1 0.564571
1 0.565014
1 0.566373
1 0.566448
1 0.567499
1 0.567701
1 0.568152
1 0.569106
1 0.570426
1 0.570981
1 0.571346
1 0.571551
1 0.571672
1 0.571806
1 0.572207
1 0.574108
1 0.574159
1 0.574281
1 0.575444
1 0.575846
1 0.576387
1 0.576795
1 0.577564
1 0.578238
1 0.578758
1 0.580587
3 0.581908
1 0.582532
1 0.586808
4 0.587941
1 0.588192
4 0.588760
4 0.589279
1 0.590094
1 0.590496
1 0.590808
1 0.592018
1 0.592376
1 0.593946
1 0.594340
1 0.595482
1 0.596749
1 0.598021
1 0.600070
1 0.600134
1 0.601508
1 0.601866
1 0.606631
1 0.608691
1 0.609286
19 0.609390
1 0.609449
1 0.610037
1 0.612270
1 0.612792
1 0.614008
1 0.614792
1 0.615144
12 0.616900
12 0.617700
12 0.617700
1 0.618786
1 0.621700
1 0.622222
1 0.622313
4 0.623337
4 0.624839
4 0.624949
1 0.625983
1 0.626043
1 0.626283
4 0.626459
4 0.629413
1 0.630550
1 0.631399
1 0.631978
1 0.633785
1 0.636045
1 0.636811
3 0.638731
1 0.639724
1 0.642087
3 0.644951
21 0.645200
3 0.649191
1 0.649949
3 0.650168
1 0.650171
3 0.650640
1 0.650994
1 0.654809
3 0.654958
1 0.655604
1 0.655788
1 0.656743
1 0.657700
3 0.657760
1 0.660094
2 0.660877
3 0.661320
3 0.662341
3 0.663120
3 0.664632
3 0.664930
1 0.665220
1 0.665885
1 0.666838
3 0.666982
3 0.667601
1 0.667902
3 0.670961
21 0.671200
1 0.671853
3 0.672668
3 0.673598
1 0.674498
1 0.674738
3 0.678422
3 0.678779
3 0.679800
16 0.680700
16 0.680700
3 0.680982
1 0.686335
3 0.686418
1 0.687582
3 0.687627
3 0.689801
1 0.691510
4 0.691578
3 0.693438
1 0.693506
3 0.694560
1 0.694562
4 0.697048
4 0.698047
4 0.699068
1 0.699856
1 0.700659
1 0.701028
1 0.701287
3 0.701730
3 0.701922
3 0.703332
3 0.703590
1 0.703780
1 0.704074
1 0.705259
1 0.707106
3 0.707389
3 0.707459
1 0.708620
3 0.708651
3 0.712610
1 0.714088
3 0.714377
3 0.715450
3 0.717378
3 0.717790
1 0.719055
1 0.719187
3 0.720563
3 0.720790
1 0.721143
3 0.721391
2 0.721671
1 0.721818
3 0.721949
3 0.722752
3 0.723040
3 0.723639
3 0.724530
1 0.724686
1 0.725371
3 0.725489
1 0.726828
3 0.727269
1 0.727350
3 0.729100
3 0.729483
1 0.730169
3 0.730847
3 0.731718
1 0.731758
3 0.731831
3 0.731870
1 0.732041
3 0.732262
3 0.733742
1 0.734673
3 0.734960
1 0.735419
1 0.735976
1 0.736613
3 0.737218
3 0.737338
3 0.737830
3 0.738199
3 0.739931
3 0.741019
3 0.741962
3 0.742129
1 0.742522
3 0.743423
1 0.743472
3 0.744200
1 0.744265
3 0.744379
3 0.745250
3 0.745990
3 0.746210
3 0.747539
1 0.747700
3 0.747741
4 0.748511
3 0.748667
1 0.749167
4 0.749341
3 0.749399
4 0.749681
3 0.749722
1 0.749818
18 0.750700
3 0.750892
3 0.750973
3 0.751071
3 0.751363
3 0.751808
3 0.752591
3 0.753321
3 0.754308
3 0.754638
3 0.755412
3 0.755697
3 0.756832
3 0.758033
16 0.758100
1 0.758264
3 0.759782
1 0.761660
3 0.762738
4 0.765411
4 0.765419
4 0.765427
1 0.765655
3 0.768980
3 0.770691
4 0.770898
4 0.770898
4 0.770898
3 0.772251
3 0.774473
3 0.777532
3 0.777810
3 0.779662
3 0.779950
3 0.780719
3 0.781169
3 0.784439
3 0.787008
3 0.787642
3 0.787798
3 0.788400
3 0.789772
3 0.790209
1 0.794071
1 0.795135
3 0.795730
1 0.796377
3 0.797817
1 0.798107
1 0.798126
3 0.798329
1 0.799873
1 0.802705
3 0.803290
1 0.806824
1 0.807046
3 0.810070
1 0.810229
3 0.811978
3 0.816404
3 0.816404
3 0.816354
3 0.816517
3 0.816630
3 0.816805
3 0.816911
3 0.817423
3 0.817581
3 0.818012
3 0.818119
3 0.818469
3 0.819002
3 0.819201
3 0.819291
3 0.819497
3 0.819700
3 0.820078
3 0.820121
3 0.820217
3 0.820419
3 0.821493
3 0.821581
3 0.823151
3 0.823787
3 0.824091
3 0.824319
3 0.825511
21 0.826400
3 0.826597
3 0.826980
3 0.826980
3 0.826980
3 0.826930
3 0.826980
3 0.827824
3 0.828099
3 0.830410
3 0.830784
3 0.830784
3 0.830784
1 0.830859
1 0.830969
3 0.831368
1 0.831404
1 0.831513
3 0.831900
1 0.833666
3 0.834082
1 0.835545
3 0.836073
1 0.836654
1 0.838015
1 0.838484
1 0.838512
3 0.839651
1 0.839918
21 0.840300
3 0.840843
1 0.841463
1 0.841929
1 0.842672
1 0.842883
1 0.843726
1 0.843798
1 0.844125
3 0.844151
1 0.845321
1 0.845942
3 0.846920
1 0.846948
1 0.847083
1 0.849837
3 0.850639
3 0.850821
3 0.851877
1 0.852039
1 0.852066
3 0.852939
3 0.853460
1 0.854173
3 0.854722
1 0.855047
3 0.856588
3 0.856860
1 0.857212
3 0.857589
3 0.858641
1 0.860054
3 0.860811
3 0.861341
3 0.862118
3 0.862771
3 0.866518
1 0.867776
1 0.868537
1 0.869472
3 0.870227
3 0.870569
3 0.873367
1 0.873710
3 0.874840
1 0.876905
1 0.878112
3 0.879770
3 0.880368
3 0.880368
3 0.889013
3 0.891940
3 0.893368
3 0.894055
3 0.894050
21 0.900900
3 0.901954
3 0.902651
3 0.908384
3 0.919607
3 0.927368
3 0.930561
3 0.932740
3 0.932740
3 0.943080
3 0.948910
3 0.949100
3 0.949100
3 0.959810
3 0.970800
1 0.983483
18 0.989300
1 0.993006
1 1.000070
3 1.083570
3 1.180150
3 1.206480
3 1.241760
17 1.270600
10 1.325800
10 1.325800
9 1.373300
10 1.446300
17 1.548000
3 1.688020
7 1.698400
17 1.703600
18 1.712400
6 1.715600
6 1.715600
7 2.205600
7 2.205600
9 2.402100
9 2.402100
16 2.421000
10 2.433700
10 2.433700
9 3.206200
15 3.271200
10 3.565100
10 3.565100
17 4.065000
3 4.449000
3 4.694600
8 6.923300
8 6.923300
7 7.385000
17 8.190000
8 9.381700
8 9.381700
9 12.642000
9 14.144000
9 14.144000
3 42.462002
3 54.083000
3 85.029999
9 119.000000
3 153.369995
End Spectral Lines:
