Symbol: V
Atomic Number: 23
Atomic Mass: 50.941500
Start Spectral Index: 23
1 757
2 197
3 94
4 423
5 164
6 175
7 39
8 69
9 72
10 69
11 140
12 131
13 206
14 66
15 40
16 54
17 69
18 84
19 45
20 72
21 92
22 109
23 21
End Spectral Index:
Order of Magnitude: 0.000001
Start Spectral Lines:
23 0.000178
23 0.000182
22 0.000188
22 0.000188
23 0.000192
23 0.000193
22 0.000193
22 0.000193
22 0.000203
22 0.000203
22 0.000227
23 0.000228
22 0.000228
23 0.000228
22 0.000228
22 0.000229
22 0.000229
22 0.000229
22 0.000229
22 0.000229
22 0.000229
22 0.000230
22 0.000230
22 0.000230
22 0.000230
22 0.000230
22 0.000230
22 0.000230
22 0.000230
22 0.000231
22 0.000231
22 0.000231
22 0.000231
22 0.000232
22 0.000238
21 0.000239
21 0.000239
22 0.000239
21 0.000239
21 0.000239
22 0.000239
22 0.000239
21 0.000239
21 0.000240
21 0.000240
21 0.000240
21 0.000240
21 0.000240
21 0.000240
21 0.000240
21 0.000241
22 0.000241
21 0.000241
21 0.000241
21 0.000241
21 0.000241
21 0.000242
21 0.000242
21 0.000242
21 0.000244
21 0.000245
23 0.000812
23 0.000819
21 0.000859
21 0.000859
21 0.000865
22 0.000865
22 0.000866
21 0.000870
21 0.000870
22 0.000882
21 0.000882
22 0.000883
21 0.000884
21 0.000884
21 0.000888
21 0.000888
22 0.000888
22 0.000898
23 0.000909
21 0.000911
23 0.000917
21 0.000918
21 0.000918
21 0.000935
21 0.000935
21 0.000963
22 0.000966
21 0.000966
22 0.000967
21 0.000970
21 0.000970
21 0.000974
22 0.000984
22 0.000985
22 0.000985
22 0.000986
22 0.000990
22 0.000991
22 0.000992
22 0.000996
22 0.001005
22 0.001007
21 0.001041
21 0.001041
21 0.001077
20 0.001084
21 0.001084
21 0.001085
21 0.001086
21 0.001093
20 0.001092
20 0.001122
20 0.001124
20 0.001131
20 0.001138
20 0.001143
20 0.001143
20 0.001143
20 0.001148
20 0.001152
20 0.001152
20 0.001161
23 0.001223
23 0.001237
22 0.001294
22 0.001320
22 0.001322
22 0.001322
22 0.001322
22 0.001333
22 0.001334
22 0.001342
22 0.001354
22 0.001357
22 0.001368
21 0.001383
21 0.001387
20 0.001412
20 0.001423
20 0.001428
20 0.001428
20 0.001436
20 0.001439
20 0.001440
21 0.001443
21 0.001458
21 0.001459
19 0.001464
20 0.001465
20 0.001476
21 0.001476
20 0.001483
20 0.001487
20 0.001487
21 0.001493
20 0.001498
20 0.001499
20 0.001499
19 0.001504
20 0.001504
20 0.001511
20 0.001511
20 0.001511
20 0.001514
20 0.001518
20 0.001519
20 0.001520
20 0.001522
20 0.001523
20 0.001527
20 0.001530
20 0.001533
19 0.001532
20 0.001534
20 0.001543
19 0.001550
20 0.001553
19 0.001556
14 0.001561
19 0.001563
19 0.001563
20 0.001564
19 0.001570
19 0.001573
14 0.001572
19 0.001592
19 0.001601
18 0.001624
18 0.001632
18 0.001638
18 0.001647
18 0.001656
18 0.001679
18 0.001691
14 0.001694
18 0.001701
14 0.001710
17 0.001716
17 0.001716
17 0.001716
17 0.001726
17 0.001737
18 0.001740
18 0.001722
18 0.001749
17 0.001749
17 0.001754
18 0.001755
14 0.001759
17 0.001764
18 0.001767
18 0.001772
14 0.001776
16 0.001800
16 0.001811
16 0.001811
16 0.001812
16 0.001828
16 0.001828
16 0.001828
16 0.001850
16 0.001851
16 0.001861
16 0.001868
16 0.001869
16 0.001872
14 0.001879
14 0.001889
16 0.001889
15 0.001899
15 0.001903
15 0.001920
15 0.001930
15 0.001937
15 0.001937
15 0.001944
15 0.001952
15 0.001959
15 0.001964
15 0.001967
15 0.001968
15 0.001973
16 0.001971
15 0.001976
15 0.001978
15 0.001980
15 0.001982
15 0.001984
15 0.001989
15 0.001990
16 0.001992
16 0.001995
15 0.001999
16 0.002001
16 0.002003
15 0.002004
15 0.002009
16 0.002004
16 0.002015
16 0.002021
16 0.002027
16 0.002014
16 0.002029
16 0.002042
16 0.002042
16 0.002051
16 0.002068
16 0.002068
14 0.002072
14 0.002102
15 0.002102
15 0.002129
14 0.002130
15 0.002157
15 0.002180
15 0.002183
15 0.002191
21 0.002200
21 0.002200
15 0.002208
15 0.002208
15 0.002219
15 0.002219
15 0.002221
15 0.002223
15 0.002239
21 0.002240
21 0.002251
21 0.002251
14 0.002349
14 0.002379
21 0.002385
21 0.002385
23 0.002399
23 0.002415
13 0.002420
23 0.002420
21 0.002436
21 0.002449
21 0.002449
13 0.002451
22 0.002571
22 0.002574
22 0.002605
22 0.002622
22 0.002636
22 0.002653
21 0.002794
21 0.002794
21 0.002848
21 0.002866
21 0.002866
21 0.002877
21 0.002896
23 0.003498
23 0.003529
23 0.003539
22 0.003724
22 0.003736
22 0.003784
22 0.003785
22 0.003789
22 0.003790
22 0.003814
22 0.003819
22 0.003856
22 0.003865
22 0.003874
22 0.003882
22 0.003887
22 0.003894
22 0.003895
22 0.003896
22 0.003898
22 0.003905
13 0.003918
13 0.003918
13 0.003972
13 0.003972
21 0.004018
21 0.004018
13 0.004048
13 0.004048
21 0.004137
13 0.004160
13 0.004160
21 0.004168
21 0.004175
21 0.004251
13 0.004290
21 0.004292
13 0.004310
13 0.004327
12 0.004336
13 0.004337
13 0.004337
13 0.004374
13 0.004401
12 0.004403
13 0.004439
13 0.004460
13 0.004492
12 0.004507
13 0.004565
13 0.004587
13 0.004588
13 0.004611
13 0.004640
13 0.004646
13 0.004648
12 0.004691
13 0.004764
13 0.004789
13 0.004789
21 0.004826
21 0.004826
21 0.004826
13 0.004843
13 0.004869
12 0.004923
13 0.004964
12 0.005006
13 0.005049
13 0.005109
12 0.005121
13 0.005139
13 0.005138
13 0.005162
12 0.005232
13 0.005259
13 0.005287
13 0.005290
13 0.005293
13 0.005328
13 0.005332
13 0.005332
13 0.005378
13 0.005378
13 0.005382
12 0.005449
12 0.005470
13 0.005593
13 0.005596
13 0.005598
12 0.005652
12 0.005668
13 0.005678
13 0.005678
13 0.005683
13 0.005812
21 0.005841
21 0.005841
21 0.005841
13 0.005849
13 0.005849
12 0.005910
13 0.006060
13 0.006062
13 0.006065
12 0.006138
12 0.006148
13 0.006170
12 0.006186
12 0.006191
13 0.006212
13 0.006220
13 0.006224
13 0.006225
12 0.006496
14 0.006533
12 0.006542
12 0.006558
14 0.006559
12 0.006587
12 0.006690
14 0.006961
14 0.006973
13 0.007028
13 0.007032
13 0.007033
14 0.007049
14 0.007057
14 0.007068
14 0.007102
14 0.007119
14 0.007129
14 0.007132
14 0.007159
13 0.007180
13 0.007202
12 0.007349
12 0.007359
12 0.007388
12 0.007399
13 0.007425
12 0.007428
12 0.007431
13 0.007432
13 0.007436
12 0.007630
12 0.007698
13 0.007810
13 0.007874
13 0.007879
12 0.008090
12 0.008104
12 0.008110
22 0.008111
12 0.008151
12 0.008178
22 0.008188
12 0.008201
12 0.008237
12 0.008251
12 0.008292
12 0.008312
22 0.008361
12 0.008369
22 0.008422
14 0.008441
22 0.008442
14 0.008488
6 0.008507
14 0.008536
14 0.008548
14 0.008576
14 0.008590
14 0.008612
14 0.008615
14 0.008636
14 0.008661
14 0.008668
6 0.008711
14 0.008714
11 0.008717
12 0.008738
11 0.008787
9 0.008849
14 0.008910
21 0.008945
21 0.008945
21 0.008945
14 0.009021
13 0.009061
13 0.009061
6 0.009070
17 0.009147
13 0.009303
13 0.009399
10 0.009421
10 0.009498
12 0.009559
16 0.009564
18 0.009580
17 0.009627
13 0.009729
12 0.009762
13 0.009768
13 0.009770
6 0.009793
12 0.009792
6 0.009831
17 0.009837
12 0.009862
17 0.009911
13 0.009948
13 0.009948
13 0.009952
13 0.009954
13 0.009963
13 0.009966
13 0.009998
17 0.010002
12 0.010011
16 0.010034
12 0.010039
16 0.010044
18 0.010083
18 0.010241
17 0.010288
16 0.010304
17 0.010306
19 0.010410
12 0.010448
19 0.010454
12 0.010459
12 0.010468
17 0.010472
11 0.010477
11 0.010502
11 0.010532
12 0.010525
12 0.010572
11 0.010600
11 0.010641
12 0.010679
13 0.010680
12 0.010681
12 0.010689
18 0.010719
12 0.010722
13 0.010727
12 0.010730
13 0.010731
11 0.010754
12 0.010782
16 0.010816
19 0.010827
12 0.010891
17 0.010896
13 0.010922
13 0.010929
13 0.010929
14 0.010967
8 0.011038
8 0.011055
13 0.011087
8 0.011111
17 0.011130
13 0.011133
13 0.011133
13 0.011141
13 0.011141
8 0.011144
18 0.011144
11 0.011234
11 0.011263
11 0.011276
8 0.011327
12 0.011340
17 0.011340
8 0.011360
12 0.011379
17 0.011378
8 0.011392
15 0.011393
8 0.011459
18 0.011488
10 0.011510
13 0.011533
17 0.011536
13 0.011536
13 0.011537
8 0.011542
8 0.011558
10 0.011559
10 0.011579
18 0.011636
18 0.011676
10 0.011688
18 0.011716
7 0.011720
17 0.011729
13 0.011738
13 0.011752
6 0.011776
13 0.011791
13 0.011808
10 0.011819
18 0.011829
13 0.011850
6 0.011877
18 0.011902
11 0.011929
11 0.011938
17 0.012030
18 0.012061
17 0.012087
13 0.012098
13 0.012102
13 0.012106
7 0.012189
7 0.012195
15 0.012200
7 0.012260
7 0.012303
7 0.012307
16 0.012378
7 0.012424
10 0.012440
19 0.012460
13 0.012503
13 0.012503
13 0.012512
16 0.012517
17 0.012529
9 0.012542
13 0.012588
7 0.012600
9 0.012615
19 0.012637
18 0.012641
13 0.012655
13 0.012658
9 0.012673
9 0.012676
9 0.012681
17 0.012684
9 0.012707
18 0.012708
7 0.012708
18 0.012727
6 0.012838
13 0.012894
13 0.012899
13 0.012899
16 0.012919
6 0.012958
19 0.012961
9 0.012966
18 0.012971
17 0.012993
9 0.013030
17 0.013094
9 0.013115
9 0.013122
16 0.013126
17 0.013169
17 0.013300
16 0.013334
16 0.013352
18 0.013378
9 0.013399
17 0.013406
18 0.013405
18 0.013424
9 0.013455
13 0.013539
18 0.013569
8 0.013575
18 0.013599
8 0.013607
18 0.013608
13 0.013620
19 0.013625
18 0.013630
17 0.013651
8 0.013687
8 0.013720
8 0.013732
8 0.013749
17 0.013762
9 0.013783
16 0.013817
18 0.013817
6 0.013823
19 0.013879
19 0.013884
8 0.013919
6 0.013952
19 0.013959
8 0.013973
9 0.013998
19 0.014028
16 0.014028
9 0.014031
8 0.014045
8 0.014066
8 0.014093
6 0.014124
18 0.014175
8 0.014186
8 0.014191
8 0.014222
19 0.014313
17 0.014321
18 0.014338
19 0.014381
18 0.014411
8 0.014465
13 0.014514
13 0.014522
13 0.014526
8 0.014551
8 0.014661
17 0.014672
8 0.014679
18 0.014691
8 0.014713
18 0.014730
18 0.014807
18 0.014811
7 0.014890
19 0.014941
18 0.014987
18 0.014984
17 0.015010
7 0.015062
20 0.015151
17 0.015168
17 0.015256
18 0.015292
8 0.015442
8 0.015455
13 0.015468
8 0.015468
13 0.015482
13 0.015492
8 0.015538
8 0.015538
8 0.015545
16 0.015606
7 0.015661
17 0.015707
19 0.015717
8 0.015753
13 0.015784
13 0.015789
13 0.015791
8 0.015804
17 0.015812
7 0.015847
18 0.015915
8 0.015924
17 0.015935
20 0.015936
17 0.015965
7 0.015985
18 0.015999
18 0.016042
7 0.016112
7 0.016184
18 0.016252
7 0.016314
7 0.016318
7 0.016430
7 0.016452
20 0.016479
17 0.016531
19 0.016619
17 0.016728
19 0.016734
13 0.016922
13 0.016982
18 0.017034
18 0.017068
18 0.017169
18 0.017406
18 0.017485
19 0.017590
18 0.017644
20 0.017669
7 0.017720
16 0.017819
19 0.017816
17 0.017836
13 0.017921
13 0.017921
13 0.017927
6 0.017933
18 0.017958
18 0.017996
19 0.018004
20 0.018079
13 0.018060
13 0.018068
20 0.018189
6 0.018205
7 0.018227
7 0.018243
19 0.018262
7 0.018300
7 0.018312
13 0.018316
17 0.018339
7 0.018346
13 0.018361
17 0.018405
19 0.018631
20 0.018709
19 0.018904
13 0.018978
13 0.019045
13 0.019052
18 0.019276
19 0.019397
20 0.019487
18 0.019476
17 0.019738
19 0.019825
13 0.019855
18 0.019906
13 0.019937
5 0.019980
5 0.019995
5 0.020005
5 0.020020
20 0.020101
5 0.020124
5 0.020149
5 0.020175
5 0.020319
5 0.020343
19 0.020398
17 0.020521
5 0.020703
5 0.020729
20 0.020776
5 0.020896
5 0.020923
13 0.021041
13 0.021053
13 0.021053
5 0.021057
18 0.021095
17 0.021269
5 0.021290
6 0.021304
5 0.021318
6 0.021331
6 0.021360
11 0.021377
6 0.021387
18 0.021440
6 0.021449
18 0.021463
18 0.021546
18 0.021601
13 0.021646
13 0.021668
18 0.021669
13 0.021673
13 0.021758
13 0.021758
6 0.021760
6 0.021809
13 0.021840
13 0.021840
13 0.021849
13 0.021853
6 0.021863
6 0.021899
13 0.022060
7 0.022197
18 0.022208
5 0.022253
5 0.022282
5 0.022284
13 0.022291
13 0.022296
13 0.022301
6 0.022405
6 0.022450
8 0.022483
5 0.022491
5 0.022515
7 0.022518
5 0.022523
5 0.022546
7 0.022579
6 0.022666
6 0.022717
5 0.022756
7 0.022789
5 0.022789
8 0.022808
9 0.022827
5 0.022830
8 0.022868
7 0.022939
6 0.022961
11 0.022965
13 0.022971
6 0.022985
8 0.023000
8 0.023011
6 0.023040
13 0.023064
13 0.023080
19 0.023081
8 0.023091
6 0.023084
8 0.023116
6 0.023164
6 0.023189
7 0.023199
10 0.023220
7 0.023348
17 0.023490
9 0.023571
8 0.023601
11 0.023688
9 0.023728
7 0.023750
9 0.023819
11 0.023890
11 0.023937
5 0.023941
5 0.023948
5 0.023977
8 0.024021
9 0.024030
11 0.024036
21 0.024042
12 0.024051
5 0.024057
11 0.024059
5 0.024072
5 0.024093
11 0.024119
7 0.024191
22 0.024234
9 0.024359
8 0.024370
9 0.024448
9 0.024489
10 0.024537
12 0.024686
9 0.024770
9 0.024792
9 0.024869
9 0.024891
13 0.024935
10 0.025052
13 0.025065
5 0.025166
9 0.025181
13 0.025184
13 0.025202
13 0.025204
10 0.025218
18 0.025230
5 0.025244
5 0.025284
9 0.025321
10 0.025321
9 0.025419
10 0.025522
12 0.025550
10 0.025552
10 0.025552
10 0.025829
17 0.025836
13 0.025887
13 0.025889
13 0.025907
13 0.025938
13 0.025977
13 0.026078
10 0.026202
11 0.026351
9 0.026358
11 0.026403
9 0.026511
11 0.026519
11 0.026532
9 0.026536
10 0.026570
11 0.026600
11 0.026621
11 0.026665
11 0.026676
9 0.026764
11 0.026766
9 0.026880
11 0.026971
11 0.026983
11 0.027025
9 0.027039
10 0.027122
11 0.027158
11 0.027179
11 0.027233
11 0.027257
11 0.027274
12 0.027322
11 0.027389
11 0.027435
11 0.027488
19 0.027507
11 0.027545
11 0.027586
9 0.027609
11 0.027654
11 0.027698
11 0.027778
11 0.027779
13 0.027819
13 0.027819
13 0.027840
11 0.027841
11 0.027882
11 0.027979
13 0.028002
13 0.028010
13 0.028025
11 0.028049
18 0.028087
12 0.028109
11 0.028148
20 0.028181
11 0.028168
12 0.028288
12 0.028330
12 0.028364
5 0.028408
5 0.028449
5 0.028458
19 0.028544
5 0.028598
12 0.028605
12 0.028629
5 0.028649
5 0.028684
6 0.028744
12 0.028866
12 0.028922
12 0.028945
12 0.028986
12 0.029022
12 0.029032
18 0.029045
12 0.029061
12 0.029160
11 0.029345
21 0.029374
11 0.029441
11 0.029525
12 0.029541
12 0.029584
11 0.029593
12 0.029628
11 0.029663
5 0.029672
12 0.029673
12 0.029722
5 0.029728
12 0.029773
12 0.029776
11 0.029790
11 0.029896
11 0.029957
19 0.030104
11 0.030118
10 0.030128
12 0.030145
12 0.030151
5 0.030160
12 0.030169
12 0.030168
12 0.030211
12 0.030208
11 0.030250
18 0.030395
14 0.030411
10 0.030497
11 0.030594
19 0.030680
11 0.030724
20 0.030826
10 0.030890
20 0.030998
11 0.031075
14 0.031168
20 0.031182
11 0.031226
5 0.031239
11 0.031279
13 0.031315
5 0.031338
10 0.031399
5 0.031399
6 0.031701
11 0.031807
11 0.031821
6 0.031827
6 0.031915
6 0.032014
11 0.032061
6 0.032091
12 0.032130
6 0.032143
6 0.032181
12 0.032251
13 0.032319
6 0.032321
11 0.032362
10 0.032381
14 0.032385
12 0.032402
6 0.032411
13 0.032425
6 0.032458
6 0.032570
11 0.032594
13 0.032648
6 0.032732
13 0.032755
14 0.032755
20 0.032798
20 0.032798
14 0.032834
12 0.032895
6 0.032981
6 0.033003
11 0.033031
12 0.033048
12 0.033078
11 0.033091
11 0.033238
14 0.033238
6 0.033288
6 0.033299
18 0.033471
12 0.033496
6 0.033583
14 0.033618
11 0.033658
14 0.033752
11 0.033779
6 0.033840
11 0.033869
11 0.033898
6 0.033919
14 0.033985
14 0.034039
6 0.034062
13 0.034079
6 0.034095
14 0.034095
14 0.034278
13 0.034297
11 0.034301
11 0.034294
13 0.034321
6 0.034365
14 0.034372
6 0.034540
11 0.034612
14 0.034616
6 0.034727
11 0.034778
6 0.034791
6 0.034803
6 0.035066
6 0.035078
11 0.035234
12 0.035508
11 0.035549
22 0.035559
11 0.035789
11 0.035814
11 0.035885
8 0.035923
6 0.036025
6 0.036074
11 0.036125
11 0.036236
6 0.036272
6 0.036315
6 0.036328
11 0.036409
9 0.036430
11 0.036464
11 0.036510
12 0.036513
6 0.036515
11 0.036533
10 0.036552
11 0.036603
11 0.036620
11 0.036641
11 0.036658
11 0.036712
6 0.036717
6 0.036740
11 0.036751
6 0.036754
6 0.036768
11 0.036782
11 0.036846
9 0.036906
11 0.036938
10 0.036962
6 0.037032
6 0.037093
9 0.037127
6 0.037152
12 0.037317
11 0.037450
6 0.037471
6 0.037474
6 0.037485
11 0.037539
11 0.037556
6 0.037808
4 0.037868
6 0.037869
6 0.037884
4 0.037893
4 0.037899
4 0.037909
4 0.037935
4 0.037937
4 0.037940
4 0.037951
4 0.037961
4 0.037968
14 0.037985
4 0.038010
4 0.038054
12 0.038078
11 0.038158
6 0.038205
6 0.038219
12 0.038246
20 0.038300
12 0.038353
9 0.038438
12 0.038548
11 0.038593
11 0.038607
11 0.038637
11 0.038672
9 0.038766
4 0.039136
4 0.039243
12 0.039253
4 0.039260
6 0.039299
4 0.039322
12 0.039329
10 0.039347
4 0.039379
4 0.039444
20 0.039604
12 0.039653
4 0.039699
4 0.039710
4 0.039712
12 0.039772
12 0.039772
8 0.039810
12 0.039850
12 0.039887
12 0.039970
9 0.039971
10 0.039971
10 0.040008
10 0.040040
13 0.040214
13 0.040225
13 0.040258
4 0.040289
12 0.040290
14 0.040324
10 0.040411
12 0.040479
9 0.040546
10 0.040830
10 0.040863
12 0.040865
9 0.040910
12 0.040964
12 0.041105
11 0.041288
6 0.041427
17 0.041580
6 0.041586
6 0.041642
6 0.041804
6 0.041945
6 0.042037
13 0.042080
6 0.042094
12 0.042102
13 0.042279
14 0.042396
13 0.042450
5 0.042478
11 0.042924
9 0.043266
9 0.043391
18 0.043360
14 0.043494
14 0.043491
9 0.043570
20 0.043592
14 0.043699
9 0.043700
14 0.043751
19 0.043804
6 0.043935
14 0.044289
13 0.044341
6 0.044360
6 0.044463
11 0.044602
11 0.044627
11 0.044788
11 0.044845
6 0.044913
8 0.044963
6 0.044980
11 0.045152
14 0.045188
6 0.045189
9 0.045213
10 0.045252
6 0.045266
11 0.045317
11 0.045419
11 0.045435
11 0.045555
11 0.045604
8 0.045613
7 0.045628
9 0.045701
6 0.045849
11 0.045918
8 0.045982
8 0.045980
10 0.046108
11 0.046115
10 0.046122
11 0.046195
8 0.046211
11 0.046283
6 0.046342
11 0.046445
13 0.046486
13 0.046510
13 0.046529
8 0.046549
22 0.046666
9 0.046714
10 0.047018
14 0.047194
10 0.047248
10 0.047267
7 0.047283
8 0.047285
17 0.047299
12 0.047678
5 0.048156
5 0.048301
5 0.048451
13 0.048504
9 0.048510
13 0.048567
6 0.048722
13 0.048740
6 0.048812
6 0.048846
12 0.048846
9 0.048873
6 0.048936
12 0.049008
5 0.049050
5 0.049175
6 0.049491
6 0.049514
6 0.049594
6 0.049618
6 0.049699
22 0.049732
12 0.049938
12 0.050023
11 0.050026
6 0.050065
12 0.050176
11 0.050260
5 0.050643
14 0.050863
6 0.050926
5 0.050970
11 0.051331
11 0.051580
22 0.051787
20 0.051921
12 0.052228
10 0.052744
16 0.052983
10 0.055833
6 0.056130
12 0.056226
6 0.057119
6 0.058121
6 0.059694
12 0.060920
3 0.061609
6 0.062763
6 0.063117
6 0.063209
6 0.063250
3 0.063394
3 0.063541
6 0.064013
5 0.064360
4 0.067547
4 0.067735
4 0.067874
4 0.067965
4 0.068063
4 0.068115
4 0.068246
4 0.068292
4 0.068437
4 0.068437
4 0.068444
20 0.068680
4 0.069153
4 0.069313
12 0.069608
4 0.069950
4 0.070204
4 0.071191
17 0.071296
14 0.072046
4 0.072292
4 0.072304
4 0.072354
4 0.072365
4 0.072407
4 0.072480
4 0.073434
4 0.073786
4 0.074517
4 0.074964
4 0.075011
4 0.075081
4 0.075191
4 0.075204
4 0.075257
4 0.077843
20 0.079554
18 0.081334
5 0.082086
5 0.082120
5 0.082218
5 0.082267
5 0.082293
5 0.082589
16 0.082618
16 0.082618
6 0.082646
17 0.082692
5 0.082879
5 0.082948
17 0.083633
17 0.083633
13 0.085114
16 0.085715
3 0.086427
13 0.087951
13 0.088402
4 0.088415
5 0.089712
18 0.092515
6 0.093656
3 0.094884
6 0.095175
6 0.095815
6 0.095872
5 0.096203
6 0.096434
6 0.097170
6 0.097677
5 0.097816
5 0.097955
6 0.098363
6 0.098442
6 0.098668
23 0.098736
5 0.099233
5 0.099652
17 0.099761
17 0.099761
4 0.099800
4 0.100125
6 0.100172
6 0.100436
4 0.100537
3 0.100646
6 0.100871
6 0.100976
6 0.101456
6 0.101620
6 0.101925
6 0.102466
6 0.102722
6 0.102904
4 0.103308
4 0.103656
4 0.103721
6 0.103895
4 0.103954
4 0.104073
4 0.104098
4 0.104307
4 0.104518
5 0.104570
6 0.105260
6 0.105743
20 0.106383
4 0.107106
18 0.107860
18 0.107852
6 0.108392
6 0.108575
4 0.108638
5 0.109201
4 0.109638
5 0.109822
6 0.110431
17 0.110509
17 0.110509
4 0.111072
4 0.111220
4 0.111243
4 0.112056
4 0.112783
4 0.113125
5 0.114274
5 0.114340
4 0.114840
4 0.114993
3 0.114994
4 0.115284
3 0.115718
5 0.115758
5 0.115952
3 0.116077
4 0.116498
4 0.117024
4 0.117320
6 0.118413
6 0.118815
5 0.118816
4 0.119446
6 0.119495
4 0.119676
4 0.119991
4 0.120063
4 0.120232
4 0.120545
4 0.120549
4 0.120864
4 0.122235
6 0.122517
4 0.122653
4 0.124225
4 0.124372
4 0.124429
4 0.124707
4 0.125092
3 0.125211
3 0.125401
5 0.126028
4 0.127115
4 0.127297
4 0.127353
4 0.127540
4 0.128171
3 0.128787
3 0.128942
3 0.129077
6 0.129349
4 0.130417
4 0.130542
4 0.130806
4 0.130950
4 0.131272
3 0.131327
3 0.131335
4 0.131756
4 0.132171
4 0.132191
21 0.132363
4 0.132667
4 0.132680
4 0.132928
4 0.132996
4 0.133035
4 0.133166
3 0.133199
4 0.133245
6 0.133404
4 0.133449
3 0.133512
4 0.133934
4 0.134450
4 0.134703
4 0.135513
4 0.135653
6 0.136192
6 0.138010
16 0.138692
4 0.139110
4 0.139500
4 0.140042
4 0.140361
6 0.140438
17 0.140528
6 0.140838
4 0.140864
4 0.141002
6 0.141006
4 0.141268
4 0.141441
4 0.141485
6 0.141642
4 0.141854
4 0.141893
4 0.141958
6 0.142310
4 0.142343
4 0.142372
4 0.142420
4 0.142491
6 0.142553
6 0.142633
4 0.142665
4 0.142912
6 0.143259
6 0.143319
4 0.143328
4 0.143409
4 0.143485
4 0.143984
4 0.144712
4 0.144968
4 0.145104
4 0.145150
6 0.145151
4 0.145400
19 0.145751
19 0.145780
6 0.146099
6 0.146646
18 0.146649
5 0.149011
5 0.149960
6 0.151266
6 0.151502
6 0.151611
6 0.151793
4 0.152015
4 0.152250
4 0.152576
4 0.152723
4 0.152774
6 0.153637
10 0.157304
6 0.158494
6 0.159051
4 0.160192
4 0.161188
17 0.162417
17 0.162417
6 0.162979
9 0.163335
3 0.164303
8 0.164905
3 0.165014
3 0.166803
3 0.167066
3 0.167919
5 0.168020
9 0.169411
3 0.169478
22 0.169500
10 0.171438
5 0.171673
15 0.172040
5 0.172071
15 0.172138
3 0.172198
3 0.172463
5 0.172500
4 0.173194
5 0.173618
3 0.175168
22 0.175400
3 0.175773
3 0.176007
3 0.177343
3 0.177802
3 0.177972
3 0.178444
3 0.178826
5 0.179299
3 0.179382
3 0.179460
3 0.179677
5 0.179765
3 0.179815
3 0.180255
3 0.180413
4 0.180619
4 0.180988
4 0.181058
5 0.181142
3 0.181219
4 0.181307
4 0.181769
4 0.182582
8 0.183040
3 0.183115
3 0.183164
3 0.184507
3 0.185069
3 0.185201
4 0.185357
3 0.185442
3 0.185506
3 0.185664
4 0.186158
3 0.186451
3 0.187868
3 0.188041
3 0.189501
3 0.189981
3 0.190223
20 0.190840
5 0.191006
5 0.191768
5 0.192191
5 0.192913
3 0.193400
4 0.193908
4 0.194679
4 0.195142
5 0.196215
4 0.196310
4 0.196622
4 0.197149
4 0.198241
4 0.199071
4 0.199771
4 0.199931
16 0.200120
4 0.200311
4 0.201182
4 0.201487
4 0.202780
4 0.204311
16 0.204320
16 0.204350
4 0.206079
4 0.206421
4 0.207998
4 0.208510
4 0.208672
4 0.208940
1 0.209311
4 0.210639
4 0.210721
4 0.212071
4 0.213060
4 0.213700
4 0.213841
4 0.214189
4 0.214750
4 0.215051
4 0.215090
4 0.215090
4 0.215178
4 0.215601
4 0.215972
4 0.216090
4 0.216319
4 0.216789
4 0.217103
4 0.217459
4 0.218709
4 0.218827
4 0.219609
3 0.223360
3 0.224223
4 0.226900
3 0.229357
4 0.231392
3 0.231489
3 0.231877
5 0.231966
3 0.231971
4 0.232269
4 0.232299
3 0.232455
3 0.232582
4 0.232700
5 0.232746
3 0.233114
3 0.233247
3 0.233492
3 0.233785
4 0.233872
4 0.234028
4 0.234088
4 0.234141
3 0.234384
3 0.234704
3 0.234785
3 0.234896
4 0.235263
4 0.235438
4 0.235504
4 0.235709
4 0.235732
3 0.235945
4 0.236522
3 0.236702
5 0.237099
3 0.237178
3 0.237379
5 0.237419
4 0.237901
4 0.238242
3 0.238319
2 0.238473
1 0.238501
4 0.238543
1 0.238769
4 0.238840
1 0.238965
1 0.239160
1 0.239199
1 0.239363
3 0.239431
4 0.239619
1 0.239851
1 0.239900
3 0.240042
1 0.240069
4 0.240359
3 0.240491
1 0.240748
3 0.240790
1 0.240863
4 0.241399
4 0.241423
3 0.241464
1 0.241606
4 0.241729
1 0.241748
1 0.242086
1 0.242180
4 0.242208
1 0.242272
1 0.242902
4 0.243261
4 0.243323
4 0.243428
1 0.243626
4 0.244678
4 0.244752
4 0.245017
4 0.245048
4 0.245109
4 0.245161
4 0.246457
4 0.246548
4 0.246807
4 0.247888
4 0.248149
4 0.249510
4 0.249780
1 0.250236
1 0.250766
4 0.250771
1 0.250854
4 0.251038
4 0.251212
1 0.251241
1 0.251271
4 0.251300
3 0.251690
1 0.251790
1 0.252038
4 0.252058
3 0.252192
3 0.252231
1 0.252698
2 0.252867
2 0.252923
2 0.252960
1 0.253094
4 0.253129
4 0.253372
4 0.254700
3 0.254898
2 0.255005
4 0.255172
1 0.255342
2 0.255481
3 0.255499
4 0.255769
4 0.255868
1 0.256290
3 0.256409
1 0.256559
4 0.257059
4 0.257150
1 0.257479
5 0.257790
4 0.258541
4 0.258802
2 0.258988
4 0.259351
3 0.259383
3 0.259588
4 0.259667
4 0.259752
4 0.259908
4 0.260078
4 0.260400
5 0.260632
4 0.260841
5 0.261087
4 0.261110
4 0.261492
4 0.262110
5 0.262125
4 0.262428
4 0.262500
4 0.262889
2 0.263145
18 0.263440
4 0.263719
4 0.263771
2 0.264161
2 0.264300
4 0.264572
1 0.264605
4 0.264631
4 0.265140
1 0.265269
4 0.265620
1 0.265701
4 0.265768
1 0.266221
4 0.266861
4 0.267029
2 0.267280
2 0.267860
2 0.267937
2 0.268012
2 0.268367
2 0.268389
2 0.268649
2 0.268876
2 0.268952
2 0.269068
2 0.269105
2 0.269159
2 0.269554
1 0.269779
1 0.269854
2 0.270174
2 0.270233
2 0.270299
4 0.270477
4 0.270472
2 0.270602
2 0.270697
2 0.270750
2 0.270866
2 0.271254
2 0.271385
2 0.271501
2 0.271648
2 0.271656
4 0.271740
20 0.271740
4 0.271951
1 0.272337
2 0.272403
4 0.272859
2 0.272945
1 0.273216
2 0.273373
2 0.273472
2 0.273506
2 0.274052
4 0.274138
5 0.274148
4 0.274179
2 0.274239
4 0.274437
4 0.275232
9 0.275340
9 0.275340
2 0.275421
2 0.276152
4 0.276469
4 0.276502
2 0.276649
5 0.277582
2 0.277855
5 0.278096
2 0.278501
2 0.278874
2 0.280430
4 0.282493
2 0.282664
4 0.283491
10 0.283750
2 0.284463
1 0.284741
2 0.284841
4 0.285100
1 0.285371
2 0.285518
1 0.285606
1 0.286081
2 0.286315
1 0.286520
1 0.286743
1 0.286894
2 0.286895
2 0.286997
2 0.287079
1 0.287139
2 0.287652
2 0.287853
2 0.287999
2 0.288087
9 0.288110
9 0.288110
2 0.288334
2 0.288563
2 0.288910
2 0.289047
2 0.289249
2 0.289328
2 0.289350
2 0.289416
2 0.289705
4 0.290041
1 0.290045
2 0.290392
1 0.290698
2 0.290730
2 0.290832
2 0.290967
2 0.291086
2 0.291123
2 0.291191
2 0.291331
1 0.291578
2 0.291673
2 0.291821
2 0.292084
2 0.292121
2 0.292123
1 0.292448
2 0.292487
2 0.292550
5 0.292805
2 0.293166
5 0.293205
2 0.293525
1 0.293673
2 0.294223
2 0.294235
1 0.294319
1 0.294406
2 0.294543
1 0.294739
2 0.294893
1 0.295049
5 0.295102
2 0.295121
2 0.295293
1 0.295519
2 0.295644
2 0.295838
1 0.296364
2 0.296925
2 0.297313
2 0.297484
2 0.297707
2 0.297739
1 0.297841
8 0.297900
2 0.298605
5 0.299333
10 0.299830
10 0.299830
2 0.300207
22 0.300300
5 0.300505
10 0.300620
10 0.300620
10 0.301540
10 0.301540
2 0.301570
2 0.301766
2 0.302110
10 0.302350
2 0.303433
2 0.303470
10 0.303470
4 0.303517
10 0.304290
1 0.304401
1 0.304444
1 0.304583
2 0.304911
1 0.305128
1 0.305177
1 0.305310
4 0.305322
2 0.305428
1 0.305454
4 0.305673
1 0.305722
4 0.306102
1 0.306135
1 0.306181
2 0.306414
1 0.306461
1 0.306727
1 0.306741
2 0.306801
4 0.306872
1 0.307054
1 0.307471
1 0.307616
1 0.307683
4 0.307838
1 0.308104
1 0.308122
1 0.308301
1 0.308444
4 0.308523
1 0.308796
1 0.308901
1 0.309002
1 0.309233
1 0.309244
5 0.309354
2 0.309401
1 0.309414
1 0.309469
2 0.309510
1 0.309559
4 0.309711
2 0.310184
10 0.310240
10 0.310240
2 0.310320
4 0.311131
2 0.311161
1 0.311382
4 0.311391
2 0.311447
2 0.311928
10 0.312080
2 0.312204
4 0.312215
2 0.312381
2 0.312619
2 0.312713
2 0.313118
2 0.313424
2 0.313584
4 0.313610
2 0.313743
2 0.314065
5 0.314089
2 0.314339
2 0.314625
2 0.315223
20 0.315460
4 0.317432
1 0.318433
1 0.318490
1 0.318493
1 0.318631
2 0.318863
2 0.318943
2 0.319160
1 0.319893
1 0.320331
1 0.320511
1 0.320651
1 0.320834
1 0.321336
1 0.321630
2 0.321804
1 0.321809
1 0.321979
1 0.322704
4 0.322842
4 0.323088
1 0.323158
1 0.323412
4 0.323519
2 0.323880
23 0.324200
4 0.324240
1 0.325050
2 0.325171
2 0.325280
2 0.325571
1 0.325572
1 0.326418
2 0.326864
4 0.326901
2 0.327206
1 0.327258
1 0.327395
4 0.327589
2 0.327706
1 0.327888
2 0.328079
1 0.328426
1 0.328530
4 0.328550
1 0.329263
4 0.329520
4 0.329648
1 0.329909
4 0.329931
1 0.330003
4 0.330468
18 0.330800
18 0.330800
1 0.330920
1 0.331013
4 0.331511
5 0.331743
4 0.331972
4 0.332949
1 0.333081
4 0.333492
4 0.333573
23 0.333600
2 0.333879
1 0.335731
5 0.336450
1 0.336652
5 0.337206
1 0.337702
1 0.337836
1 0.337859
4 0.338630
1 0.339855
1 0.340137
1 0.340354
1 0.340613
1 0.340782
1 0.341804
4 0.342197
1 0.342605
4 0.343450
17 0.343880
17 0.343880
4 0.344783
4 0.344940
4 0.345371
4 0.345631
4 0.346040
2 0.346256
4 0.347299
4 0.347448
2 0.348692
4 0.348862
4 0.349050
4 0.349191
2 0.349416
4 0.349741
2 0.350082
4 0.350159
4 0.350510
2 0.350544
4 0.350670
4 0.351523
2 0.351701
2 0.351831
2 0.352102
2 0.352572
4 0.352690
10 0.352990
10 0.352990
1 0.353075
2 0.353177
2 0.353250
1 0.353469
1 0.353476
2 0.353924
1 0.354451
2 0.354621
1 0.354634
4 0.354699
4 0.355172
1 0.355429
1 0.355615
2 0.355782
2 0.356160
2 0.356472
2 0.356719
1 0.356720
1 0.358474
2 0.359078
2 0.359305
1 0.359356
2 0.359436
1 0.360772
5 0.361029
5 0.361605
5 0.361899
2 0.361996
1 0.364006
5 0.364392
1 0.364575
5 0.364976
1 0.366463
1 0.366878
2 0.367046
1 0.367225
1 0.367346
1 0.367445
1 0.367675
1 0.367774
3 0.368091
1 0.368116
4 0.368209
1 0.368417
1 0.368731
1 0.368852
1 0.368912
1 0.369133
4 0.369229
1 0.369327
8 0.369390
8 0.369390
1 0.369639
1 0.369692
1 0.370463
1 0.370575
1 0.370609
3 0.370640
1 0.370708
1 0.370977
1 0.371501
2 0.371654
1 0.372241
2 0.372841
2 0.373382
1 0.373549
2 0.374686
5 0.374747
2 0.375194
9 0.377130
9 0.377130
2 0.377204
1 0.377823
1 0.377975
1 0.378071
1 0.378575
1 0.378823
1 0.379140
1 0.379154
1 0.379240
1 0.379469
1 0.379604
1 0.379609
1 0.380099
1 0.380455
1 0.380486
1 0.380498
1 0.380788
1 0.380858
1 0.380960
1 0.381068
1 0.381457
2 0.381647
1 0.381659
1 0.381892
1 0.381932
1 0.382104
1 0.382257
1 0.382309
1 0.382397
1 0.382429
1 0.382506
1 0.382785
1 0.382965
4 0.383482
1 0.383531
1 0.383665
1 0.383714
1 0.384009
1 0.384047
1 0.384122
1 0.384153
1 0.384184
1 0.384298
1 0.384553
1 0.384842
1 0.385041
2 0.385151
1 0.385646
1 0.385693
1 0.386043
1 0.386331
1 0.386496
1 0.386534
1 0.386596
2 0.386783
1 0.386870
1 0.387218
1 0.387618
1 0.387700
1 0.387719
2 0.387981
1 0.388769
1 0.389128
1 0.389396
1 0.389725
1 0.389912
2 0.390023
1 0.390128
1 0.390226
1 0.390336
2 0.390437
1 0.390786
1 0.391098
1 0.391190
1 0.391332
1 0.391399
2 0.391544
2 0.391752
1 0.392160
1 0.392301
1 0.392354
1 0.392577
1 0.392635
2 0.392761
1 0.392904
2 0.393084
1 0.393113
1 0.393245
1 0.393512
1 0.393625
1 0.393739
1 0.394310
1 0.394478
1 0.395135
2 0.395309
5 0.396773
2 0.397476
2 0.397886
5 0.399059
1 0.399170
1 0.399393
2 0.399825
1 0.399986
2 0.400684
9 0.401520
9 0.401520
2 0.402453
1 0.403103
22 0.403200
1 0.403297
1 0.403399
2 0.403677
2 0.403792
1 0.404378
1 0.404976
1 0.405210
1 0.405249
1 0.405360
2 0.405742
1 0.405822
1 0.405897
1 0.406508
1 0.406913
1 0.407191
1 0.407269
1 0.409173
1 0.409356
1 0.409384
1 0.409465
1 0.409664
1 0.410095
1 0.410331
1 0.410556
1 0.410593
1 0.410632
1 0.410938
1 0.411094
9 0.411190
9 0.411190
1 0.411294
1 0.411349
1 0.411467
1 0.411634
1 0.411763
1 0.411772
1 0.411786
1 0.411934
1 0.411979
1 0.412061
1 0.412169
1 0.412435
1 0.412470
1 0.412523
1 0.412924
1 0.413002
22 0.413200
1 0.413233
1 0.413317
1 0.413565
1 0.413754
4 0.413790
1 0.414298
1 0.414378
1 0.415002
1 0.415449
1 0.416086
1 0.416157
1 0.417519
1 0.417796
2 0.417958
1 0.418059
1 0.418376
1 0.419102
1 0.419272
1 0.419979
1 0.420136
5 0.420150
1 0.420208
2 0.420354
2 0.420540
1 0.420568
1 0.421104
1 0.421989
1 0.422068
2 0.422126
2 0.422571
1 0.422781
1 0.423365
1 0.423414
1 0.423519
1 0.423571
1 0.423695
1 0.423780
1 0.425857
1 0.426051
1 0.426336
1 0.426984
1 0.427275
1 0.427816
1 0.428526
1 0.429303
5 0.429494
1 0.429731
1 0.429889
1 0.429924
1 0.430742
1 0.430839
1 0.431101
10 0.433120
10 0.433120
1 0.433124
1 0.433404
1 0.434223
1 0.434405
1 0.435203
1 0.435409
1 0.435620
1 0.435716
1 0.436474
1 0.436927
1 0.437446
5 0.437560
1 0.437653
5 0.437700
1 0.438047
1 0.438178
1 0.438219
1 0.438541
1 0.438595
1 0.438844
1 0.439120
1 0.439330
1 0.439506
1 0.439646
1 0.440181
9 0.440350
22 0.440500
2 0.440590
1 0.440625
1 0.440731
1 0.440788
1 0.440888
1 0.440944
1 0.440975
1 0.441338
1 0.441771
1 0.442118
1 0.442280
1 0.442445
2 0.442587
1 0.442724
1 0.442855
1 0.442975
1 0.443104
1 0.443738
1 0.443909
1 0.444292
1 0.444546
1 0.445082
4 0.445200
1 0.445326
1 0.445872
1 0.445901
1 0.446101
1 0.446154
1 0.446362
1 0.446926
1 0.447001
1 0.447096
1 0.447530
1 0.447597
4 0.448043
5 0.448605
5 0.448610
1 0.449015
1 0.449207
1 0.449243
1 0.449732
1 0.449810
1 0.450322
4 0.450642
4 0.450992
5 0.451185
5 0.451175
1 0.451544
5 0.451710
5 0.451720
4 0.451982
1 0.452548
1 0.452643
1 0.453085
1 0.453893
1 0.454127
1 0.454666
1 0.455093
1 0.456199
4 0.456690
1 0.457306
1 0.457845
1 0.458001
1 0.458047
1 0.458168
1 0.458765
1 0.459251
1 0.459541
1 0.460744
4 0.460942
1 0.461094
1 0.461303
4 0.461788
1 0.462107
1 0.462571
1 0.462779
1 0.463648
1 0.464137
1 0.464204
4 0.464529
1 0.464728
1 0.464770
1 0.465019
1 0.466745
1 0.467061
1 0.467180
1 0.468576
1 0.468823
22 0.469500
1 0.470748
1 0.470789
1 0.471188
1 0.471544
3 0.471621
22 0.471700
1 0.471721
1 0.471901
1 0.472283
1 0.472418
1 0.473085
1 0.473170
1 0.474396
8 0.474740
8 0.474740
1 0.474795
1 0.474984
1 0.475231
1 0.475290
1 0.475526
1 0.475881
1 0.476796
5 0.477040
1 0.477769
1 0.477786
5 0.478212
1 0.478581
1 0.478785
1 0.479826
1 0.480111
4 0.480289
1 0.480887
1 0.482880
4 0.483037
1 0.483299
1 0.483378
1 0.483437
4 0.484260
4 0.484658
1 0.485016
1 0.485284
4 0.485640
1 0.486397
1 0.486610
1 0.486619
1 0.487262
1 0.487685
1 0.488192
1 0.488292
5 0.488662
5 0.488670
5 0.488670
4 0.488771
1 0.488817
4 0.489289
1 0.489297
1 0.489558
4 0.490092
1 0.490199
1 0.490567
1 0.490576
4 0.490768
4 0.491448
4 0.491830
1 0.492703
5 0.493191
5 0.493191
5 0.493191
1 0.493341
4 0.495580
1 0.496751
4 0.497177
4 0.497331
5 0.497842
5 0.497842
5 0.497847
4 0.498702
1 0.500373
1 0.501602
4 0.503688
1 0.505304
1 0.506553
4 0.507630
5 0.508081
5 0.507920
5 0.507920
1 0.510656
20 0.512820
1 0.512996
8 0.513020
4 0.513221
1 0.513985
1 0.514096
4 0.514797
1 0.515015
1 0.516079
1 0.517138
17 0.517330
17 0.517330
4 0.517740
1 0.517821
1 0.519346
1 0.519443
1 0.519507
1 0.519628
1 0.519680
1 0.520806
1 0.521804
4 0.522439
1 0.522722
4 0.522933
1 0.523521
1 0.523553
1 0.524166
1 0.524233
1 0.526244
4 0.526366
4 0.526851
5 0.529558
4 0.531227
4 0.535375
4 0.535459
1 0.535490
5 0.535756
5 0.536824
1 0.537411
1 0.538493
1 0.538664
4 0.538870
1 0.538980
1 0.539937
1 0.540041
1 0.540343
1 0.541676
1 0.541960
1 0.542559
1 0.543569
4 0.543738
1 0.543917
5 0.544422
1 0.545964
1 0.548874
1 0.548944
1 0.549147
4 0.549820
1 0.550640
1 0.550928
4 0.551071
1 0.551271
1 0.551687
4 0.552218
1 0.552915
4 0.553532
1 0.553688
1 0.554640
1 0.554746
1 0.554861
1 0.555900
1 0.556030
1 0.556211
1 0.556320
1 0.556749
1 0.558605
1 0.558755
1 0.559002
1 0.559126
1 0.559397
1 0.559452
1 0.559938
1 0.560294
1 0.560649
4 0.561028
1 0.562576
1 0.562616
1 0.562644
1 0.562757
1 0.562919
1 0.563402
1 0.563546
1 0.563707
1 0.564768
1 0.565901
4 0.566370
4 0.566370
1 0.566993
1 0.567242
1 0.568480
1 0.570010
1 0.570515
1 0.570856
1 0.571053
4 0.571184
1 0.571780
1 0.572723
1 0.572863
1 0.572924
1 0.573283
1 0.573560
1 0.573865
1 0.574504
1 0.574929
1 0.575047
1 0.575434
1 0.576301
1 0.577402
1 0.577826
1 0.578421
1 0.578510
1 0.578598
1 0.578776
1 0.579017
1 0.580875
1 0.581867
1 0.581914
1 0.583234
1 0.584792
1 0.585194
22 0.588300
1 0.592619
4 0.594189
1 0.598058
1 0.598243
1 0.598629
1 0.600397
1 0.600428
1 0.601033
1 0.601779
1 0.601959
5 0.602240
1 0.602708
1 0.604139
1 0.605032
1 0.605982
1 0.606507
5 0.606830
1 0.606894
1 0.608312
1 0.608920
1 0.609190
1 0.609223
1 0.609916
1 0.610867
1 0.611335
1 0.612121
1 0.613003
1 0.613676
1 0.613707
5 0.613760
1 0.615185
1 0.617208
1 0.618062
5 0.619061
1 0.619107
1 0.620091
1 0.621559
1 0.621808
1 0.622003
1 0.622624
1 0.623249
1 0.623490
1 0.624187
1 0.624455
1 0.624483
1 0.625355
1 0.625862
1 0.626030
1 0.626295
1 0.626804
1 0.627055
1 0.627639
1 0.628407
1 0.628690
22 0.629000
1 0.629457
1 0.629823
1 0.631325
1 0.632641
1 0.632859
1 0.634084
1 0.635124
1 0.635734
1 0.635906
1 0.636058
1 0.636303
1 0.638112
1 0.639505
1 0.643225
1 0.643341
1 0.643496
1 0.643694
1 0.645412
5 0.646451
1 0.647149
5 0.648010
1 0.648984
1 0.650596
1 0.653322
5 0.654322
1 0.654531
1 0.655982
1 0.656769
3 0.659902
1 0.660779
1 0.660964
1 0.662537
1 0.662668
5 0.663061
1 0.663510
5 0.663700
1 0.664562
1 0.669551
1 0.670992
1 0.675487
1 0.676199
1 0.676838
1 0.678686
1 0.678819
1 0.681428
1 0.683182
1 0.683434
1 0.684147
1 0.684378
1 0.687278
1 0.687346
1 0.689590
1 0.697642
1 0.702801
1 0.706564
1 0.709404
1 0.710454
1 0.715012
1 0.715333
1 0.718406
1 0.726629
1 0.732346
1 0.734094
1 0.735857
1 0.736069
1 0.736342
1 0.736452
1 0.736519
1 0.738798
4 0.743030
4 0.743030
1 0.748796
1 0.749014
4 0.755330
4 0.755330
1 0.758084
1 0.759333
5 0.759760
5 0.759760
5 0.759760
1 0.759901
1 0.760037
4 0.761450
4 0.761450
4 0.762030
1 0.762691
1 0.770349
1 0.770693
4 0.774360
22 0.781200
4 0.785940
22 0.793600
1 0.793903
1 0.794010
1 0.802958
1 0.803034
1 0.809571
1 0.810467
1 0.811082
1 0.811130
1 0.811903
22 0.813000
1 0.813903
1 0.814682
1 0.815679
1 0.816330
1 0.817360
1 0.818246
1 0.818897
1 0.818958
1 0.820110
1 0.820533
1 0.824386
1 0.825578
1 0.825815
1 0.828267
1 0.828465
1 0.832671
1 0.833352
1 0.834432
1 0.840512
5 0.845984
1 0.850186
1 0.853683
1 0.892229
1 0.893538
1 0.897411
1 0.902521
1 0.904006
1 0.904917
1 0.908771
1 0.911621
4 0.912470
4 0.912470
1 0.915907
1 0.920544
4 0.940390
4 0.940390
1 0.969428
4 0.978040
11 1.031400
11 1.031400
10 1.061500
11 1.149400
7 1.304200
7 1.304200
8 1.319330
1 1.329491
4 1.345550
1 1.347119
1 1.379151
1 1.404469
1 1.425704
1 1.442699
1 1.641074
8 1.664500
8 1.664500
11 1.851800
11 1.851800
10 1.908000
10 1.908000
10 2.392300
11 3.030300
11 3.030300
4 4.001600
4 4.386200
9 4.553700
9 4.553700
9 6.207000
9 6.207000
8 6.362100
10 8.928000
16 9.680000
10 9.689000
10 9.689000
4 24.431999
4 30.731001
4 45.640999
4 85.910004
10 113.599998
End Spectral Lines:
