Symbol: Rb
Atomic Number: 37
Atomic Mass: 85.467800
Start Spectral Index: 37
1 213
2 699
3 232
4 573
5 34
6 34
7 26
8 34
9 40
10 64
11 44
12 130
13 109
19 7
20 2
21 6
22 9
23 16
24 13
25 11
26 106
27 9
28 11
29 16
30 7
31 49
33 49
34 14
35 4
36 7
37 110
End Spectral Index:
Order of Magnitude: 0.000001
Start Spectral Lines:
37 0.000067
37 0.000067
37 0.000068
37 0.000068
37 0.000070
37 0.000070
37 0.000073
37 0.000074
37 0.000087
37 0.000087
36 0.000089
36 0.000090
37 0.000283
37 0.000283
37 0.000289
37 0.000292
37 0.000292
37 0.000298
37 0.000309
37 0.000309
37 0.000309
37 0.000309
37 0.000315
37 0.000316
37 0.000316
37 0.000345
37 0.000345
37 0.000346
37 0.000346
37 0.000353
37 0.000354
37 0.000355
37 0.000462
37 0.000462
37 0.000466
37 0.000467
37 0.000476
37 0.000478
37 0.000482
28 0.000494
28 0.000505
28 0.000506
28 0.000518
35 0.000523
35 0.000539
28 0.000594
28 0.000599
29 0.000594
29 0.000604
29 0.000606
29 0.000606
29 0.000606
29 0.000611
29 0.000612
29 0.000622
29 0.000624
29 0.000623
29 0.000625
28 0.000628
28 0.000645
29 0.000650
28 0.000651
29 0.000674
28 0.000679
28 0.000702
37 0.000719
37 0.000719
37 0.000730
37 0.000730
37 0.000782
37 0.000782
37 0.000795
37 0.000795
37 0.000912
37 0.000912
37 0.000916
37 0.000916
37 0.000929
37 0.000929
37 0.000930
37 0.000930
37 0.000934
37 0.000934
37 0.000934
37 0.000935
37 0.000936
37 0.001322
37 0.001323
37 0.001338
37 0.001339
37 0.001355
37 0.001355
37 0.001360
37 0.001360
37 0.001365
37 0.001368
37 0.001373
37 0.001377
37 0.001377
37 0.001553
37 0.001554
37 0.001575
37 0.001575
37 0.001881
37 0.001882
37 0.001914
37 0.001914
27 0.002300
27 0.002364
27 0.002379
27 0.002390
37 0.002863
37 0.002865
37 0.002900
37 0.002903
37 0.002926
37 0.002926
37 0.002938
37 0.002939
37 0.002944
37 0.002944
37 0.002951
37 0.002951
37 0.002953
37 0.002957
37 0.002963
37 0.002964
37 0.002964
37 0.002978
37 0.002978
37 0.003343
37 0.003345
31 0.003370
37 0.003395
37 0.003396
33 0.003522
31 0.003953
31 0.004012
33 0.004039
31 0.004120
31 0.004130
33 0.004151
31 0.004169
33 0.004303
31 0.004376
31 0.004475
33 0.004529
33 0.004564
31 0.004567
31 0.004753
33 0.004780
31 0.004788
31 0.004867
33 0.004888
33 0.004919
29 0.004973
30 0.005052
33 0.005098
31 0.005100
34 0.005105
30 0.005120
31 0.005139
31 0.005242
31 0.005260
37 0.005354
37 0.005359
31 0.005391
33 0.005445
37 0.005489
37 0.005490
30 0.005512
31 0.005524
31 0.005565
31 0.005574
30 0.005630
31 0.005645
31 0.005665
33 0.005710
33 0.005784
31 0.005827
31 0.005883
31 0.005924
33 0.005937
31 0.006002
33 0.006014
33 0.006049
33 0.006111
33 0.006233
33 0.006239
33 0.006342
31 0.006375
31 0.006422
33 0.006524
33 0.006530
29 0.006638
31 0.006742
34 0.006766
34 0.006774
31 0.006955
31 0.007034
34 0.007059
34 0.007071
33 0.007175
34 0.007206
31 0.007246
33 0.007274
12 0.007275
12 0.007332
12 0.007340
12 0.007352
33 0.007363
12 0.007430
12 0.007451
12 0.007474
12 0.007483
12 0.007486
12 0.007491
12 0.007498
31 0.007499
12 0.007500
12 0.007504
12 0.007508
12 0.007508
12 0.007511
12 0.007517
12 0.007521
12 0.007525
12 0.007531
31 0.007534
12 0.007540
34 0.007543
12 0.007544
12 0.007549
12 0.007553
12 0.007477
12 0.007553
12 0.007554
12 0.007556
12 0.007565
12 0.007565
12 0.007567
12 0.007575
12 0.007579
12 0.007579
12 0.007589
12 0.007592
12 0.007594
12 0.007602
12 0.007609
12 0.007610
12 0.007613
12 0.007613
12 0.007613
12 0.007617
12 0.007620
12 0.007621
12 0.007622
12 0.007628
12 0.007634
12 0.007640
12 0.007644
12 0.007649
12 0.007652
12 0.007654
12 0.007660
12 0.007662
12 0.007662
12 0.007680
12 0.007680
33 0.007694
12 0.007694
12 0.007699
12 0.007704
12 0.007707
12 0.007718
12 0.007729
12 0.007731
12 0.007743
12 0.007746
12 0.007749
12 0.007754
12 0.007754
12 0.007756
12 0.007761
12 0.007764
12 0.007772
12 0.007773
31 0.007777
33 0.007777
12 0.007782
12 0.007794
12 0.007800
12 0.007802
12 0.007808
12 0.007809
12 0.007820
12 0.007830
12 0.007834
12 0.007838
31 0.007848
12 0.007857
12 0.007859
11 0.007909
12 0.007915
33 0.007937
12 0.007952
11 0.007988
12 0.007993
11 0.008079
31 0.008162
31 0.008207
33 0.008234
11 0.008321
11 0.008413
11 0.008426
11 0.008438
35 0.008451
11 0.008477
31 0.008475
11 0.008486
11 0.008489
13 0.008492
12 0.008492
11 0.008494
11 0.008499
36 0.008500
11 0.008502
11 0.008503
11 0.008524
11 0.008530
11 0.008521
11 0.008545
11 0.008562
11 0.008566
13 0.008579
13 0.008609
11 0.008621
11 0.008636
11 0.008643
11 0.008647
11 0.008649
11 0.008657
11 0.008669
11 0.008683
13 0.008699
11 0.008700
11 0.008705
19 0.008708
13 0.008710
33 0.008715
11 0.008720
11 0.008741
11 0.008743
21 0.008746
13 0.008754
13 0.008756
12 0.008759
11 0.008768
13 0.008771
11 0.008779
13 0.008779
13 0.008788
19 0.008800
11 0.008815
13 0.008819
11 0.008836
12 0.008843
19 0.008849
13 0.008850
11 0.008865
19 0.008867
11 0.008889
37 0.008898
13 0.008905
37 0.008906
31 0.008910
13 0.008916
19 0.008918
11 0.008926
11 0.008934
13 0.008947
13 0.008982
33 0.008994
13 0.009017
13 0.009033
12 0.009039
12 0.009077
13 0.009118
34 0.009120
13 0.009130
13 0.009153
13 0.009170
33 0.009175
31 0.009182
11 0.009182
13 0.009191
13 0.009192
20 0.009193
13 0.009215
13 0.009229
12 0.009231
13 0.009234
31 0.009235
13 0.009238
13 0.009252
12 0.009275
13 0.009289
13 0.009300
13 0.009307
12 0.009315
12 0.009339
12 0.009340
13 0.009348
12 0.009352
13 0.009356
13 0.009370
12 0.009372
13 0.009373
13 0.009378
13 0.009386
12 0.009412
13 0.009420
13 0.009420
13 0.009429
13 0.009447
13 0.009450
21 0.009454
19 0.009459
12 0.009470
13 0.009470
12 0.009477
13 0.009478
13 0.009494
13 0.009495
21 0.009507
13 0.009515
33 0.009526
13 0.009539
13 0.009540
13 0.009542
13 0.009546
13 0.009563
13 0.009566
31 0.009567
13 0.009577
21 0.009585
13 0.009593
13 0.009596
12 0.009604
12 0.009605
13 0.009605
12 0.009624
13 0.009626
13 0.009638
12 0.009644
13 0.009647
13 0.009672
13 0.009672
12 0.009681
10 0.009698
13 0.009706
11 0.009721
13 0.009732
19 0.009739
13 0.009740
13 0.009763
10 0.009770
13 0.009776
12 0.009776
13 0.009783
12 0.009783
13 0.009786
13 0.009802
22 0.009808
13 0.009809
12 0.009814
13 0.009817
21 0.009817
11 0.009839
13 0.009843
22 0.009851
12 0.009863
13 0.009876
12 0.009882
12 0.009890
12 0.009899
13 0.009899
9 0.009901
13 0.009661
12 0.009904
12 0.009908
12 0.009913
10 0.009918
13 0.009933
12 0.009935
13 0.009938
9 0.009943
22 0.009951
13 0.009952
33 0.009959
13 0.009979
13 0.009994
12 0.010002
13 0.010017
13 0.010017
13 0.010025
13 0.010028
13 0.010047
9 0.010051
13 0.010058
13 0.010059
12 0.010063
12 0.010067
9 0.010071
13 0.010076
31 0.010087
13 0.010091
13 0.010106
12 0.010110
13 0.010120
9 0.010152
9 0.010153
9 0.010170
13 0.009927
36 0.010191
9 0.010197
9 0.010201
9 0.010202
13 0.010204
9 0.010217
13 0.010222
24 0.010222
33 0.010223
13 0.010232
9 0.010236
13 0.010247
12 0.010266
13 0.010272
13 0.010298
12 0.010302
23 0.010356
9 0.010357
9 0.010359
13 0.010368
12 0.010368
9 0.010375
13 0.010375
9 0.010377
23 0.010398
13 0.010420
13 0.010426
13 0.010436
23 0.010447
9 0.010447
12 0.010453
22 0.010454
9 0.010455
23 0.010478
13 0.010481
26 0.010495
9 0.010508
13 0.010525
33 0.010588
9 0.010589
23 0.010636
26 0.010644
13 0.010659
31 0.010679
9 0.010681
34 0.010713
13 0.010719
23 0.010755
8 0.010776
33 0.010778
8 0.010848
26 0.010918
24 0.010941
23 0.010951
24 0.011130
26 0.011214
26 0.011215
25 0.011271
20 0.011322
34 0.011326
24 0.011429
26 0.011595
33 0.011673
9 0.011711
9 0.011744
34 0.011836
26 0.011850
26 0.011870
24 0.011917
26 0.011950
26 0.012069
26 0.012096
26 0.012178
26 0.012224
24 0.012228
26 0.012257
26 0.012282
25 0.012307
26 0.012316
24 0.012323
26 0.012362
26 0.012370
26 0.012376
26 0.012389
26 0.012444
25 0.012446
26 0.012448
26 0.012518
26 0.012600
25 0.012648
26 0.012697
9 0.012714
33 0.012736
36 0.012808
25 0.012884
9 0.012917
26 0.012939
26 0.012956
26 0.013007
26 0.013028
26 0.013279
27 0.013385
26 0.013476
26 0.013602
26 0.013724
33 0.013757
24 0.013779
26 0.013779
26 0.013834
26 0.013859
26 0.013864
26 0.013871
33 0.013914
26 0.013943
26 0.013966
26 0.014021
26 0.014034
26 0.014037
26 0.014138
26 0.014142
26 0.014153
26 0.014175
31 0.014178
37 0.014241
25 0.014259
26 0.014271
26 0.014294
26 0.014349
26 0.014414
26 0.014434
25 0.014437
25 0.014444
26 0.014459
33 0.014548
26 0.014746
26 0.014769
26 0.014857
26 0.015008
26 0.015058
31 0.015179
26 0.015213
31 0.015323
27 0.015354
9 0.015432
26 0.015451
9 0.015494
26 0.015515
9 0.015611
26 0.015729
26 0.015740
26 0.015760
26 0.015904
27 0.015916
33 0.015934
26 0.015935
26 0.015957
26 0.015970
26 0.016045
26 0.016070
26 0.016137
26 0.016149
26 0.016208
25 0.016263
34 0.016289
26 0.016303
26 0.016325
33 0.016369
26 0.016442
26 0.016568
26 0.016673
35 0.016831
27 0.016906
8 0.016936
26 0.017058
8 0.017063
30 0.017120
26 0.017241
26 0.017305
26 0.017377
33 0.017394
26 0.017722
34 0.018116
26 0.018181
25 0.018415
26 0.018538
33 0.018685
26 0.018704
26 0.018802
26 0.018991
26 0.019000
26 0.019598
29 0.019829
26 0.019924
26 0.020405
26 0.020479
26 0.020698
30 0.020770
27 0.021155
26 0.021297
34 0.021575
26 0.022904
26 0.023221
26 0.023350
9 0.023957
26 0.024117
9 0.024686
8 0.025557
36 0.025571
8 0.025779
26 0.025866
26 0.026226
8 0.026341
36 0.026930
31 0.026983
8 0.029092
4 0.029139
7 0.029173
10 0.029249
4 0.029383
4 0.029401
4 0.029415
4 0.029443
4 0.029567
4 0.029578
4 0.029680
4 0.029841
4 0.029952
4 0.029967
4 0.029994
4 0.030029
7 0.030092
4 0.030125
4 0.030135
4 0.030196
4 0.030295
4 0.030358
4 0.030390
4 0.030476
4 0.030595
4 0.030628
9 0.030628
9 0.030628
9 0.030629
4 0.030679
4 0.030691
4 0.030835
4 0.030870
4 0.030892
4 0.030950
4 0.030963
4 0.030974
4 0.030982
4 0.030997
4 0.031024
4 0.031029
4 0.031107
4 0.031166
4 0.031174
4 0.031178
4 0.031202
4 0.031315
4 0.031374
4 0.031406
4 0.031442
4 0.031451
4 0.031454
4 0.031472
4 0.031478
4 0.031501
4 0.031510
4 0.031539
4 0.031543
4 0.031549
4 0.031562
4 0.031570
4 0.031630
4 0.031638
4 0.031707
4 0.031794
4 0.031941
4 0.032011
4 0.032184
4 0.032310
4 0.032322
6 0.032418
4 0.032506
4 0.032578
4 0.032602
4 0.032605
4 0.032618
4 0.032707
4 0.032734
4 0.032739
4 0.032789
6 0.032828
4 0.032838
4 0.032850
4 0.032882
4 0.032916
6 0.032927
4 0.032957
4 0.033115
4 0.033161
4 0.033217
4 0.033271
4 0.033282
4 0.033358
4 0.033368
4 0.033376
6 0.033391
4 0.033476
4 0.033478
6 0.033521
4 0.033529
4 0.033540
4 0.033563
4 0.033609
4 0.033617
6 0.033932
6 0.034096
4 0.034192
6 0.034496
4 0.034556
10 0.034663
4 0.034823
10 0.034889
4 0.034911
4 0.035050
4 0.035125
10 0.035286
10 0.035344
6 0.035606
10 0.035623
10 0.035659
10 0.035828
10 0.036070
10 0.036158
10 0.036168
10 0.036331
10 0.036332
10 0.036390
10 0.036556
5 0.036706
6 0.036783
10 0.036831
10 0.036905
5 0.036951
10 0.036991
10 0.037173
5 0.037217
10 0.037288
5 0.037295
5 0.037417
10 0.037536
5 0.037536
10 0.037584
10 0.037627
10 0.037671
10 0.037676
10 0.037700
5 0.037760
8 0.037781
10 0.037815
10 0.037865
10 0.038011
8 0.038179
8 0.038268
26 0.038372
9 0.038391
10 0.038460
6 0.038544
10 0.038942
7 0.039083
8 0.039279
8 0.039425
8 0.039519
5 0.039674
5 0.039891
5 0.039995
9 0.040015
5 0.040065
5 0.040253
9 0.040299
7 0.040540
7 0.040751
10 0.040940
10 0.040962
4 0.041034
10 0.041095
10 0.041375
4 0.041441
23 0.041450
4 0.041518
10 0.041589
4 0.041654
8 0.041967
4 0.042116
4 0.042363
26 0.042433
4 0.042545
4 0.042626
4 0.042633
5 0.042836
4 0.042895
4 0.043393
4 0.043517
4 0.043638
4 0.043648
4 0.043659
4 0.043852
4 0.043853
4 0.043985
4 0.044009
4 0.044074
4 0.044079
4 0.044152
4 0.044181
4 0.044410
4 0.044453
4 0.044605
4 0.044634
4 0.044653
4 0.044685
4 0.044742
4 0.044742
4 0.044886
9 0.045204
4 0.045256
4 0.045304
6 0.045329
9 0.045575
4 0.045725
4 0.045726
4 0.045870
4 0.045917
4 0.045971
4 0.046059
4 0.046095
4 0.046117
4 0.046346
6 0.046410
8 0.046554
3 0.046585
2 0.046615
4 0.046620
8 0.046655
8 0.046687
3 0.046810
8 0.046818
8 0.046863
4 0.046927
4 0.047016
8 0.047112
4 0.047202
4 0.047214
4 0.047239
4 0.047426
6 0.047459
2 0.047487
4 0.047632
4 0.047649
7 0.047736
6 0.047885
4 0.048094
2 0.048112
4 0.048120
4 0.048170
7 0.048215
3 0.048243
3 0.048248
4 0.048263
4 0.048277
3 0.048283
7 0.048323
4 0.048382
4 0.048442
3 0.048484
4 0.048639
4 0.048716
4 0.048802
2 0.048853
4 0.048909
4 0.048960
3 0.048966
3 0.048997
2 0.049034
6 0.049093
4 0.049096
4 0.049193
4 0.049262
7 0.049295
3 0.049348
24 0.049440
2 0.049743
3 0.049782
4 0.049782
4 0.049952
3 0.050028
4 0.050248
6 0.050267
2 0.050329
33 0.050403
4 0.050724
4 0.050756
6 0.050797
3 0.050801
3 0.050833
2 0.050844
7 0.050897
4 0.050994
10 0.051035
4 0.051124
10 0.051136
4 0.051194
2 0.051327
4 0.051415
3 0.051679
4 0.051716
7 0.051944
7 0.051977
10 0.052023
7 0.052438
8 0.052493
10 0.052693
4 0.052693
10 0.052830
8 0.052839
4 0.052915
2 0.053017
10 0.053113
7 0.053167
4 0.053215
4 0.053332
3 0.053364
2 0.053380
3 0.053428
10 0.053486
3 0.053586
10 0.053636
10 0.053963
7 0.054107
10 0.054201
2 0.054289
4 0.054472
7 0.054637
4 0.054652
7 0.054738
4 0.054858
7 0.055007
33 0.055036
4 0.055102
4 0.055174
8 0.055181
8 0.055257
7 0.055484
2 0.055504
3 0.055619
10 0.055734
7 0.055735
10 0.055786
3 0.055836
8 0.055994
4 0.056103
6 0.056127
8 0.056225
4 0.056395
3 0.056477
4 0.056614
3 0.056671
10 0.056979
6 0.057010
10 0.057040
4 0.057071
10 0.057131
3 0.057282
5 0.057644
10 0.057853
3 0.057665
10 0.057717
3 0.057963
10 0.057925
33 0.058072
3 0.058125
8 0.058180
3 0.058234
4 0.058267
10 0.058299
9 0.058340
5 0.058357
4 0.058501
4 0.058518
4 0.058529
3 0.058677
8 0.058718
8 0.058768
2 0.058942
8 0.058970
6 0.059008
3 0.059142
10 0.059172
5 0.059201
3 0.059259
3 0.059365
3 0.059494
4 0.059518
3 0.059588
3 0.059849
23 0.060120
3 0.060209
10 0.060221
10 0.060368
4 0.060380
5 0.060411
3 0.060551
3 0.060729
4 0.060755
4 0.060784
6 0.060850
6 0.060859
4 0.060929
4 0.061010
6 0.061052
6 0.061111
10 0.061288
3 0.061331
10 0.061701
5 0.061725
3 0.061967
3 0.062083
3 0.062224
7 0.062229
6 0.062411
10 0.062474
22 0.062520
6 0.062668
9 0.062862
3 0.063007
5 0.063563
3 0.063941
3 0.064282
2 0.064388
5 0.064432
3 0.064567
23 0.064670
7 0.064908
4 0.065133
4 0.065148
7 0.065439
7 0.065909
5 0.065928
7 0.066312
4 0.066376
7 0.066562
5 0.066830
3 0.067106
6 0.067328
5 0.067375
3 0.067481
5 0.067938
5 0.068501
6 0.068620
26 0.068843
6 0.069672
2 0.069705
6 0.069740
5 0.069925
5 0.070991
2 0.071119
6 0.071158
4 0.071624
6 0.072061
4 0.073341
5 0.073569
4 0.074085
2 0.074145
8 0.074338
4 0.074408
4 0.074986
8 0.075032
4 0.075071
4 0.075375
5 0.075604
24 0.076400
3 0.076904
5 0.076950
4 0.077154
4 0.077689
4 0.077780
22 0.078020
4 0.078385
4 0.078886
6 0.078932
23 0.081400
3 0.081528
8 0.081559
4 0.081793
1 0.082189
1 0.082350
23 0.084450
4 0.085019
1 0.085142
1 0.085142
5 0.085261
5 0.087074
25 0.089980
1 0.090500
4 0.093962
24 0.096860
30 0.097470
5 0.097519
4 0.098800
21 0.099890
5 0.102450
4 0.103851
4 0.105280
22 0.109930
26 0.110608
4 0.110846
23 0.115640
4 0.121032
4 0.122086
4 0.122672
4 0.123345
4 0.123451
4 0.123944
24 0.124980
23 0.125430
4 0.125547
4 0.125661
4 0.125917
4 0.126241
4 0.126508
4 0.128427
4 0.128558
4 0.129434
4 0.129791
4 0.129930
4 0.130295
4 0.130550
4 0.130879
4 0.131086
4 0.131139
4 0.131223
4 0.132459
4 0.133117
4 0.133368
4 0.133419
23 0.133480
4 0.133961
4 0.134277
4 0.134318
4 0.134382
4 0.134490
4 0.134763
4 0.135010
4 0.135130
4 0.135920
4 0.135920
4 0.135984
4 0.136049
4 0.136358
4 0.136572
4 0.137215
4 0.137667
4 0.137760
4 0.138347
4 0.139161
4 0.139291
4 0.139659
4 0.139700
4 0.139930
4 0.140058
4 0.140122
4 0.140219
4 0.140551
4 0.140709
4 0.140774
4 0.140793
4 0.141392
4 0.142797
4 0.142887
4 0.142947
4 0.143512
4 0.143859
4 0.144192
4 0.144335
4 0.144575
4 0.144632
4 0.144992
4 0.145764
4 0.145981
4 0.146251
4 0.146498
4 0.146698
4 0.147352
4 0.147443
4 0.147470
4 0.148513
4 0.148773
2 0.148906
4 0.149021
2 0.149079
4 0.149139
2 0.149164
4 0.149359
2 0.149426
4 0.149515
4 0.149786
4 0.150554
2 0.150726
4 0.150862
2 0.150869
4 0.151048
2 0.151371
2 0.151663
4 0.151995
2 0.152074
4 0.152187
2 0.152266
4 0.152485
2 0.152526
4 0.152720
4 0.152814
2 0.153151
4 0.153270
4 0.153282
4 0.153576
4 0.154019
4 0.154509
4 0.154660
4 0.154822
2 0.154859
2 0.155096
4 0.155103
2 0.155254
4 0.155364
4 0.155471
2 0.155698
2 0.155766
2 0.155947
2 0.156077
2 0.156321
4 0.156864
2 0.156905
2 0.156950
2 0.157290
4 0.157326
4 0.157531
4 0.157553
2 0.158267
4 0.158327
4 0.158484
4 0.158632
4 0.158962
4 0.159358
2 0.159371
2 0.159497
4 0.159629
4 0.159664
4 0.159782
4 0.159783
2 0.160093
2 0.160389
2 0.160399
2 0.160412
2 0.160432
4 0.160586
4 0.160622
4 0.160631
4 0.160929
4 0.160998
4 0.161310
4 0.161366
4 0.161645
4 0.161677
2 0.161772
2 0.162242
4 0.162724
2 0.162823
2 0.162950
4 0.163007
2 0.163165
4 0.163521
4 0.163590
4 0.163650
4 0.163744
4 0.163985
4 0.164177
2 0.164185
2 0.164194
2 0.164372
2 0.164377
2 0.164496
4 0.164694
4 0.164719
4 0.165146
4 0.165445
4 0.165648
4 0.165755
4 0.166061
4 0.166371
4 0.166751
2 0.166754
2 0.166759
4 0.166834
4 0.166834
4 0.167127
2 0.167356
4 0.167598
4 0.167751
4 0.167907
4 0.168261
4 0.168446
4 0.168535
4 0.168596
4 0.168609
4 0.168693
2 0.169043
2 0.169150
2 0.169262
2 0.169350
2 0.169486
4 0.169520
2 0.169617
4 0.169721
4 0.169721
4 0.169883
4 0.169904
2 0.169906
4 0.169978
4 0.169995
2 0.170114
2 0.170156
4 0.170241
4 0.170493
2 0.170752
4 0.170776
4 0.170870
2 0.170891
4 0.170955
2 0.171026
2 0.171032
2 0.171117
2 0.171555
2 0.171685
4 0.171744
4 0.172195
2 0.172204
2 0.172346
4 0.172430
2 0.172711
2 0.172872
4 0.173014
4 0.173066
4 0.173102
4 0.173102
4 0.173230
4 0.173701
4 0.173857
4 0.173910
4 0.174160
4 0.174192
4 0.174228
4 0.174304
4 0.174359
2 0.174506
4 0.174788
4 0.175133
4 0.175187
2 0.175363
2 0.175667
4 0.175675
2 0.175712
2 0.175899
2 0.176010
2 0.176050
4 0.176061
4 0.176122
4 0.176181
4 0.176238
4 0.176578
4 0.176597
4 0.176604
4 0.176658
4 0.176710
4 0.176796
4 0.176994
4 0.177093
4 0.177153
4 0.177522
4 0.177801
4 0.177816
4 0.178161
4 0.178182
4 0.178269
2 0.178559
2 0.178674
4 0.178889
4 0.178949
4 0.178960
2 0.179010
4 0.179030
4 0.179067
4 0.179079
2 0.179233
2 0.179381
2 0.179499
2 0.179503
2 0.179702
4 0.179730
4 0.179757
2 0.179963
2 0.180114
2 0.180147
2 0.180283
2 0.180298
2 0.180324
2 0.180347
4 0.180373
4 0.180382
4 0.180425
2 0.180605
4 0.180609
4 0.180635
4 0.180671
4 0.180690
4 0.180863
2 0.180968
4 0.181074
4 0.181156
4 0.181178
4 0.181349
4 0.181485
4 0.181596
2 0.182013
2 0.182094
2 0.182322
4 0.182923
4 0.183028
4 0.183117
4 0.183243
4 0.183268
2 0.183479
2 0.183499
4 0.183567
2 0.183624
2 0.183638
2 0.183707
2 0.184062
2 0.184309
4 0.184350
4 0.185287
4 0.185338
4 0.186132
2 0.186437
2 0.186533
2 0.186708
4 0.186738
2 0.186862
4 0.187324
4 0.187467
4 0.187658
2 0.187939
4 0.188383
2 0.188665
2 0.188721
2 0.188818
2 0.188833
2 0.188942
2 0.189606
4 0.189842
2 0.189852
2 0.190158
2 0.190216
2 0.190691
2 0.190735
2 0.190740
4 0.190786
2 0.190866
2 0.190907
2 0.190913
4 0.191175
2 0.191474
3 0.191732
4 0.191821
3 0.192307
2 0.192840
4 0.192923
4 0.193568
4 0.193685
2 0.193933
2 0.194320
4 0.194527
2 0.194528
2 0.194612
2 0.194771
2 0.194942
2 0.195309
2 0.195423
4 0.195525
2 0.195654
2 0.195661
4 0.195728
4 0.196651
4 0.196775
3 0.196787
2 0.196931
4 0.197100
2 0.197142
4 0.197241
4 0.197241
4 0.197685
4 0.197821
2 0.198069
2 0.198319
2 0.198373
4 0.198477
2 0.198709
2 0.198775
2 0.199147
4 0.199260
2 0.199404
4 0.199519
4 0.199661
3 0.200886
2 0.200886
4 0.201603
2 0.202442
2 0.202689
4 0.202973
2 0.203094
2 0.203137
2 0.203456
2 0.204114
4 0.204141
2 0.204288
4 0.205006
2 0.205104
2 0.205287
4 0.205305
2 0.205346
2 0.206026
3 0.206026
4 0.206476
2 0.206524
2 0.206609
2 0.206958
3 0.207094
2 0.207216
2 0.207390
2 0.207489
2 0.207579
2 0.207662
4 0.208405
2 0.208522
2 0.209008
2 0.209095
2 0.209147
2 0.209359
2 0.209435
2 0.209702
2 0.210156
4 0.210311
2 0.210334
4 0.210413
4 0.210485
2 0.210873
2 0.211717
4 0.211796
2 0.211942
2 0.211973
2 0.212141
2 0.212507
2 0.212592
2 0.212618
2 0.212659
2 0.212763
2 0.212909
2 0.213050
4 0.213192
4 0.213345
2 0.213515
2 0.213860
2 0.214052
2 0.214271
2 0.214377
2 0.214450
2 0.214860
3 0.215194
2 0.215375
3 0.215389
4 0.215798
4 0.215798
3 0.216115
3 0.216520
3 0.216527
2 0.216565
3 0.217261
2 0.217477
2 0.217846
2 0.218006
3 0.218116
3 0.218133
3 0.218285
2 0.218652
2 0.218892
2 0.219104
4 0.219370
2 0.219867
2 0.219895
2 0.219950
4 0.219961
4 0.220047
2 0.220182
2 0.220250
4 0.220289
4 0.220406
2 0.220548
4 0.220607
3 0.220622
2 0.220855
2 0.221415
2 0.221437
2 0.221602
2 0.221684
2 0.221777
3 0.221847
2 0.221863
2 0.221901
2 0.222448
2 0.222477
2 0.222484
3 0.222681
2 0.223110
2 0.223842
4 0.224110
3 0.224314
3 0.224705
2 0.224819
3 0.224983
2 0.225135
2 0.225213
2 0.225489
2 0.225525
2 0.225596
2 0.225752
2 0.226277
3 0.226277
2 0.226425
2 0.226464
2 0.226507
4 0.226541
2 0.226555
3 0.226870
4 0.226942
3 0.227367
2 0.227497
3 0.227614
2 0.227662
3 0.228341
4 0.228416
2 0.228752
3 0.228782
3 0.228782
3 0.228817
3 0.229081
2 0.229070
2 0.229193
4 0.229220
2 0.229241
4 0.229265
3 0.229584
4 0.229759
2 0.229796
2 0.229919
2 0.229951
3 0.230083
2 0.230285
3 0.230485
3 0.230508
3 0.230798
3 0.230907
3 0.231008
3 0.231317
3 0.231452
3 0.231514
4 0.231590
2 0.232049
2 0.232374
3 0.232409
2 0.232434
3 0.232423
4 0.232488
2 0.233076
2 0.233199
2 0.233372
2 0.233411
3 0.233426
3 0.233607
3 0.233702
3 0.233784
3 0.233778
2 0.233865
3 0.234262
2 0.234592
3 0.234604
3 0.235052
3 0.235210
2 0.235383
2 0.235468
2 0.235769
2 0.235803
2 0.235841
2 0.235876
4 0.235945
2 0.236264
3 0.236299
2 0.236499
2 0.236504
2 0.236548
3 0.236579
2 0.236588
3 0.236669
2 0.236824
2 0.236904
4 0.237260
2 0.237394
2 0.237796
2 0.237866
3 0.238117
3 0.238201
2 0.238352
3 0.238400
2 0.238607
3 0.239100
3 0.239178
4 0.239841
3 0.240037
3 0.240106
2 0.240667
3 0.240779
2 0.241014
2 0.241253
2 0.241718
2 0.241722
3 0.241920
4 0.242052
3 0.242154
3 0.242482
2 0.242470
2 0.242504
4 0.242576
3 0.243018
2 0.243491
4 0.243706
3 0.243722
2 0.243921
4 0.244137
2 0.244381
4 0.244853
2 0.244866
3 0.244887
3 0.244906
2 0.245118
22 0.245200
2 0.245230
2 0.245294
3 0.245309
3 0.245591
3 0.245906
2 0.245989
2 0.246028
3 0.246401
2 0.246568
2 0.246669
2 0.246858
2 0.247192
2 0.247295
2 0.247398
3 0.247665
3 0.247712
3 0.247896
2 0.248091
2 0.248156
2 0.248218
4 0.248470
2 0.248531
2 0.248545
3 0.248604
2 0.248652
3 0.248759
3 0.248891
3 0.249016
4 0.249603
4 0.249628
2 0.249714
2 0.249848
2 0.249915
2 0.250125
2 0.250343
3 0.250325
2 0.250407
4 0.250483
2 0.250582
2 0.250602
4 0.250625
4 0.250890
2 0.251046
3 0.251310
2 0.251493
4 0.251561
2 0.251687
4 0.251816
3 0.252429
2 0.252500
2 0.253752
4 0.255031
4 0.255075
4 0.255794
3 0.256031
3 0.256263
4 0.256587
2 0.256607
3 0.256806
4 0.256868
2 0.257410
3 0.257448
3 0.257784
2 0.257932
4 0.257958
4 0.258098
4 0.258294
2 0.258441
3 0.258451
3 0.258761
4 0.258782
2 0.259099
4 0.259115
2 0.259534
4 0.259671
4 0.260141
4 0.260153
4 0.260465
3 0.260521
2 0.260771
4 0.261579
4 0.262090
4 0.262225
3 0.262283
2 0.262454
2 0.262621
2 0.262827
3 0.263030
3 0.263254
2 0.263363
4 0.263433
2 0.263445
3 0.263638
3 0.263762
4 0.263978
2 0.264031
2 0.264637
3 0.265149
3 0.265426
4 0.265540
3 0.265693
3 0.265746
3 0.266166
4 0.268014
2 0.268490
22 0.268800
3 0.268880
4 0.269402
2 0.269464
4 0.269888
2 0.269923
4 0.270218
2 0.271257
3 0.271467
3 0.271728
4 0.271763
3 0.273298
3 0.273438
4 0.273835
2 0.274182
2 0.274635
4 0.275173
4 0.275315
2 0.275439
3 0.276192
4 0.277186
4 0.277415
4 0.277428
3 0.277457
2 0.277807
4 0.277833
3 0.278461
4 0.279027
2 0.279375
2 0.279742
3 0.279969
3 0.280110
2 0.280593
2 0.280799
3 0.280841
2 0.281297
3 0.281761
2 0.281832
3 0.282778
2 0.283315
2 0.283935
4 0.284042
2 0.284271
2 0.284317
2 0.284421
3 0.284628
4 0.285244
2 0.285924
4 0.286176
3 0.287061
2 0.287376
3 0.287373
2 0.287472
3 0.287752
2 0.288649
3 0.289794
4 0.290349
3 0.290454
3 0.290497
3 0.290838
3 0.291106
2 0.291174
3 0.291693
3 0.292117
2 0.292191
4 0.292520
2 0.293419
2 0.293624
2 0.293671
2 0.293933
4 0.294522
3 0.295048
3 0.295187
2 0.295344
3 0.295378
3 0.295694
3 0.296832
3 0.296900
1 0.296991
1 0.296991
1 0.296993
1 0.296993
1 0.297000
1 0.297000
1 0.297008
1 0.297008
1 0.297010
1 0.297010
1 0.297018
1 0.297018
1 0.297025
1 0.297025
1 0.297028
1 0.297028
1 0.297036
1 0.297036
1 0.297043
1 0.297043
1 0.297051
1 0.297051
2 0.297053
1 0.297055
1 0.297055
1 0.297060
1 0.297060
1 0.297072
1 0.297072
1 0.297081
1 0.297081
1 0.297090
1 0.297090
1 0.297099
1 0.297099
1 0.297108
1 0.297108
1 0.297122
1 0.297122
1 0.297132
1 0.297132
1 0.297142
1 0.297142
1 0.297157
1 0.297157
3 0.297161
1 0.297168
1 0.297168
1 0.297184
1 0.297184
1 0.297196
1 0.297196
1 0.297213
1 0.297213
1 0.297230
1 0.297230
1 0.297247
1 0.297247
1 0.297266
1 0.297266
1 0.297285
1 0.297285
1 0.297308
1 0.297308
1 0.297333
1 0.297333
2 0.297349
1 0.297355
1 0.297355
1 0.297381
1 0.297381
1 0.297409
1 0.297409
1 0.297441
1 0.297441
1 0.297476
1 0.297476
1 0.297512
1 0.297512
1 0.297548
1 0.297548
1 0.297592
1 0.297592
2 0.297599
1 0.297637
1 0.297637
1 0.297689
1 0.297689
1 0.297743
1 0.297743
4 0.297790
1 0.297804
1 0.297804
1 0.297868
1 0.297868
1 0.297940
1 0.297940
1 0.298025
1 0.298025
1 0.298115
1 0.298115
1 0.298214
1 0.298214
2 0.298323
1 0.298328
1 0.298328
1 0.298454
1 0.298454
1 0.298598
1 0.298599
1 0.298764
1 0.298766
3 0.298827
3 0.298814
1 0.298952
1 0.298954
1 0.299168
1 0.299169
2 0.299391
4 0.299393
1 0.299419
1 0.299421
1 0.299566
1 0.299568
2 0.299857
3 0.300038
1 0.300066
1 0.300473
1 0.300480
3 0.300671
1 0.300971
1 0.300979
1 0.301579
1 0.301588
1 0.302335
1 0.302345
3 0.302448
3 0.302572
1 0.303287
1 0.303299
3 0.304050
3 0.304236
2 0.304265
1 0.304507
1 0.304525
2 0.305004
2 0.305225
1 0.306112
1 0.306138
3 0.306205
3 0.306608
2 0.306865
3 0.307064
3 0.307160
2 0.307246
3 0.307937
1 0.308290
1 0.308321
3 0.308660
3 0.308773
2 0.308948
3 0.309574
2 0.309579
3 0.309939
3 0.311227
1 0.311344
1 0.311393
3 0.311572
3 0.311983
3 0.312289
3 0.313574
2 0.313670
23 0.314500
2 0.314981
3 0.315250
1 0.315845
1 0.315917
2 0.316192
3 0.317025
2 0.319041
3 0.319962
3 0.320092
3 0.322258
3 0.322353
1 0.322892
1 0.323008
3 0.323142
2 0.323560
3 0.325468
3 0.326300
2 0.327194
2 0.328234
3 0.328736
3 0.330528
3 0.330783
2 0.330908
2 0.332245
3 0.332430
3 0.332804
3 0.333082
3 0.333112
3 0.333250
3 0.333449
2 0.334151
3 0.334562
3 0.334788
1 0.334964
4 0.335017
1 0.335177
2 0.335486
2 0.336235
3 0.337613
2 0.339401
2 0.341657
3 0.342207
2 0.343516
3 0.344025
2 0.344175
4 0.344254
2 0.346249
3 0.347535
2 0.348160
3 0.349368
3 0.351210
2 0.351478
2 0.352240
2 0.353256
2 0.354217
4 0.355752
2 0.355873
3 0.357836
2 0.357891
1 0.358808
1 0.359260
4 0.360007
2 0.360163
2 0.360167
24 0.362030
2 0.364083
2 0.364120
2 0.364730
2 0.364859
2 0.366377
2 0.366485
2 0.366776
2 0.367670
2 0.370063
2 0.371664
2 0.374739
2 0.378574
2 0.379789
2 0.379920
2 0.380298
2 0.380369
2 0.382774
2 0.383894
2 0.386184
2 0.387144
4 0.387734
2 0.390840
2 0.392331
2 0.392755
2 0.394162
4 0.394443
2 0.397928
26 0.401070
2 0.403062
2 0.404975
2 0.408504
2 0.410544
2 0.413728
2 0.419426
1 0.420295
1 0.421673
2 0.422840
2 0.424559
2 0.425026
2 0.426778
2 0.427146
2 0.427434
2 0.428918
2 0.429518
2 0.430747
2 0.434776
2 0.434818
2 0.435632
2 0.437835
2 0.438605
2 0.440607
2 0.441692
2 0.442225
2 0.442294
2 0.444134
3 0.444444
2 0.444491
2 0.446417
2 0.446479
2 0.446771
2 0.447073
2 0.447725
2 0.448355
2 0.448942
2 0.449517
2 0.450195
2 0.451611
2 0.452030
2 0.452115
2 0.453087
2 0.453160
2 0.453505
2 0.454201
2 0.456352
2 0.457305
2 0.459322
2 0.460118
2 0.461591
3 0.461895
2 0.462136
2 0.462372
2 0.462571
2 0.463318
2 0.463667
2 0.464875
2 0.464986
2 0.466059
2 0.466187
2 0.466656
2 0.466703
3 0.467823
2 0.469209
2 0.469561
2 0.473178
2 0.473436
2 0.474854
2 0.475327
2 0.475663
2 0.475915
2 0.476525
2 0.477729
2 0.478186
2 0.478417
2 0.479870
2 0.482226
2 0.482848
2 0.485669
2 0.488696
2 0.488810
2 0.493195
2 0.500785
2 0.502914
2 0.503300
1 0.505180
2 0.507424
2 0.507530
1 0.508941
1 0.513390
2 0.513796
1 0.515157
2 0.515352
2 0.516075
2 0.516601
1 0.516641
1 0.516660
1 0.517109
2 0.517676
1 0.519672
2 0.520084
2 0.520809
2 0.521243
1 0.521905
2 0.523050
2 0.523260
1 0.523542
2 0.523606
2 0.525812
1 0.526150
2 0.526156
1 0.526169
2 0.527198
2 0.527559
2 0.531037
2 0.531197
1 0.532386
2 0.533150
2 0.534719
2 0.535353
2 0.536250
1 0.536409
1 0.539206
2 0.539866
2 0.541637
2 0.542395
1 0.543304
1 0.543334
2 0.544733
2 0.544833
2 0.547135
2 0.548085
2 0.548214
2 0.548954
2 0.550216
2 0.551408
2 0.552010
2 0.552431
1 0.553595
2 0.557160
1 0.558033
2 0.558574
2 0.559608
2 0.559698
2 0.559762
2 0.560195
2 0.560982
2 0.562489
2 0.563755
1 0.564935
1 0.565531
2 0.568078
2 0.570073
1 0.572571
1 0.572621
2 0.572984
2 0.574122
2 0.574916
2 0.575868
2 0.578369
2 0.581750
2 0.582273
2 0.582423
2 0.583341
2 0.585378
1 0.586175
2 0.589471
2 0.591335
2 0.591681
2 0.595362
2 0.598059
2 0.599574
2 0.601385
1 0.607243
2 0.609650
37 0.610200
1 0.612040
2 0.613524
2 0.613697
2 0.614202
1 0.616133
2 0.617443
2 0.620080
2 0.620460
1 0.620803
2 0.621698
2 0.622340
2 0.622755
2 0.627112
2 0.627742
1 0.630007
1 0.630097
2 0.631230
2 0.631560
2 0.631902
2 0.633690
2 0.633939
2 0.636477
2 0.641262
2 0.641494
2 0.646012
2 0.650003
2 0.651764
2 0.655743
2 0.656261
2 0.660968
2 0.667368
2 0.677181
2 0.677692
2 0.677738
2 0.678661
2 0.680750
1 0.682415
2 0.682801
2 0.704434
1 0.728200
2 0.731854
2 0.733757
1 0.741021
2 0.745784
1 0.762103
2 0.772821
2 0.772905
2 0.773902
1 0.775979
1 0.776157
1 0.780228
2 0.782402
1 0.792744
1 0.792772
1 0.794977
2 0.797707
2 0.798271
2 0.811450
1 0.827368
1 0.827398
2 0.829235
2 0.835464
2 0.841803
2 0.850815
2 0.853760
2 0.855221
2 0.857076
2 0.860632
2 0.861305
2 0.869046
2 0.871342
2 0.872611
2 0.876506
2 0.881184
2 0.884763
1 0.887094
1 0.887128
2 0.887623
2 0.888759
2 0.898134
2 0.898820
2 0.900681
2 0.902065
2 0.902424
2 0.913379
2 0.913519
2 0.914235
2 0.914605
2 0.916658
2 0.921401
2 0.921801
1 0.922714
1 0.923674
2 0.924869
2 0.924877
2 0.924896
2 0.924919
2 0.929821
2 0.931379
2 0.931960
2 0.934143
2 0.935120
2 0.937607
2 0.937903
2 0.937917
2 0.937937
2 0.937951
2 0.938733
2 0.939393
2 0.939430
2 0.940329
2 0.941809
2 0.943706
2 0.944457
2 0.944563
2 0.945311
2 0.948191
2 0.949631
1 0.952518
1 0.952558
2 0.952675
1 0.954270
2 0.956401
2 0.956442
2 0.957198
2 0.957989
2 0.957999
2 0.960713
2 0.961550
2 0.961563
2 0.962062
2 0.966543
2 0.966791
2 0.967419
2 0.969170
2 0.969463
2 0.969977
2 0.975430
2 0.975469
2 0.977336
2 0.977874
2 0.978653
2 0.980181
2 0.980744
2 0.990630
2 0.993749
2 0.997339
2 0.997491
1 1.007804
1 1.007847
1 1.323879
1 1.344648
1 1.344725
1 1.366874
1 1.475644
1 1.529261
1 1.529366
1 2.253579
1 2.293875
1 2.732178
1 2.791295
1 3.993474
1 3.993453
1 3.993453
End Spectral Lines:
