Symbol: Mo
Atomic Number: 42
Atomic Mass: 95.940000
Start Spectral Index: 42
1 765
2 209
3 62
4 29
6 217
7 413
8 109
9 231
10 120
11 58
12 26
13 53
14 71
15 29
16 84
17 91
18 53
23 1
24 9
25 4
26 5
27 7
28 11
29 10
30 18
31 41
32 32
33 17
34 13
35 13
39 2
40 62
41 106
42 21
End Spectral Index:
Order of Magnitude: 0.000001
Start Spectral Lines:
42 0.000053
42 0.000054
41 0.000054
41 0.000054
41 0.000055
41 0.000055
42 0.000057
42 0.000057
41 0.000058
41 0.000058
41 0.000067
41 0.000067
42 0.000067
41 0.000067
41 0.000067
41 0.000067
41 0.000067
41 0.000067
41 0.000067
41 0.000067
41 0.000067
41 0.000067
42 0.000067
41 0.000068
41 0.000068
41 0.000068
41 0.000068
41 0.000068
41 0.000068
41 0.000068
41 0.000068
41 0.000068
41 0.000068
40 0.000068
40 0.000068
41 0.000068
40 0.000069
41 0.000069
41 0.000069
40 0.000069
40 0.000069
40 0.000069
40 0.000069
40 0.000069
40 0.000069
40 0.000069
40 0.000069
40 0.000069
41 0.000069
40 0.000069
40 0.000069
40 0.000069
40 0.000069
41 0.000069
40 0.000069
40 0.000070
40 0.000070
40 0.000070
40 0.000070
40 0.000070
40 0.000071
42 0.000238
42 0.000244
41 0.000246
41 0.000246
41 0.000249
41 0.000249
41 0.000256
40 0.000256
40 0.000257
41 0.000257
40 0.000261
40 0.000262
42 0.000265
40 0.000268
40 0.000268
40 0.000269
42 0.000274
41 0.000274
41 0.000275
41 0.000278
41 0.000278
41 0.000278
41 0.000278
41 0.000279
41 0.000286
40 0.000286
41 0.000286
40 0.000287
41 0.000288
41 0.000289
40 0.000291
40 0.000293
40 0.000300
40 0.000300
40 0.000302
33 0.000309
33 0.000319
33 0.000319
33 0.000328
33 0.000331
33 0.000341
42 0.000355
33 0.000362
41 0.000365
33 0.000368
42 0.000369
41 0.000370
41 0.000371
41 0.000371
41 0.000371
41 0.000371
33 0.000376
41 0.000378
40 0.000379
33 0.000381
40 0.000384
41 0.000384
41 0.000386
40 0.000389
41 0.000393
41 0.000395
40 0.000397
40 0.000403
40 0.000405
40 0.000414
33 0.000442
33 0.000447
34 0.000447
34 0.000448
34 0.000449
34 0.000450
34 0.000451
34 0.000451
34 0.000451
34 0.000452
34 0.000454
34 0.000455
33 0.000463
33 0.000480
33 0.000485
33 0.000498
33 0.000521
42 0.000702
42 0.000719
42 0.000724
41 0.000730
41 0.000733
41 0.000736
41 0.000741
41 0.000759
41 0.000761
40 0.000772
40 0.000779
40 0.000789
40 0.000790
40 0.000798
42 0.001016
32 0.001020
32 0.001024
32 0.001027
32 0.001032
42 0.001048
41 0.001052
42 0.001058
41 0.001063
41 0.001063
41 0.001063
41 0.001063
41 0.001066
32 0.001077
41 0.001087
41 0.001094
40 0.001095
41 0.001099
32 0.001101
41 0.001109
40 0.001110
40 0.001115
41 0.001122
41 0.001124
41 0.001125
41 0.001126
41 0.001126
41 0.001126
40 0.001145
40 0.001148
40 0.001153
40 0.001185
32 0.001190
32 0.001195
32 0.001227
32 0.001438
32 0.001457
31 0.001474
31 0.001493
32 0.001500
32 0.001546
32 0.001551
32 0.001649
32 0.001704
32 0.001710
32 0.001715
32 0.001717
30 0.001738
31 0.001745
31 0.001750
31 0.001756
31 0.001758
31 0.001787
30 0.001798
25 0.001799
30 0.001800
30 0.001808
32 0.001843
25 0.001850
32 0.001858
32 0.001872
24 0.002168
24 0.002188
41 0.002303
41 0.002319
41 0.002361
40 0.002417
41 0.002436
41 0.002436
40 0.002480
40 0.002493
15 0.002946
15 0.002977
16 0.003205
16 0.003208
16 0.003232
16 0.003269
16 0.003286
16 0.003291
16 0.003298
16 0.003307
16 0.003310
16 0.003312
16 0.003316
16 0.003319
16 0.003321
16 0.003323
16 0.003326
16 0.003329
16 0.003335
16 0.003343
16 0.003348
16 0.003354
16 0.003360
16 0.003368
16 0.003374
16 0.003376
16 0.003380
16 0.003381
16 0.003385
16 0.003398
16 0.003399
15 0.003537
15 0.003606
15 0.003638
32 0.003701
32 0.003722
32 0.003730
35 0.003749
34 0.003766
35 0.003767
35 0.003819
35 0.003916
32 0.003918
32 0.003927
35 0.004087
17 0.004104
35 0.004122
17 0.004145
17 0.004148
17 0.004157
17 0.004178
17 0.004184
17 0.004191
17 0.004195
35 0.004201
17 0.004206
17 0.004209
17 0.004211
17 0.004216
17 0.004219
17 0.004224
17 0.004229
17 0.004239
17 0.004240
17 0.004247
17 0.004249
17 0.004254
17 0.004256
17 0.004260
17 0.004265
17 0.004270
17 0.004277
17 0.004280
17 0.004282
17 0.004284
17 0.004289
17 0.004294
17 0.004298
17 0.004303
17 0.004311
17 0.004314
17 0.004320
17 0.004322
17 0.004326
17 0.004328
16 0.004332
17 0.004334
17 0.004336
17 0.004345
17 0.004351
17 0.004353
17 0.004355
17 0.004380
16 0.004384
17 0.004400
17 0.004405
16 0.004451
16 0.004500
16 0.004525
16 0.004529
16 0.004548
16 0.004555
16 0.004555
16 0.004566
16 0.004576
16 0.004581
16 0.004585
16 0.004587
16 0.004589
16 0.004594
16 0.004602
16 0.004604
16 0.004605
16 0.004611
16 0.004613
16 0.004620
16 0.004623
16 0.004629
16 0.004635
16 0.004638
16 0.004646
16 0.004648
16 0.004648
16 0.004657
16 0.004657
16 0.004659
16 0.004662
16 0.004671
16 0.004678
16 0.004684
16 0.004686
16 0.004688
16 0.004707
16 0.004717
16 0.004719
16 0.004726
16 0.004730
16 0.004738
16 0.004787
16 0.004796
39 0.004990
15 0.004991
15 0.005045
14 0.005079
15 0.005093
14 0.005096
14 0.005116
14 0.005140
14 0.005143
14 0.005153
14 0.005167
14 0.005189
16 0.005191
14 0.005200
14 0.005201
14 0.005202
14 0.005223
14 0.005242
14 0.005246
14 0.005248
14 0.005248
16 0.005264
14 0.005269
14 0.005275
14 0.005305
14 0.005310
14 0.005323
14 0.005334
14 0.005334
16 0.005348
13 0.005355
14 0.005373
16 0.005409
13 0.005410
16 0.005435
35 0.005584
34 0.005651
14 0.005661
35 0.005736
14 0.005765
15 0.005792
41 0.005835
40 0.005849
15 0.005883
35 0.005959
14 0.006097
14 0.006123
35 0.006213
14 0.006221
14 0.006345
17 0.006577
17 0.006589
35 0.006593
17 0.006605
18 0.006612
18 0.006657
41 0.006693
18 0.006712
17 0.006730
18 0.006762
18 0.006782
18 0.006799
18 0.006812
17 0.006818
17 0.006839
18 0.006871
17 0.006909
18 0.006924
14 0.006975
16 0.006959
18 0.006964
18 0.006991
18 0.007017
17 0.007036
17 0.007019
17 0.007050
24 0.007060
24 0.007073
18 0.007093
18 0.007109
24 0.007119
18 0.007120
35 0.007123
14 0.007115
17 0.007136
18 0.007148
18 0.007151
17 0.007185
17 0.007175
24 0.007205
18 0.007209
17 0.007209
18 0.007209
18 0.007221
14 0.007225
18 0.007268
17 0.007299
17 0.007312
17 0.007329
18 0.007338
18 0.007345
18 0.007369
18 0.007375
18 0.007381
18 0.007395
18 0.007401
25 0.007417
18 0.007428
18 0.007430
17 0.007431
18 0.007440
14 0.007443
17 0.007480
24 0.007514
18 0.007532
17 0.007558
26 0.007570
18 0.007571
17 0.007591
17 0.007582
16 0.007587
14 0.007622
17 0.007627
18 0.007652
26 0.007662
18 0.007665
18 0.007681
17 0.007693
18 0.007687
18 0.007699
24 0.007737
26 0.007737
17 0.007740
17 0.007721
18 0.007741
16 0.007745
18 0.007778
17 0.007766
17 0.007771
17 0.007773
18 0.007787
17 0.007790
17 0.007802
18 0.007808
26 0.007806
18 0.007813
27 0.007827
18 0.007872
17 0.007908
17 0.007919
17 0.007918
18 0.007946
17 0.007952
27 0.007961
18 0.007967
17 0.007971
18 0.008020
41 0.008035
18 0.008038
27 0.008040
18 0.008049
18 0.008069
17 0.008074
17 0.008109
17 0.008113
17 0.008138
18 0.008188
18 0.008199
17 0.008232
17 0.008258
14 0.008297
17 0.008309
28 0.008331
18 0.008343
28 0.008376
14 0.008389
42 0.008430
14 0.008560
28 0.008593
14 0.008598
31 0.008615
29 0.008634
30 0.008687
13 0.008777
14 0.008800
29 0.008817
13 0.008876
29 0.008905
14 0.009032
14 0.009052
13 0.009119
30 0.009128
28 0.009130
25 0.009133
13 0.009175
13 0.009183
30 0.009255
9 0.009290
13 0.009349
13 0.009370
9 0.009376
9 0.009401
9 0.009412
9 0.009415
9 0.009417
9 0.009422
31 0.009472
31 0.009472
9 0.009476
9 0.009534
31 0.009538
9 0.009547
29 0.009550
9 0.009570
9 0.009581
9 0.009615
9 0.009629
9 0.009646
31 0.009649
9 0.009654
31 0.009656
9 0.009666
31 0.009684
31 0.009681
9 0.009696
9 0.009721
9 0.009721
9 0.009742
9 0.009742
9 0.009749
9 0.009764
9 0.009771
9 0.009788
31 0.009797
9 0.009808
9 0.009809
9 0.009810
9 0.009822
31 0.009821
31 0.009822
9 0.009834
9 0.009846
40 0.009850
9 0.009856
9 0.009875
9 0.009880
9 0.009898
9 0.009919
9 0.009955
9 0.009956
9 0.009985
9 0.010010
9 0.010024
9 0.010025
9 0.010037
31 0.010043
9 0.010044
31 0.010062
9 0.010074
9 0.010097
14 0.010100
9 0.010107
31 0.010109
9 0.010116
14 0.010154
9 0.010168
14 0.010170
9 0.010176
8 0.010183
9 0.010205
9 0.010215
9 0.010299
9 0.010311
9 0.010341
14 0.010350
14 0.010349
14 0.010350
32 0.010429
8 0.010430
30 0.010437
9 0.010475
8 0.010545
30 0.010562
9 0.010608
8 0.010626
7 0.010700
8 0.010702
8 0.010720
8 0.010775
8 0.010765
8 0.010780
9 0.010787
8 0.010821
8 0.010825
8 0.010857
8 0.010865
29 0.010871
8 0.010880
9 0.010897
8 0.010909
9 0.010923
9 0.010929
9 0.010944
9 0.010955
9 0.010960
9 0.010965
8 0.010976
7 0.010979
8 0.010986
8 0.010990
8 0.011019
8 0.011030
9 0.011039
8 0.011057
8 0.011101
9 0.011128
7 0.011135
8 0.011138
8 0.011146
9 0.011174
8 0.011211
30 0.011218
30 0.011218
8 0.011225
14 0.011230
9 0.011241
31 0.011264
8 0.011275
34 0.011283
9 0.011291
14 0.011295
14 0.011297
8 0.011321
9 0.011353
9 0.011366
31 0.011390
9 0.011393
9 0.011405
30 0.011409
9 0.011421
7 0.011429
9 0.011486
9 0.011492
9 0.011494
8 0.011511
9 0.011547
31 0.011555
8 0.011590
31 0.011597
31 0.011600
9 0.011609
9 0.011625
14 0.011715
9 0.011778
9 0.011781
9 0.011782
9 0.011828
9 0.011837
9 0.011854
31 0.011855
31 0.011879
9 0.011896
9 0.011909
8 0.011911
9 0.011912
7 0.011914
9 0.011991
9 0.012016
9 0.012048
9 0.012053
9 0.012067
8 0.012109
9 0.012118
31 0.012137
9 0.012151
9 0.012158
13 0.012160
14 0.012165
31 0.012186
9 0.012194
9 0.012208
30 0.012242
7 0.012249
13 0.012258
13 0.012275
9 0.012289
9 0.012298
8 0.012311
9 0.012318
13 0.012318
31 0.012339
8 0.012340
9 0.012349
9 0.012354
13 0.012356
9 0.012366
9 0.012374
9 0.012378
14 0.012391
14 0.012390
14 0.012391
8 0.012397
9 0.012422
31 0.012424
9 0.012427
9 0.012437
9 0.012441
31 0.012455
13 0.012454
8 0.012456
9 0.012491
8 0.012519
7 0.012570
9 0.012610
9 0.012619
13 0.012626
8 0.012629
7 0.012663
8 0.012663
8 0.012674
13 0.012693
32 0.012698
8 0.012705
9 0.012709
13 0.012757
8 0.012766
32 0.012787
13 0.012798
13 0.012798
13 0.012803
9 0.012808
7 0.012814
9 0.012820
8 0.012869
9 0.012874
9 0.012888
8 0.012981
8 0.013011
8 0.013076
8 0.013106
8 0.013124
12 0.013139
8 0.013173
31 0.013191
9 0.013208
9 0.013291
8 0.013317
31 0.013321
8 0.013342
8 0.013366
8 0.013385
8 0.013420
8 0.013436
8 0.013443
13 0.013443
32 0.013461
13 0.013476
8 0.013485
8 0.013538
8 0.013590
31 0.013607
8 0.013636
12 0.013650
7 0.013651
8 0.013678
8 0.013690
8 0.013743
39 0.013779
8 0.013852
11 0.013936
11 0.014036
30 0.014077
7 0.014083
11 0.014103
11 0.014123
8 0.014129
31 0.014313
10 0.014363
40 0.014400
10 0.014437
11 0.014462
7 0.014497
11 0.014501
30 0.014550
11 0.014602
11 0.014664
11 0.014696
7 0.014946
10 0.014962
10 0.014974
10 0.015020
10 0.015054
10 0.015158
7 0.015174
10 0.015218
10 0.015268
11 0.015272
11 0.015282
10 0.015324
9 0.015525
31 0.015534
10 0.015551
10 0.015626
10 0.015649
10 0.015762
10 0.015771
9 0.015864
10 0.015905
10 0.015922
10 0.016007
11 0.016019
9 0.016037
10 0.016074
10 0.016144
10 0.016270
9 0.016292
9 0.016303
30 0.016317
10 0.016337
9 0.016344
9 0.016399
9 0.016414
9 0.016436
9 0.016445
10 0.016511
9 0.016620
10 0.016683
8 0.016783
9 0.016815
9 0.016868
9 0.017068
9 0.017171
9 0.017186
9 0.017208
9 0.017309
9 0.017402
9 0.017435
8 0.017466
9 0.017489
9 0.017643
32 0.017665
9 0.017668
9 0.017675
9 0.017801
8 0.017863
8 0.017895
14 0.018009
14 0.018181
8 0.018217
14 0.018396
14 0.018396
8 0.018405
14 0.018448
8 0.018562
30 0.018597
8 0.018638
8 0.018961
8 0.019024
31 0.019048
8 0.019177
8 0.019228
6 0.019623
6 0.019716
8 0.019837
6 0.019882
7 0.019883
6 0.019984
6 0.020079
6 0.020173
13 0.020402
13 0.020406
13 0.020414
7 0.020442
6 0.020461
6 0.020570
11 0.020718
7 0.020743
6 0.020757
6 0.020774
7 0.020777
6 0.020869
7 0.021057
9 0.021217
6 0.021302
7 0.021306
13 0.021340
6 0.021376
7 0.021392
9 0.021398
6 0.021420
9 0.021426
6 0.021441
7 0.021452
6 0.021489
6 0.021494
6 0.021560
6 0.021560
7 0.021564
6 0.021618
7 0.021693
6 0.021740
7 0.021743
7 0.021784
6 0.021789
7 0.021805
6 0.021824
41 0.021849
7 0.021867
6 0.021896
6 0.021906
7 0.021906
6 0.021913
7 0.021916
6 0.021939
6 0.021948
11 0.021952
6 0.021985
7 0.022014
6 0.022020
7 0.022038
10 0.022052
7 0.022063
6 0.022064
7 0.022073
9 0.022113
6 0.022132
10 0.022137
7 0.022195
7 0.022204
6 0.022259
7 0.022268
11 0.022313
8 0.022328
9 0.022346
7 0.022356
7 0.022388
41 0.022412
7 0.022434
6 0.022449
7 0.022616
11 0.022640
6 0.022647
9 0.022675
10 0.022744
7 0.022758
6 0.022780
6 0.022837
13 0.022838
10 0.022902
6 0.022927
7 0.022954
9 0.022960
6 0.022969
6 0.022973
7 0.022981
7 0.022992
7 0.023027
41 0.023032
6 0.023035
6 0.023044
6 0.023063
9 0.023071
6 0.023085
10 0.023111
10 0.023152
6 0.023173
9 0.023175
10 0.023176
7 0.023184
9 0.023199
8 0.023204
9 0.023206
6 0.023224
7 0.023256
10 0.023273
6 0.023312
7 0.023345
7 0.023351
11 0.023368
11 0.023379
10 0.023396
6 0.023410
9 0.023423
8 0.023431
13 0.023441
6 0.023449
7 0.023472
10 0.023475
7 0.023496
7 0.023501
7 0.023549
8 0.023551
11 0.023562
7 0.023570
7 0.023569
11 0.023581
12 0.023585
9 0.023584
6 0.023590
10 0.023649
7 0.023702
10 0.023703
8 0.023721
9 0.023756
13 0.023768
6 0.023771
11 0.023777
9 0.023785
9 0.023785
10 0.023790
10 0.023808
10 0.023847
9 0.023859
13 0.023874
10 0.023901
11 0.023912
6 0.023919
11 0.023925
6 0.023941
7 0.023950
11 0.023977
9 0.023989
9 0.023995
10 0.023999
6 0.024034
10 0.024037
9 0.024095
6 0.024105
11 0.024122
14 0.024161
6 0.024184
6 0.024197
10 0.024197
9 0.024221
6 0.024225
10 0.024226
11 0.024239
9 0.024282
8 0.024301
10 0.024309
6 0.024349
6 0.024377
13 0.024398
10 0.024496
6 0.024515
8 0.024528
10 0.024561
11 0.024582
9 0.024650
6 0.024672
9 0.024671
10 0.024691
8 0.024697
9 0.024731
10 0.024744
6 0.024806
11 0.024813
10 0.024828
9 0.024840
13 0.024931
10 0.024967
9 0.024977
9 0.024990
12 0.025011
9 0.025091
8 0.025108
11 0.025125
11 0.025135
9 0.025140
10 0.025153
11 0.025172
9 0.025207
6 0.025229
9 0.025242
9 0.025264
12 0.025282
9 0.025292
8 0.025346
10 0.025373
6 0.025378
10 0.025420
10 0.025447
9 0.025470
10 0.025482
10 0.025515
10 0.025538
6 0.025542
11 0.025601
11 0.025675
10 0.025698
9 0.025720
11 0.025741
9 0.025751
8 0.025758
10 0.025785
14 0.025799
11 0.025842
9 0.025956
9 0.025967
10 0.025990
14 0.026050
10 0.026079
9 0.026079
13 0.026091
14 0.026154
10 0.026155
9 0.026210
9 0.026242
9 0.026289
14 0.026404
14 0.026411
6 0.026415
10 0.026440
10 0.026451
7 0.026510
10 0.026517
10 0.026565
9 0.026586
11 0.026636
10 0.026711
10 0.026790
10 0.026840
9 0.026878
10 0.026877
8 0.026929
8 0.026935
41 0.026978
9 0.027026
10 0.027041
11 0.027050
10 0.027070
10 0.027093
6 0.027109
9 0.027157
9 0.027252
6 0.027351
6 0.027390
10 0.027473
9 0.027488
11 0.027531
11 0.027557
6 0.027585
9 0.027603
6 0.027621
6 0.027652
9 0.027698
11 0.027710
10 0.027718
9 0.027735
10 0.027759
9 0.027792
9 0.027801
7 0.027846
10 0.027847
42 0.027903
8 0.027948
9 0.028014
10 0.028024
10 0.028029
10 0.028048
6 0.028134
9 0.028273
11 0.028272
8 0.028317
9 0.028318
6 0.028340
42 0.028407
9 0.028535
10 0.028554
10 0.028592
6 0.028630
8 0.028667
10 0.028673
9 0.028730
10 0.028741
9 0.028754
11 0.028776
6 0.028828
8 0.028884
6 0.028889
6 0.028896
9 0.028914
10 0.028926
10 0.028948
9 0.029010
6 0.029044
6 0.029145
10 0.029159
6 0.029192
7 0.029264
10 0.029275
8 0.029294
14 0.029339
6 0.029362
6 0.029366
6 0.029414
10 0.029427
8 0.029453
14 0.029538
8 0.029591
6 0.029668
6 0.029668
6 0.029675
8 0.029679
8 0.029792
11 0.029825
11 0.029884
6 0.029897
10 0.029904
10 0.029911
10 0.029951
7 0.030049
10 0.030075
12 0.030117
6 0.030149
9 0.030194
10 0.030312
9 0.030315
6 0.030315
6 0.030388
6 0.030430
7 0.030515
6 0.030554
9 0.030563
9 0.030618
11 0.030664
8 0.030716
12 0.030720
10 0.030746
6 0.030774
7 0.030877
10 0.031077
7 0.031081
10 0.031126
7 0.031209
7 0.031272
7 0.031343
6 0.031395
10 0.031405
8 0.031438
9 0.031444
7 0.031466
6 0.031496
10 0.031517
7 0.031530
11 0.031546
8 0.031621
6 0.031668
7 0.031677
6 0.031731
6 0.031751
9 0.031770
10 0.031771
7 0.031780
6 0.031858
8 0.031882
7 0.031947
10 0.031962
6 0.031993
7 0.031994
6 0.032014
9 0.032041
7 0.032166
11 0.032216
8 0.032265
6 0.032300
7 0.032322
6 0.032323
8 0.032394
7 0.032464
8 0.032509
9 0.032520
11 0.032522
6 0.032533
6 0.032597
6 0.032595
10 0.032623
7 0.032626
29 0.032630
7 0.032662
13 0.032674
7 0.032727
7 0.032858
7 0.032861
6 0.032886
7 0.032884
6 0.032889
7 0.032930
12 0.032941
6 0.032983
7 0.032986
10 0.033107
7 0.033145
7 0.033151
7 0.033162
10 0.033172
6 0.033169
6 0.033258
7 0.033260
6 0.033267
7 0.033307
7 0.033365
7 0.033369
6 0.033408
7 0.033514
6 0.033547
7 0.033552
7 0.033574
7 0.033600
7 0.033652
7 0.033659
12 0.033664
12 0.033664
6 0.033745
12 0.033767
7 0.033795
12 0.033806
9 0.033827
7 0.033842
7 0.033850
6 0.033883
7 0.033890
7 0.033935
7 0.033967
13 0.034091
7 0.034096
11 0.034140
7 0.034149
7 0.034152
7 0.034210
7 0.034213
7 0.034271
10 0.034301
7 0.034366
7 0.034400
12 0.034409
10 0.034457
6 0.034548
6 0.034610
7 0.034622
7 0.034665
15 0.034732
10 0.034768
6 0.034813
11 0.034909
15 0.034911
7 0.034922
6 0.034922
6 0.034937
10 0.034942
7 0.035114
6 0.035130
7 0.035194
12 0.035203
6 0.035254
12 0.035274
13 0.035287
13 0.035300
7 0.035323
15 0.035341
10 0.035348
7 0.035349
7 0.035378
7 0.035395
15 0.035410
7 0.035448
12 0.035460
15 0.035490
15 0.035508
7 0.035513
11 0.035673
7 0.035718
7 0.035782
15 0.035950
13 0.035964
7 0.036000
7 0.036063
13 0.036289
7 0.036308
9 0.036377
7 0.036467
7 0.036566
15 0.036569
15 0.036596
7 0.036673
7 0.036737
7 0.036753
10 0.036887
7 0.037006
7 0.037035
12 0.037125
11 0.037199
7 0.037270
7 0.037345
14 0.037365
6 0.037446
13 0.037524
11 0.037546
7 0.037571
7 0.037634
7 0.037651
6 0.037688
11 0.037691
7 0.037722
7 0.037733
6 0.037754
7 0.037793
6 0.037812
7 0.037837
7 0.037868
15 0.037912
15 0.037998
10 0.038007
7 0.038100
7 0.038100
12 0.038113
11 0.038128
6 0.038402
7 0.038422
7 0.038425
9 0.038469
7 0.038494
7 0.038530
10 0.038582
7 0.038644
7 0.038668
7 0.038758
28 0.038770
28 0.038990
13 0.038993
15 0.039082
13 0.039155
7 0.039236
7 0.039255
13 0.039540
6 0.039626
6 0.039662
7 0.039673
7 0.039702
27 0.039760
15 0.039742
11 0.039941
10 0.040050
7 0.040154
10 0.040342
7 0.040361
7 0.040397
13 0.040438
9 0.040632
10 0.040648
7 0.040739
7 0.040752
15 0.040892
10 0.040907
7 0.040980
7 0.041099
7 0.041234
7 0.041262
7 0.041268
12 0.041476
12 0.041546
7 0.041550
15 0.041600
13 0.041600
7 0.041606
7 0.041618
7 0.041680
10 0.041686
15 0.041739
7 0.041783
7 0.041823
15 0.042029
15 0.042159
7 0.042223
7 0.042246
7 0.042326
7 0.042348
14 0.042358
7 0.042360
7 0.042363
7 0.042368
9 0.042380
7 0.042385
15 0.042419
7 0.042694
7 0.042761
8 0.042768
11 0.042779
9 0.042896
7 0.042987
7 0.043196
11 0.043243
7 0.043416
7 0.043437
7 0.043475
7 0.043483
7 0.043488
9 0.043568
7 0.043586
7 0.043639
7 0.043679
7 0.043805
7 0.043898
7 0.044147
9 0.044339
7 0.044409
6 0.044428
10 0.044456
13 0.044545
7 0.044625
7 0.044679
29 0.044690
7 0.044798
7 0.044841
6 0.044876
9 0.044896
7 0.045032
7 0.045074
7 0.045092
13 0.045158
12 0.045263
6 0.045280
13 0.045309
7 0.045585
7 0.045722
6 0.045796
27 0.045865
7 0.046267
7 0.046310
7 0.046355
7 0.046620
7 0.046629
6 0.046853
7 0.046971
28 0.047005
7 0.047017
9 0.047048
13 0.047048
7 0.047072
10 0.047395
13 0.047462
8 0.047492
9 0.047520
7 0.047618
13 0.048082
7 0.048292
7 0.048317
7 0.048409
6 0.048455
7 0.048458
6 0.048551
7 0.048805
7 0.048923
7 0.048973
30 0.049010
6 0.049068
6 0.049077
6 0.049132
7 0.049222
7 0.049273
7 0.049701
7 0.049810
28 0.049820
7 0.049829
7 0.049840
7 0.049862
6 0.050195
7 0.050385
12 0.050558
9 0.050646
7 0.050702
7 0.050763
7 0.050774
12 0.050880
12 0.051080
7 0.051326
7 0.051340
7 0.051552
13 0.051893
7 0.052544
29 0.053030
6 0.053381
26 0.053490
7 0.053799
6 0.054128
7 0.054137
7 0.054352
7 0.054418
7 0.054545
12 0.054608
7 0.054743
6 0.054823
7 0.054834
7 0.054847
7 0.054954
41 0.055100
7 0.055192
7 0.055351
7 0.055413
7 0.055458
7 0.055465
7 0.055522
7 0.055574
7 0.055705
7 0.055957
7 0.056016
7 0.056122
6 0.056532
6 0.056662
27 0.056990
9 0.057727
31 0.057775
7 0.057880
6 0.058061
7 0.058372
7 0.058715
12 0.059058
7 0.059065
7 0.059593
7 0.059702
7 0.059960
7 0.060032
31 0.060990
7 0.061500
7 0.061732
7 0.061757
29 0.061825
7 0.062032
7 0.062202
7 0.062219
7 0.062407
28 0.063705
7 0.063892
41 0.063900
41 0.064025
7 0.064239
28 0.064300
41 0.064400
7 0.064542
7 0.064593
7 0.064749
7 0.064893
41 0.065300
7 0.065304
7 0.065517
7 0.066048
7 0.066619
7 0.067442
7 0.067495
7 0.067771
7 0.068259
7 0.068475
7 0.069317
7 0.069503
7 0.069517
7 0.071475
7 0.072468
7 0.073061
7 0.074457
6 0.075052
7 0.075559
6 0.075740
6 0.076101
7 0.076600
7 0.076685
6 0.076759
7 0.077715
6 0.077866
7 0.077895
6 0.078042
6 0.078291
6 0.078469
6 0.079066
7 0.079228
7 0.079562
41 0.079675
6 0.080422
7 0.080657
7 0.081256
7 0.081902
7 0.082483
7 0.082655
7 0.083743
7 0.083945
6 0.083966
7 0.084420
7 0.084828
7 0.084969
7 0.085039
7 0.085653
4 0.085775
4 0.085972
7 0.085996
7 0.086027
4 0.086363
7 0.086377
4 0.086524
4 0.086553
7 0.086597
7 0.086702
4 0.086792
7 0.087213
7 0.087449
7 0.087607
7 0.087638
7 0.087640
7 0.087706
7 0.087782
4 0.087843
7 0.087933
7 0.087982
7 0.088024
7 0.088027
7 0.088056
7 0.088196
7 0.088208
7 0.088347
4 0.088419
4 0.088482
7 0.088499
7 0.088543
4 0.088605
7 0.088654
7 0.088737
7 0.088793
4 0.089174
7 0.089260
7 0.089271
7 0.089380
4 0.089480
4 0.089541
7 0.089803
7 0.089956
7 0.090140
7 0.090854
7 0.090941
7 0.091446
7 0.091451
7 0.091610
7 0.091751
7 0.092192
7 0.092295
7 0.092356
7 0.092948
7 0.093216
6 0.093313
7 0.093317
6 0.094442
6 0.094568
6 0.095036
6 0.095081
7 0.095268
7 0.095458
7 0.095932
7 0.096404
7 0.096844
7 0.096898
6 0.097291
7 0.097899
7 0.098446
6 0.099580
7 0.100002
7 0.100124
6 0.101120
7 0.101921
7 0.101926
6 0.101975
6 0.101976
7 0.103790
6 0.103864
6 0.104718
41 0.108200
7 0.111904
7 0.116551
3 0.116607
3 0.116933
3 0.117367
6 0.118213
7 0.118332
7 0.118995
3 0.120960
6 0.121537
7 0.121548
7 0.121813
3 0.122546
6 0.122708
3 0.123034
3 0.123463
3 0.123610
3 0.125493
7 0.125519
41 0.125800
3 0.125852
3 0.126221
3 0.126374
6 0.126401
6 0.126402
6 0.126850
3 0.127437
3 0.127494
3 0.127640
3 0.127740
3 0.127758
3 0.127806
3 0.127840
3 0.128190
3 0.128360
3 0.128642
3 0.128807
3 0.128825
3 0.129049
7 0.129622
3 0.129982
7 0.130492
3 0.130558
7 0.131334
6 0.132034
7 0.133632
7 0.133849
7 0.134116
7 0.136790
7 0.142141
7 0.142228
7 0.142776
3 0.143737
3 0.145238
7 0.146759
7 0.147650
6 0.147917
7 0.149742
41 0.150100
3 0.153486
7 0.155044
7 0.159057
6 0.159545
7 0.164016
6 0.166122
6 0.167399
6 0.169629
6 0.171807
6 0.173173
3 0.175122
3 0.176057
6 0.178589
3 0.180760
4 0.181950
6 0.182078
4 0.182159
7 0.183472
4 0.185069
3 0.185473
4 0.187788
4 0.192626
4 0.192924
41 0.194600
7 0.194658
4 0.194944
7 0.196018
7 0.196373
7 0.196947
4 0.197106
7 0.197981
4 0.199141
7 0.199191
6 0.200312
6 0.200316
4 0.201157
2 0.201576
7 0.201753
2 0.202095
4 0.202443
7 0.203423
2 0.203909
2 0.204664
7 0.205603
4 0.205630
4 0.206104
7 0.207963
2 0.208234
2 0.209018
4 0.209256
2 0.209317
2 0.209378
2 0.210151
2 0.210496
2 0.210869
4 0.211445
7 0.211468
4 0.214100
7 0.215150
7 0.215172
3 0.216587
3 0.217125
3 0.217314
7 0.217613
7 0.217982
3 0.218005
3 0.218505
6 0.219362
7 0.220155
7 0.220555
3 0.221171
3 0.222388
7 0.224925
3 0.225388
2 0.227039
3 0.227041
6 0.227364
7 0.227413
3 0.227617
3 0.227634
28 0.228605
6 0.229377
3 0.229568
2 0.230496
3 0.230497
2 0.230768
1 0.232665
3 0.232746
1 0.233118
3 0.233165
2 0.233284
1 0.234119
2 0.234231
27 0.235125
1 0.235333
1 0.235594
2 0.235614
3 0.236048
1 0.236509
2 0.236681
1 0.237299
1 0.238114
1 0.238425
3 0.238769
2 0.238993
2 0.240434
3 0.240434
2 0.240539
1 0.240659
1 0.240912
3 0.241344
2 0.241357
2 0.241374
1 0.241606
2 0.241869
2 0.241975
2 0.242092
3 0.242292
2 0.242474
1 0.243117
2 0.243670
2 0.244102
2 0.246255
2 0.246743
2 0.246772
2 0.246953
2 0.247079
1 0.247272
2 0.247832
1 0.248256
2 0.248332
2 0.248550
1 0.248606
2 0.249699
2 0.249903
2 0.250119
2 0.250359
3 0.250695
2 0.251256
2 0.251584
2 0.252790
2 0.253110
2 0.253307
2 0.253922
2 0.254020
1 0.254121
2 0.254343
2 0.254437
1 0.254898
1 0.255162
2 0.255619
2 0.255752
2 0.255965
2 0.256285
2 0.256511
2 0.256703
1 0.256782
2 0.257222
1 0.257311
2 0.257519
2 0.257733
2 0.257913
1 0.258293
2 0.258672
2 0.258955
2 0.259255
2 0.259448
1 0.259618
3 0.259791
2 0.259816
2 0.260358
2 0.260586
2 0.260671
1 0.260815
1 0.261198
1 0.261386
1 0.261617
1 0.261756
2 0.262012
1 0.262185
1 0.262833
1 0.262952
1 0.262974
1 0.263063
1 0.263228
2 0.263746
1 0.263909
2 0.263955
1 0.264178
2 0.264514
1 0.264515
2 0.264728
1 0.265025
2 0.265414
1 0.265582
1 0.265890
2 0.266137
1 0.266589
2 0.267262
2 0.267363
2 0.267406
1 0.268065
2 0.268216
2 0.268403
2 0.268494
1 0.268496
24 0.268715
2 0.268879
2 0.269341
2 0.269602
2 0.269763
2 0.270021
1 0.270183
2 0.270222
2 0.270267
2 0.270573
1 0.270691
2 0.271099
1 0.271154
2 0.271229
2 0.271315
2 0.271431
2 0.271816
1 0.272522
1 0.272596
2 0.272778
1 0.272952
2 0.273049
2 0.273101
2 0.273369
1 0.273420
2 0.273777
2 0.273869
2 0.273941
2 0.274213
2 0.274243
1 0.274388
1 0.274452
1 0.274619
2 0.274711
1 0.275228
3 0.275687
2 0.275688
1 0.275707
2 0.275945
2 0.276135
1 0.276235
1 0.276384
2 0.276444
1 0.276708
2 0.277058
2 0.277460
2 0.277521
2 0.277622
1 0.277856
2 0.277868
2 0.278086
2 0.278581
1 0.278865
2 0.279236
1 0.279378
1 0.279875
1 0.280230
3 0.280857
2 0.280859
2 0.281341
2 0.281550
2 0.281698
2 0.281827
2 0.282286
1 0.282651
1 0.282737
1 0.282758
2 0.282857
2 0.283227
2 0.283290
2 0.283522
2 0.283616
29 0.284195
2 0.284299
2 0.284457
1 0.284523
2 0.284907
1 0.285022
2 0.285407
2 0.285684
2 0.286404
2 0.286465
1 0.286515
1 0.286550
2 0.286646
2 0.286753
2 0.286895
2 0.286916
2 0.287235
2 0.287372
1 0.287738
2 0.287989
1 0.288745
2 0.288900
2 0.289184
2 0.289213
2 0.289366
2 0.289530
2 0.289848
2 0.290165
2 0.290392
1 0.290612
1 0.290691
2 0.290797
2 0.290997
2 0.291277
1 0.291437
2 0.291466
1 0.291623
2 0.291968
1 0.291969
2 0.292425
2 0.292518
2 0.292840
2 0.293092
1 0.293125
2 0.293136
2 0.293163
2 0.293516
2 0.293606
1 0.293736
1 0.293852
2 0.293916
2 0.294096
2 0.294208
1 0.294507
2 0.294568
1 0.294629
1 0.294652
2 0.294681
1 0.294687
1 0.294728
2 0.294755
2 0.294814
3 0.294818
1 0.295231
2 0.295670
2 0.295692
2 0.295776
1 0.296034
2 0.296110
1 0.296376
2 0.296466
2 0.296583
2 0.296614
2 0.297278
2 0.297348
1 0.297383
2 0.297627
1 0.297814
1 0.297915
1 0.298239
1 0.298391
3 0.298481
1 0.298879
1 0.298910
1 0.298955
1 0.299067
2 0.299371
2 0.299439
1 0.300111
1 0.300131
1 0.300172
1 0.300231
1 0.300309
2 0.300534
1 0.300859
1 0.301427
1 0.301464
1 0.301766
1 0.302588
2 0.302865
1 0.303719
1 0.304259
1 0.304769
1 0.304820
1 0.305621
1 0.305845
2 0.306167
1 0.306248
1 0.306517
1 0.306593
2 0.306593
1 0.306889
1 0.307040
1 0.307085
1 0.307179
1 0.307526
2 0.307855
1 0.308077
1 0.308130
1 0.308205
1 0.308652
2 0.308852
1 0.309002
1 0.309061
2 0.309297
1 0.309556
1 0.310083
1 0.310178
1 0.310224
1 0.310724
1 0.311302
1 0.311844
2 0.312291
6 0.312334
6 0.312334
1 0.312394
1 0.312594
1 0.313350
6 0.313421
1 0.313681
1 0.313766
2 0.313963
1 0.314366
1 0.314826
2 0.315373
1 0.315610
2 0.315655
1 0.315907
1 0.316545
1 0.317127
1 0.317230
2 0.317295
2 0.317366
1 0.317651
1 0.318070
1 0.318395
1 0.318549
1 0.318602
1 0.318663
2 0.318851
1 0.318902
1 0.318933
1 0.319371
1 0.319489
1 0.319580
1 0.319688
1 0.319810
1 0.319977
1 0.320182
2 0.320243
1 0.320615
1 0.320636
1 0.320681
1 0.320976
1 0.321190
1 0.321537
1 0.321600
1 0.321771
1 0.322267
1 0.322915
1 0.323072
1 0.323407
1 0.323801
2 0.324165
1 0.324541
1 0.324855
1 0.325087
1 0.325259
3 0.325564
1 0.325715
1 0.325766
1 0.326010
1 0.326357
1 0.326534
1 0.326608
1 0.326710
1 0.327184
3 0.327263
1 0.327701
1 0.328597
1 0.328631
1 0.328833
1 0.328997
1 0.329177
2 0.329326
6 0.329392
6 0.329422
1 0.330651
1 0.330686
1 0.330807
1 0.331328
2 0.331457
2 0.332186
6 0.332470
1 0.332491
1 0.332609
1 0.332663
1 0.332826
1 0.333752
1 0.334113
6 0.334418
1 0.334571
2 0.334736
1 0.334779
1 0.334798
1 0.335909
1 0.336234
1 0.336475
1 0.336484
1 0.337478
1 0.337619
1 0.337662
1 0.337916
1 0.337943
1 0.338094
1 0.338345
1 0.338559
1 0.338684
6 0.338793
1 0.339076
1 0.339314
1 0.339462
2 0.339633
1 0.340532
1 0.340692
6 0.340959
1 0.341435
1 0.341625
1 0.341659
1 0.341712
1 0.341950
1 0.342067
1 0.342102
1 0.342329
1 0.342611
1 0.342888
1 0.343577
1 0.343643
1 0.343821
1 0.343986
1 0.344243
1 0.344286
1 0.344365
1 0.344425
1 0.344602
1 0.344625
1 0.344679
2 0.344707
1 0.344811
1 0.344828
1 0.345006
1 0.345084
1 0.345274
1 0.345359
1 0.345714
1 0.345738
1 0.346121
1 0.346177
1 0.346683
1 0.346718
1 0.346782
1 0.346884
1 0.347021
1 0.347062
1 0.347191
1 0.347602
6 0.347760
1 0.348042
1 0.348467
1 0.348483
6 0.348579
1 0.348693
1 0.349043
1 0.350541
1 0.350632
1 0.350912
1 0.351177
1 0.351856
1 0.351922
1 0.352239
1 0.352242
1 0.352566
1 0.352599
1 0.353829
1 0.353993
1 0.354158
1 0.354318
1 0.355372
23 0.355415
1 0.355666
1 0.355912
1 0.356416
1 0.356477
1 0.356707
1 0.356776
1 0.357167
1 0.357490
1 0.358156
1 0.358291
1 0.358527
1 0.358659
1 0.358997
1 0.359176
1 0.359658
1 0.359991
1 0.360176
1 0.360291
1 0.360397
1 0.360510
1 0.360940
1 0.361164
1 0.361302
1 0.361619
1 0.362426
1 0.362549
1 0.362565
1 0.362721
2 0.363618
1 0.363647
1 0.363924
1 0.363925
1 0.364166
1 0.364888
1 0.364974
1 0.365562
1 0.365839
1 0.365917
1 0.366040
1 0.366196
1 0.366319
1 0.366403
1 0.366431
1 0.366585
1 0.366592
1 0.366776
1 0.367039
1 0.367386
1 0.367387
1 0.367728
1 0.368165
1 0.368277
1 0.368406
2 0.368527
1 0.368901
2 0.368936
1 0.369002
1 0.369164
2 0.369369
1 0.369599
1 0.369709
1 0.369912
1 0.370308
16 0.370910
1 0.370961
1 0.371671
1 0.371954
1 0.372131
1 0.372661
1 0.372875
1 0.372936
1 0.372956
1 0.373377
1 0.373408
1 0.373447
6 0.373639
1 0.373668
1 0.374334
2 0.374543
1 0.374826
1 0.374955
1 0.375617
1 0.375623
1 0.375959
1 0.376067
1 0.376195
1 0.376980
1 0.377106
1 0.377152
1 0.377879
1 0.378084
1 0.378266
1 0.378933
1 0.379551
1 0.379838
1 0.379933
1 0.380292
1 0.380707
1 0.382086
1 0.382587
1 0.382779
1 0.382824
1 0.382996
1 0.383190
1 0.383216
1 0.383320
1 0.383484
1 0.383573
1 0.384727
1 0.384834
1 0.384939
1 0.385308
41 0.385800
1 0.386521
1 0.386779
1 0.386877
1 0.387018
1 0.387525
1 0.388792
1 0.390288
1 0.390407
1 0.391065
1 0.391305
1 0.391654
1 0.391754
1 0.392066
2 0.394260
1 0.394416
1 0.395660
1 0.397488
1 0.397903
1 0.398133
1 0.399298
1 0.401126
1 0.402215
1 0.405232
1 0.405716
6 0.406319
1 0.406323
1 0.407103
1 0.407734
1 0.408259
1 0.408553
1 0.410331
1 0.410863
1 0.412126
17 0.412435
1 0.413309
1 0.414472
1 0.415011
1 0.415645
1 0.415857
1 0.415907
1 0.417945
1 0.418700
1 0.418950
1 0.419574
6 0.423321
1 0.423378
1 0.424202
1 0.424722
1 0.425308
1 0.425615
1 0.427048
6 0.427418
1 0.427811
1 0.427844
1 0.428985
1 0.429334
1 0.429442
1 0.429509
1 0.431913
41 0.432300
1 0.432702
1 0.432736
1 0.432796
1 0.434196
1 0.435156
1 0.437027
1 0.438287
1 0.438364
1 0.441118
1 0.441281
1 0.442486
1 0.443620
1 0.444345
1 0.444767
1 0.445099
1 0.445861
1 0.447582
1 0.449254
1 0.449291
1 0.450616
1 0.451342
1 0.451840
1 0.452561
1 0.453067
1 0.453807
1 0.455939
1 0.457778
1 0.459645
1 0.459952
1 0.461117
1 0.462267
1 0.462553
1 0.462777
1 0.462878
1 0.463438
1 0.465036
1 0.465354
1 0.466407
1 0.467321
1 0.468739
1 0.468953
1 0.470858
1 0.470954
1 0.471924
1 0.472018
1 0.472437
1 0.473046
1 0.473276
1 0.475172
1 0.475983
1 0.476152
1 0.476544
1 0.477768
1 0.479786
1 0.481239
1 0.482060
1 0.483186
1 0.485975
1 0.486936
1 0.495200
1 0.495892
1 0.498051
1 0.500130
1 0.501221
1 0.501600
1 0.501818
1 0.502125
1 0.503040
1 0.503218
1 0.503858
1 0.504032
6 0.504419
6 0.504498
1 0.504577
1 0.504793
1 0.504912
1 0.505641
1 0.505948
1 0.506129
1 0.506393
1 0.506605
1 0.508129
1 0.508144
1 0.508268
1 0.509239
1 0.509276
1 0.509358
1 0.509731
1 0.509807
1 0.509894
1 0.509945
1 0.511113
1 0.511640
1 0.511840
1 0.512526
1 0.514681
1 0.514882
1 0.516463
1 0.516920
1 0.517252
1 0.517269
1 0.517438
1 0.517562
1 0.519289
1 0.520162
1 0.520219
1 0.521189
1 0.521331
1 0.522085
1 0.523252
1 0.523382
1 0.523572
1 0.523966
1 0.524234
1 0.524427
1 0.524697
6 0.524891
6 0.524891
1 0.526050
1 0.526163
1 0.526260
1 0.526299
1 0.527042
1 0.527327
1 0.527775
6 0.527831
1 0.528112
1 0.528233
1 0.528531
1 0.529355
1 0.529493
1 0.529694
1 0.530774
1 0.531537
1 0.531652
1 0.532137
1 0.532595
1 0.532854
1 0.535384
1 0.535637
1 0.535700
1 0.535797
1 0.536205
1 0.536577
1 0.536860
1 0.537389
1 0.539019
1 0.539602
1 0.539888
1 0.540197
1 0.540729
1 0.540789
1 0.541889
1 0.542840
1 0.543719
1 0.543926
6 0.545031
1 0.545202
1 0.545798
1 0.546205
1 0.546709
1 0.547742
1 0.549181
1 0.549370
1 0.549533
1 0.550002
1 0.550307
1 0.550340
1 0.550507
1 0.550802
1 0.552157
1 0.552217
1 0.552806
1 0.552851
1 0.553459
1 0.554095
1 0.554466
1 0.554603
1 0.555782
1 0.555826
1 0.556560
1 0.557017
1 0.557103
1 0.557200
1 0.557674
1 0.559313
1 0.560432
1 0.561018
1 0.561079
1 0.561249
1 0.561463
1 0.562001
1 0.562094
1 0.563403
1 0.563642
1 0.565170
1 0.567520
1 0.567604
1 0.567947
1 0.568447
1 0.569072
1 0.570086
1 0.570730
1 0.571338
1 0.572433
1 0.573036
1 0.573104
1 0.573118
1 0.575300
1 0.577615
1 0.578096
1 0.578493
1 0.579346
1 0.579738
1 0.580207
1 0.580428
1 0.582681
1 0.583721
1 0.584161
1 0.585048
1 0.585135
1 0.585314
1 0.585989
1 0.586300
1 0.587096
1 0.587822
1 0.588996
1 0.589392
1 0.589501
1 0.589756
1 0.590041
1 0.590045
1 0.590311
1 0.592800
1 0.593052
1 0.598983
1 0.602716
1 0.602894
1 0.603233
6 0.603714
1 0.604950
1 0.605649
1 0.608126
1 0.608295
1 0.610356
1 0.613233
6 0.619019
1 0.619937
1 0.621961
1 0.626600
1 0.626761
1 0.629248
1 0.630349
1 0.632529
6 0.633790
1 0.635898
1 0.639088
1 0.639289
1 0.640284
1 0.641088
1 0.641416
1 0.642615
1 0.644812
1 0.647299
1 0.647578
1 0.649492
1 0.652164
1 0.661303
1 0.662096
1 0.662640
1 0.665222
1 0.666152
1 0.669232
1 0.673584
1 0.674794
1 0.674813
1 0.675583
1 0.676537
1 0.680176
1 0.680450
1 0.681391
1 0.682751
1 0.683075
1 0.683093
1 0.684077
1 0.685081
1 0.688818
1 0.689426
1 0.689991
1 0.690088
1 0.691011
1 0.691592
1 0.693601
1 0.694931
1 0.696256
1 0.698063
1 0.699087
1 0.700106
1 0.700353
1 0.703992
1 0.706216
1 0.706529
1 0.708317
1 0.711183
1 0.713605
1 0.715608
1 0.724450
1 0.724785
1 0.726962
1 0.730220
1 0.735051
1 0.736368
1 0.736644
1 0.739340
1 0.743615
1 0.744939
1 0.745490
1 0.748780
1 0.750654
1 0.757472
1 0.759725
1 0.760393
1 0.765887
1 0.768160
1 0.772289
1 0.783180
1 0.785661
1 0.792533
1 0.798880
1 0.824733
1 0.833073
1 0.839163
1 0.848572
End Spectral Lines:
